"FLday","X_pos","Y_pos","genotypeA","mapA","genotypeB","mapB","genotypeC","mapC","Mother","Father","loc1a","loc1b","loc2a","loc2b","loc3a","loc3b","loc4a","loc4b","loc5a","loc5b","neut1a","neut1b","neut2a","neut2b","neut3a","neut3b","neut4a","neut4b","neut5a","neut5b","neut6a","neut6b","neut7a","neut7b","neut8a","neut8b","neut9a","neut9b","neut10a","neut10b","neut11a","neut11b","neut12a","neut12b","neut13a","neut13b","neut14a","neut14b","neut15a","neut15b","neut16a","neut16b","neut17a","neut17b","neut18a","neut18b","neut19a","neut19b","neut20a","neut20b","neut21a","neut21b","neut22a","neut22b","neut23a","neut23b","neut24a","neut24b","neut25a","neut25b"
95,1,1,"AA",2,"bb",0,"CC",2,924,305,-1,-1,-1,-1,-1,-1,-1,1,-1,-1,"D","D","D","D","D","D","d","d","d","D","D","D","D","d","d","D","D","D","D","D","d","D","d","D","d","D","D","d","d","d","D","d","D","d","d","D","D","D","D","d","d","D","D","d","d","d","D","d","D",3.76637955589432
94,2,2,"AA",2,"bB",1,"CC",2,2003,2314,-1,-1,-1,1,-1,1,1,-1,-1,-1,"D","D","D","D","D","d","D","d","D","D","d","D","D","D","D","D","D","D","D","d","d","D","D","D","D","D","D","d","d","D","D","D","D","d","D","d","D","D","D","d","D","d","d","d","d","d","D","d","d",-1.4511595147186
100,3,3,"aA",1,"bB",1,"cc",0,1245,1130,-1,1,1,-1,-1,1,1,-1,-1,-1,"d","D","d","D","D","d","d","D","d","d","D","d","D","d","d","D","d","D","d","d","D","D","d","d","D","D","D","d","D","d","D","D","D","D","D","D","D","D","d","d","D","D","d","d","D","d","D","D","D",2.57100826541278
97,4,4,"aa",0,"Bb",1,"cC",1,438,1054,-1,-1,-1,-1,1,1,1,1,-1,-1,"d","d","D","D","D","D","d","d","d","D","D","d","D","d","D","d","D","D","D","D","D","d","d","D","d","D","D","d","d","D","D","D","D","D","d","d","D","D","d","D","d","D","d","d","d","D","d","D","d",-0.316034321439342
100,5,5,"aA",1,"bB",1,"cC",1,188,2033,-1,-1,1,1,1,1,1,1,-1,-1,"d","d","d","D","D","d","d","D","d","D","d","D","d","D","d","d","D","D","D","D","d","d","d","d","D","D","D","d","d","D","D","D","D","D","d","D","D","D","d","d","d","d","d","d","D","d","d","d","d",-1.5206615052433
103,6,6,"AA",2,"Bb",1,"Cc",1,2314,2479,-1,-1,1,1,1,1,1,1,-1,-1,"d","D","D","D","D","D","d","d","d","D","D","d","D","D","d","D","D","d","D","d","D","D","d","D","d","D","D","d","d","D","d","D","D","D","D","D","D","d","D","D","d","d","d","d","d","d","D","d","d",1.63019136990047
95,7,7,"aA",1,"bb",0,"cC",1,984,1172,-1,-1,-1,-1,1,1,-1,1,-1,-1,"d","D","D","D","D","D","D","d","d","D","D","d","D","d","d","d","D","D","D","D","d","d","d","D","D","D","D","d","d","d","D","d","D","D","D","D","D","D","D","D","D","D","d","d","D","D","d","D","d",-0.633781046318058
100,8,8,"aa",0,"Bb",1,"CC",2,1950,1678,-1,-1,-1,-1,1,1,1,1,-1,-1,"D","D","D","D","D","D","d","d","d","D","D","D","d","D","D","D","d","D","D","D","D","D","D","D","D","d","D","d","d","D","D","D","D","d","D","D","D","d","D","D","d","d","D","d","d","D","d","d","d",2.90969555818148
99,9,9,"Aa",1,"bB",1,"CC",2,2426,2152,-1,-1,1,1,1,-1,-1,1,-1,-1,"d","D","d","D","D","D","D","d","d","D","d","D","D","d","D","D","d","D","D","d","D","D","d","D","D","D","D","d","d","d","D","D","d","D","D","d","d","d","D","d","d","D","d","d","d","D","D","d","d",1.28237540709529
93,10,10,"AA",2,"bB",1,"cC",1,511,916,-1,-1,-1,1,-1,-1,-1,-1,-1,1,"d","D","D","d","d","d","d","d","D","d","D","D","d","d","D","d","d","D","D","d","d","D","D","D","d","D","D","d","d","D","D","D","D","D","D","D","D","d","D","D","d","d","d","D","D","d","d","d","D",-0.530452469237328
97,11,11,"aa",0,"bb",0,"cc",0,170,965,-1,-1,1,-1,1,-1,1,1,-1,-1,"D","D","d","D","D","d","D","d","d","d","D","D","D","d","d","d","D","D","D","D","D","D","d","d","D","D","D","d","d","d","d","d","D","D","D","D","D","d","D","D","D","D","d","d","D","D","D","d","D",-0.358188914067495
96,12,12,"Aa",1,"Bb",1,"CC",2,30,845,-1,-1,-1,1,-1,1,-1,-1,-1,-1,"D","D","d","D","D","D","d","D","d","D","D","D","D","D","d","D","D","D","D","D","d","D","D","D","D","D","D","d","d","d","D","D","D","D","d","D","D","d","d","d","D","d","d","d","D","d","d","d","d",2.30825553530908
100,13,13,"aa",0,"BB",2,"CC",2,2399,2251,-1,1,-1,1,1,1,1,-1,-1,-1,"D","D","D","D","D","d","d","d","d","D","d","D","d","d","d","d","D","D","D","D","D","D","d","D","D","D","D","d","d","D","d","d","D","d","d","D","D","d","d","d","d","d","d","D","D","D","D","d","d",0.78067388425856
94,14,14,"AA",2,"bb",0,"CC",2,1317,81,1,-1,-1,-1,-1,-1,-1,-1,-1,-1,"D","D","d","D","D","D","d","d","d","d","d","D","d","d","d","D","d","D","D","D","D","D","D","D","d","D","D","d","d","D","d","D","D","d","D","D","D","d","d","d","D","D","d","d","d","d","d","d","d",2.27777547641631
102,15,15,"Aa",1,"bb",0,"CC",2,1742,2284,-1,1,1,-1,-1,1,1,1,-1,-1,"D","d","D","D","D","d","d","d","d","d","D","D","d","d","d","D","D","D","D","d","d","d","D","D","D","D","D","d","d","d","D","d","D","d","d","d","D","D","D","D","D","d","d","d","d","d","D","d","d",2.09325360685846
100,16,16,"aa",0,"Bb",1,"cC",1,1287,1510,-1,-1,1,1,1,-1,1,1,-1,-1,"d","D","d","d","D","d","D","D","d","D","D","D","D","D","d","d","d","D","d","D","D","d","d","D","D","D","D","d","d","D","D","d","D","d","D","d","D","D","D","D","d","d","d","d","d","d","d","D","d",0.105468563341846
94,17,17,"Aa",1,"Bb",1,"CC",2,1174,2006,-1,-1,1,1,-1,-1,1,-1,-1,-1,"D","D","D","D","D","d","d","d","D","d","d","d","D","d","d","d","d","D","d","D","D","D","D","D","D","D","D","d","D","D","d","d","D","D","D","D","D","d","D","d","D","d","d","d","d","d","D","d","D",-1.86733443148461
102,18,18,"AA",2,"BB",2,"CC",2,702,1945,-1,1,1,1,1,1,1,1,-1,-1,"D","D","D","D","D","D","d","d","d","D","D","D","D","d","D","d","d","D","d","d","D","D","D","D","D","D","D","d","d","D","d","D","d","D","D","D","D","d","d","D","d","d","d","d","d","D","D","d","d",-1.2742261482509
95,19,19,"Aa",1,"bB",1,"cC",1,728,559,-1,-1,1,-1,1,-1,-1,1,-1,-1,"D","D","d","D","D","d","d","d","D","D","D","d","D","D","d","d","D","D","D","d","d","D","d","D","D","D","D","d","d","d","d","d","d","D","D","d","D","D","D","d","D","D","d","d","d","D","d","D","d",-0.850864193958147
99,20,20,"aA",1,"Bb",1,"CC",2,8,594,-1,-1,1,1,1,-1,1,-1,-1,-1,"D","d","D","d","D","d","D","d","d","D","D","d","d","D","d","D","d","d","D","D","D","D","D","D","D","D","d","d","d","D","D","D","D","D","D","D","D","D","D","D","d","D","d","D","d","D","d","D","d",1.87758287310545
96,21,21,"aA",1,"Bb",1,"CC",2,514,1264,-1,-1,-1,1,1,-1,1,-1,-1,-1,"D","D","D","D","D","d","d","d","d","d","D","D","D","d","D","d","d","D","D","d","d","d","D","D","D","D","D","d","d","D","D","D","D","D","D","D","d","d","d","d","d","d","D","d","d","D","D","d","d",0.937896131028456
93,22,22,"aa",0,"bB",1,"CC",2,445,1922,-1,-1,-1,-1,-1,-1,1,-1,1,-1,"d","D","d","D","D","D","d","D","d","d","D","D","d","d","d","d","d","D","D","d","d","D","d","D","D","D","D","D","d","d","D","D","D","D","d","D","D","d","D","d","d","D","d","d","d","d","d","d","d",-0.402605162766566
93,23,23,"aa",0,"BB",2,"Cc",1,104,2412,-1,-1,-1,-1,1,-1,1,-1,1,-1,"d","d","D","D","D","d","d","d","D","D","D","d","D","d","d","d","D","D","D","d","d","D","D","D","D","D","D","d","d","d","D","d","D","D","D","D","D","D","D","D","d","d","d","D","D","d","d","d","d",-2.44154851400706
94,24,24,"AA",2,"BB",2,"cC",1,1118,1074,-1,-1,-1,1,-1,-1,-1,-1,-1,1,"D","D","D","D","D","d","d","d","d","D","D","D","d","d","d","d","D","D","D","d","D","d","d","D","D","D","D","d","d","D","d","D","d","D","D","d","D","d","d","D","D","d","D","d","D","d","D","d","d",0.0976127104908899
99,25,25,"AA",2,"bb",0,"cC",1,1642,1747,-1,-1,1,-1,-1,-1,-1,1,-1,1,"d","D","D","D","d","d","d","d","d","D","D","D","d","d","d","d","d","D","D","D","d","d","D","D","D","D","D","d","D","D","D","d","D","D","D","d","D","D","D","D","d","D","d","d","d","d","d","D","d",3.25775013649344
104,26,26,"aA",1,"BB",2,"cc",0,141,2139,1,-1,1,1,1,1,1,1,-1,1,"D","D","d","D","D","d","d","d","D","D","d","d","D","d","D","D","D","D","D","d","D","D","d","D","D","d","D","d","d","D","D","D","d","D","d","D","D","d","d","d","D","d","d","d","d","d","d","D","D",-1.30507082731498
99,27,27,"AA",2,"BB",2,"CC",2,740,825,1,-1,1,-1,-1,-1,1,1,-1,-1,"d","D","D","D","D","d","D","D","d","D","D","D","D","d","d","d","d","d","d","D","d","D","D","D","D","D","D","d","d","d","d","D","d","D","D","D","d","d","D","d","d","d","d","d","d","d","d","D","D",1.75888392308269
108,28,28,"aa",0,"bB",1,"Cc",1,892,426,-1,1,1,1,1,1,1,1,-1,1,"d","D","D","D","D","d","D","D","d","D","d","D","d","d","D","D","D","D","D","D","D","d","d","D","D","D","D","d","d","d","d","d","d","D","d","d","d","D","D","D","d","d","D","d","D","d","D","d","d",2.59181290444581
103,29,29,"Aa",1,"Bb",1,"CC",2,2068,1641,1,1,1,-1,1,-1,1,1,-1,-1,"d","d","D","D","D","D","D","d","d","d","D","D","D","d","d","d","d","d","d","d","d","D","d","D","D","D","D","D","D","D","d","d","D","D","D","D","D","d","D","D","D","d","d","d","D","d","d","d","d",1.84990618231721
103,30,30,"aA",1,"bb",0,"cc",0,2384,1133,1,1,1,-1,-1,1,1,-1,1,-1,"d","D","D","D","d","d","D","d","d","D","D","D","d","D","d","D","d","D","d","d","D","D","D","D","D","D","D","D","d","D","d","d","D","D","d","D","D","d","d","d","D","D","d","d","d","D","D","D","D",1.25186674219585
101,31,31,"aa",0,"bB",1,"Cc",1,451,1925,-1,1,-1,1,-1,1,1,1,-1,-1,"D","D","d","D","D","d","d","d","d","d","d","d","D","d","D","d","d","D","D","d","d","D","D","D","D","D","D","d","d","d","D","D","D","D","d","D","D","D","D","D","d","D","d","d","d","D","d","d","D",1.74506300904978
89,32,32,"aA",1,"bb",0,"Cc",1,2438,2075,-1,-1,-1,-1,-1,-1,-1,-1,-1,-1,"D","d","D","D","d","D","D","d","d","d","D","d","d","d","d","D","D","d","d","D","D","D","D","D","D","D","d","D","d","D","D","d","D","d","D","d","D","D","D","d","d","d","d","d","d","D","D","d","d",-0.0362831500065489
102,33,33,"AA",2,"Bb",1,"cc",0,2358,8,-1,1,1,1,1,1,1,-1,-1,1,"D","d","d","d","D","d","d","d","d","D","D","D","d","d","D","D","d","D","d","d","D","d","D","D","D","D","D","d","d","D","D","D","D","D","D","d","D","d","D","D","D","D","D","d","D","D","d","D","d",-1.48008899095242
95,34,34,"aA",1,"Bb",1,"Cc",1,1641,355,1,-1,-1,1,-1,-1,1,-1,-1,-1,"D","d","D","D","D","d","D","D","d","D","D","D","D","d","d","d","D","d","D","d","D","d","d","D","D","D","d","D","d","d","D","D","D","d","D","D","d","D","d","D","d","d","d","D","d","d","d","D","d",-0.0436660644704615
102,35,35,"aa",0,"bb",0,"cc",0,250,2043,-1,-1,1,1,1,-1,1,1,1,1,"D","D","D","D","D","d","d","D","d","d","d","D","d","D","d","D","D","D","d","d","d","D","D","D","D","D","D","d","d","D","d","d","d","d","d","D","D","d","D","D","d","d","d","d","D","D","d","d","D",-1.13259595834888
100,36,36,"aA",1,"BB",2,"Cc",1,1446,1881,1,-1,-1,1,-1,-1,-1,1,1,1,"D","D","d","D","D","d","D","D","d","d","D","d","d","d","d","d","D","D","D","d","D","d","D","d","D","D","D","D","d","D","d","d","d","d","D","D","D","d","D","d","d","D","D","D","d","d","d","d","d",0.163731370047848
100,37,37,"Aa",1,"BB",2,"CC",2,1739,481,1,-1,-1,1,1,-1,1,1,-1,-1,"D","d","d","D","D","d","D","D","d","D","D","D","D","d","d","D","d","d","D","D","d","d","d","D","D","d","D","d","D","D","D","d","d","D","D","D","d","d","d","D","D","d","d","d","D","d","d","d","d",0.753639084085753
102,38,38,"aA",1,"bB",1,"CC",2,912,197,-1,-1,1,-1,1,1,1,1,-1,-1,"d","d","D","D","D","d","D","D","d","D","d","d","D","d","d","d","d","D","d","D","D","d","d","D","D","D","D","d","d","d","D","d","d","D","D","D","D","d","d","d","D","d","d","d","D","D","d","d","d",2.42062074681174
91,39,39,"aA",1,"BB",2,"cC",1,535,1030,-1,-1,-1,-1,-1,1,-1,-1,-1,-1,"D","d","D","D","D","D","d","D","d","D","D","d","D","d","d","d","d","D","d","D","d","D","D","D","D","D","D","d","d","D","d","D","d","d","D","D","d","D","D","d","D","d","d","d","d","d","D","d","d",-0.832189157286538
103,40,40,"aa",0,"bB",1,"Cc",1,2069,2234,1,1,1,1,1,1,-1,1,-1,-1,"D","d","D","D","D","d","D","d","d","D","D","d","D","d","d","D","d","D","D","D","D","D","d","D","D","D","D","d","d","D","D","d","D","D","D","d","d","d","D","d","d","d","D","d","d","D","D","d","d",-0.683026554253178
95,41,41,"AA",2,"BB",2,"CC",2,2071,2368,-1,-1,-1,-1,1,1,-1,-1,-1,1,"d","d","D","D","D","D","d","d","d","d","D","d","D","d","d","d","D","D","D","D","D","d","D","d","D","D","D","d","d","D","D","D","D","D","d","d","d","d","d","D","d","D","d","D","D","d","d","d","d",-0.219019076007335
97,42,42,"aa",0,"BB",2,"Cc",1,1759,2406,-1,-1,1,-1,1,-1,1,-1,-1,-1,"d","d","D","D","D","d","D","d","d","D","D","D","D","d","d","D","D","D","D","d","D","D","D","D","D","D","D","d","d","D","D","D","D","d","D","D","d","d","D","D","d","d","D","D","d","d","d","d","d",1.12679485098155
95,43,43,"aA",1,"BB",2,"cC",1,166,2076,-1,-1,-1,-1,1,-1,1,1,-1,-1,"d","D","D","D","d","d","d","d","d","d","D","d","d","d","d","d","D","D","D","d","D","D","d","D","D","D","d","d","D","D","D","d","D","D","D","D","D","d","D","d","D","D","d","D","d","D","d","d","d",-0.229416324373978
97,44,44,"aa",0,"BB",2,"CC",2,1957,737,-1,-1,-1,1,1,1,1,-1,-1,-1,"D","D","d","D","D","d","d","D","d","d","D","d","D","D","D","D","D","D","D","D","d","D","D","D","D","D","D","d","d","D","d","D","D","D","D","D","d","D","d","d","D","d","d","d","d","d","d","d","d",-0.231072359301257
111,45,45,"aa",0,"BB",2,"cC",1,2496,801,1,1,1,1,1,1,1,1,1,-1,"d","d","d","D","D","D","D","d","d","D","d","D","d","d","d","d","D","D","d","d","d","d","d","D","D","D","D","d","d","D","d","D","d","D","D","D","D","D","D","d","d","d","D","d","d","d","d","D","d",3.58980974006609
101,46,46,"Aa",1,"bB",1,"cC",1,1241,821,1,-1,-1,1,1,1,1,1,-1,-1,"d","d","d","D","D","d","D","D","D","D","D","D","d","d","D","D","D","D","D","d","d","d","d","d","D","D","D","d","d","D","d","D","d","d","d","D","d","D","D","d","D","d","d","D","D","D","d","D","d",-0.184688978506212
97,47,47,"aa",0,"BB",2,"cC",1,2353,86,-1,-1,-1,-1,1,1,1,-1,-1,-1,"D","D","D","D","D","d","d","d","d","D","D","D","d","D","d","D","d","D","D","D","D","D","d","D","D","D","D","d","D","D","D","D","D","D","d","D","D","D","D","d","d","d","D","D","d","d","d","d","d",1.41111591292021
95,48,48,"AA",2,"bB",1,"Cc",1,2423,1702,1,-1,-1,1,-1,-1,-1,-1,1,-1,"d","d","D","D","D","d","d","D","d","d","D","D","D","D","d","D","D","D","D","d","D","d","d","D","d","D","D","d","d","D","D","d","d","D","D","D","D","D","D","d","d","d","d","D","D","D","d","d","d",-0.582517886149799
88,49,49,"aa",0,"Bb",1,"Cc",1,1066,2256,-1,-1,-1,-1,-1,-1,-1,-1,-1,-1,"D","d","D","D","D","d","D","d","d","D","D","D","D","D","d","D","D","D","D","d","D","d","D","D","d","D","D","d","d","D","D","d","D","D","D","D","d","d","d","D","d","d","D","D","D","d","d","D","d",-1.40806679822541
102,50,50,"Aa",1,"Bb",1,"Cc",1,1971,448,-1,-1,1,1,1,1,1,1,1,-1,"d","d","D","D","D","d","D","d","d","D","d","d","d","D","d","D","d","D","D","d","d","d","d","d","D","D","D","d","D","D","d","d","D","D","D","D","D","D","D","d","d","d","D","d","D","d","d","d","d",-1.8947628050486
100,1,2,"aA",1,"BB",2,"Cc",1,2089,688,-1,1,1,1,1,-1,-1,1,1,-1,"d","d","D","D","D","d","D","d","d","d","D","D","D","d","d","D","d","D","D","D","d","d","d","D","d","D","D","d","d","D","d","D","D","D","d","d","D","D","D","D","D","d","d","d","d","D","d","d","d",-1.08127884411248
99,1,3,"Aa",1,"bb",0,"CC",2,1416,886,-1,-1,-1,-1,1,1,1,1,-1,-1,"D","D","D","D","D","D","D","d","d","D","D","D","d","D","d","d","d","D","D","D","d","D","d","D","D","D","D","D","d","D","D","d","D","d","D","d","D","d","d","D","D","D","D","d","d","d","d","d","D",1.46511205634291
97,1,4,"aa",0,"BB",2,"cc",0,1970,1287,-1,-1,-1,1,1,1,1,-1,-1,-1,"d","d","D","D","D","d","d","d","d","d","D","d","D","D","D","d","d","D","D","d","d","D","d","D","D","d","D","d","d","d","D","d","d","D","D","D","d","D","D","D","D","D","D","d","d","d","d","D","D",-0.310273621537411
93,1,5,"AA",2,"Bb",1,"cc",0,1662,374,-1,-1,-1,1,-1,-1,-1,1,-1,-1,"D","D","D","D","D","d","d","D","D","D","D","d","D","d","d","d","d","d","D","D","d","d","d","D","D","D","D","d","d","d","d","D","d","D","D","d","d","D","d","D","d","d","D","D","d","d","D","d","d",-0.62772769129587
98,1,6,"aa",0,"bb",0,"cC",1,236,341,-1,-1,1,-1,-1,1,1,1,-1,-1,"D","D","d","D","D","D","d","D","d","D","d","D","D","d","d","d","d","D","D","d","d","D","d","D","D","D","D","d","d","d","D","D","d","d","d","D","D","d","D","D","D","d","d","d","D","d","d","d","D",0.804075764739851
89,1,7,"aA",1,"bB",1,"cC",1,414,1650,-1,-1,-1,-1,-1,-1,-1,-1,-1,-1,"d","d","d","D","D","D","d","d","d","D","D","D","d","D","D","D","d","D","d","d","D","D","d","D","D","D","D","d","d","D","d","D","D","d","d","D","D","D","d","d","d","D","d","D","d","d","d","d","d",-0.0244427852406419
90,1,8,"Aa",1,"Bb",1,"cc",0,1830,1045,-1,-1,1,-1,-1,-1,-1,-1,1,-1,"d","D","D","D","D","d","D","D","D","D","d","D","d","D","D","D","d","D","D","D","d","d","d","d","D","D","D","d","d","D","D","d","d","D","D","d","d","D","D","D","d","D","d","d","D","D","D","d","D",-3.33773174447679
101,1,9,"AA",2,"Bb",1,"Cc",1,1340,911,1,-1,-1,1,1,-1,1,1,-1,-1,"D","d","D","d","D","D","d","d","D","D","d","D","D","d","d","d","D","D","D","D","d","D","D","d","D","D","D","d","d","d","d","D","d","D","D","D","D","D","D","d","d","D","d","d","D","d","D","d","d",1.51180199214968
92,1,10,"aA",1,"BB",2,"cC",1,490,762,-1,-1,-1,-1,-1,1,1,-1,-1,-1,"d","d","d","D","D","D","D","d","d","D","D","D","D","d","D","d","d","D","D","d","d","D","d","D","D","D","D","d","d","D","D","D","D","D","D","D","D","d","D","D","d","d","d","d","d","D","d","d","d",-1.51516436835381
93,1,11,"aA",1,"BB",2,"Cc",1,1085,37,-1,-1,-1,-1,-1,-1,-1,1,1,-1,"D","d","d","D","D","d","D","D","d","D","D","D","D","D","d","d","D","d","D","D","d","d","d","d","d","D","D","d","d","D","d","d","D","d","D","D","D","D","D","d","d","d","d","d","d","d","D","d","d",-0.4018362413249
97,1,12,"AA",2,"bB",1,"CC",2,1453,1421,-1,-1,1,1,1,-1,1,1,-1,-1,"d","D","D","d","D","d","d","d","D","D","D","D","d","d","d","d","d","D","d","D","d","d","d","D","D","D","D","d","d","d","d","D","D","D","D","d","d","D","d","d","D","D","d","d","d","D","d","D","d",-2.65054257405964
107,1,13,"aA",1,"Bb",1,"cC",1,1859,1402,1,1,1,1,-1,1,1,1,1,1,"D","d","d","D","D","d","d","d","d","d","d","D","D","d","d","D","d","D","D","D","d","d","d","d","D","D","D","d","d","d","D","D","d","D","d","D","D","D","d","D","D","D","d","d","d","D","d","d","d",-0.503316283666186
99,1,14,"aa",0,"bb",0,"Cc",1,1936,2268,-1,1,-1,1,1,1,-1,1,-1,-1,"d","d","d","D","D","D","D","D","d","d","d","d","d","d","D","D","D","D","D","d","d","d","d","D","D","D","D","d","d","D","d","D","D","D","D","D","D","D","d","d","d","D","d","D","D","D","d","d","d",-0.511214196712002
101,1,15,"AA",2,"Bb",1,"cc",0,470,175,1,-1,1,-1,-1,1,1,1,-1,1,"D","d","d","D","D","D","d","d","D","D","d","d","d","d","d","d","D","D","D","d","d","D","d","D","D","D","D","D","d","d","D","D","d","D","D","D","D","d","d","d","d","D","D","D","D","d","d","D","d",-0.261469759753557
100,1,16,"AA",2,"BB",2,"cc",0,678,733,-1,1,-1,-1,1,-1,1,1,1,-1,"d","D","d","D","D","D","D","d","D","D","d","d","D","d","D","d","D","D","D","D","d","d","d","D","D","D","D","d","d","d","D","D","D","D","D","d","D","d","d","d","d","D","d","D","D","d","d","d","D",0.231924616856293
91,1,17,"aa",0,"BB",2,"Cc",1,2223,1171,-1,-1,-1,-1,1,1,-1,-1,-1,-1,"d","d","D","D","D","d","D","d","d","D","D","D","d","d","d","D","d","D","D","D","d","D","d","d","D","D","D","d","d","D","D","d","D","D","D","d","D","D","D","d","d","D","d","d","d","d","d","d","D",-2.33189212462496
100,1,18,"AA",2,"bb",0,"CC",2,357,380,1,1,-1,1,1,-1,1,1,-1,-1,"d","D","D","D","D","d","D","d","d","D","D","d","D","d","d","D","d","D","d","d","D","d","d","d","D","D","D","d","d","D","d","d","D","D","D","D","D","D","d","d","D","d","d","d","d","D","d","d","D",-1.03271571416493
95,1,19,"Aa",1,"BB",2,"Cc",1,1753,1948,-1,-1,-1,-1,-1,-1,-1,1,-1,-1,"D","D","d","D","D","D","d","d","d","d","D","D","D","d","d","D","d","D","D","d","d","d","d","D","D","D","d","d","d","D","d","D","d","D","d","D","D","D","D","D","D","d","D","D","D","d","D","d","D",3.80418959967802
98,1,20,"Aa",1,"bB",1,"CC",2,273,1708,-1,-1,1,1,-1,1,-1,1,-1,-1,"D","D","D","D","D","d","d","d","d","D","D","D","D","d","d","d","d","D","D","D","D","D","d","D","D","D","D","d","D","d","D","D","d","d","d","d","D","d","d","d","d","D","D","d","d","D","D","d","d",0.264454684983869
97,1,21,"Aa",1,"bb",0,"Cc",1,2094,728,-1,-1,-1,1,-1,1,1,-1,-1,-1,"D","D","D","D","D","d","d","d","D","d","D","D","d","d","D","d","d","D","D","d","D","d","D","D","D","D","D","d","d","D","d","D","d","d","D","D","d","d","D","d","d","d","D","D","d","d","D","d","D",1.33321053362333
95,1,22,"aA",1,"BB",2,"cc",0,580,2482,-1,1,-1,-1,1,-1,-1,1,-1,-1,"d","D","D","D","D","d","d","d","d","d","D","D","d","d","d","D","d","D","D","D","d","d","D","d","D","D","D","d","d","D","D","D","d","d","D","D","d","d","D","d","D","d","d","d","d","d","d","d","d",-0.486901622236735
98,1,23,"Aa",1,"bB",1,"CC",2,1509,104,-1,-1,1,-1,1,1,1,-1,-1,1,"D","D","d","D","D","d","d","D","d","D","D","D","d","d","d","d","d","D","D","d","d","d","D","D","D","D","D","d","d","d","d","d","D","D","D","D","D","d","d","D","d","d","d","d","D","d","d","d","d",-1.20212917763729
98,1,24,"aA",1,"bB",1,"cC",1,382,1735,-1,-1,-1,1,1,1,1,1,-1,-1,"D","D","D","D","d","D","d","d","d","D","D","d","D","d","D","d","d","D","D","d","d","D","d","D","D","D","D","D","D","d","D","D","D","d","D","D","D","D","d","D","d","d","d","D","d","d","d","D","d",-1.96240410841309
99,1,25,"AA",2,"bB",1,"CC",2,1973,165,-1,-1,1,1,1,-1,-1,1,-1,1,"D","D","D","D","D","d","D","d","d","D","d","D","d","d","d","d","D","D","D","D","d","d","D","D","d","D","D","d","d","D","D","D","D","D","D","D","D","d","d","D","D","d","D","d","d","D","D","D","D",-0.425003406563007
98,1,26,"aa",0,"Bb",1,"cC",1,570,2212,-1,1,-1,1,-1,-1,1,-1,1,-1,"D","D","d","D","D","d","d","d","d","D","D","d","d","d","D","d","d","D","D","D","d","d","d","D","D","D","D","d","d","D","d","D","D","D","D","D","D","d","D","D","d","D","D","d","d","D","D","d","d",0.172598353635753
93,1,27,"aa",0,"bb",0,"CC",2,1351,939,-1,-1,-1,-1,1,1,1,-1,-1,-1,"D","D","D","d","D","d","d","d","D","D","D","D","d","d","D","d","D","D","D","d","d","d","D","D","D","D","D","d","d","D","D","D","D","d","D","d","D","d","D","d","d","d","D","d","d","d","d","d","d",-2.4197686272901
107,1,28,"Aa",1,"Bb",1,"cc",0,1545,1859,1,1,1,1,1,1,-1,1,1,1,"D","D","d","D","D","d","D","d","d","D","D","D","d","d","d","D","d","D","D","d","D","D","d","D","d","D","D","D","d","D","D","d","D","d","D","D","D","d","D","d","d","D","D","D","d","d","d","d","D",-0.4604957794344
96,1,29,"AA",2,"BB",2,"cc",0,80,891,-1,1,-1,-1,-1,-1,1,1,-1,-1,"D","D","d","d","D","d","D","d","d","D","d","D","D","d","d","d","D","D","D","D","D","D","d","D","d","D","D","d","D","D","D","D","D","D","d","d","D","D","D","d","D","d","d","d","d","d","D","d","d",0.7759643912837
110,1,30,"Aa",1,"bB",1,"Cc",1,1402,152,1,-1,1,1,1,1,1,1,1,1,"D","d","D","D","D","d","D","d","d","D","d","D","D","d","D","D","D","D","D","d","d","D","D","D","d","D","D","d","d","D","D","d","D","D","D","D","D","d","D","D","D","d","d","d","d","d","D","d","D",2.45146645480771
107,1,31,"AA",2,"Bb",1,"cC",1,1859,2142,1,1,1,1,-1,1,1,1,1,-1,"D","D","d","D","d","d","d","d","D","d","d","D","D","d","d","d","D","D","D","D","d","d","D","d","D","D","D","d","d","D","D","D","d","d","D","D","D","D","d","D","D","D","d","d","d","D","d","d","d",1.7729218480419
92,1,32,"aA",1,"BB",2,"Cc",1,936,2097,-1,-1,-1,-1,-1,-1,-1,1,-1,-1,"d","d","D","D","D","d","d","d","d","D","D","d","d","d","D","d","d","D","D","D","D","d","D","D","D","D","d","D","d","D","D","D","D","d","D","D","D","d","D","D","D","D","d","d","d","d","D","d","d",0.0777115129948196
95,1,33,"Aa",1,"bB",1,"CC",2,2132,2284,-1,1,-1,-1,1,-1,-1,1,-1,-1,"d","D","D","D","D","d","d","D","D","d","D","D","D","d","d","d","D","D","D","D","d","D","d","D","D","D","D","d","d","D","D","d","d","D","d","D","D","D","D","D","D","d","d","d","d","d","D","D","d",-0.652999645180672
95,1,34,"Aa",1,"BB",2,"CC",2,819,1085,1,-1,-1,-1,-1,1,-1,-1,1,-1,"D","d","d","d","D","d","d","d","D","D","D","d","D","d","D","d","d","D","d","d","D","D","D","D","D","D","D","d","d","D","D","D","d","d","D","d","D","d","D","d","d","D","d","d","d","d","d","D","D",-0.508191811514357
99,1,35,"AA",2,"Bb",1,"CC",2,450,240,-1,-1,-1,1,-1,1,1,1,-1,-1,"d","d","d","D","d","D","D","d","D","D","D","D","d","D","D","d","D","D","D","d","D","D","d","D","d","D","D","d","d","d","D","D","d","D","D","D","D","d","D","d","D","d","D","D","D","d","d","d","d",1.39914185884338
101,1,36,"Aa",1,"Bb",1,"Cc",1,1705,210,-1,1,1,-1,1,1,-1,1,1,-1,"D","D","d","D","D","D","D","d","d","D","D","d","D","d","d","d","D","d","D","d","d","d","d","D","D","D","D","D","d","d","D","d","D","D","D","d","D","D","d","d","d","D","d","d","d","d","D","d","d",-0.231357638166359
98,1,37,"aa",0,"bB",1,"CC",2,722,1577,1,-1,-1,-1,-1,1,1,1,-1,-1,"D","d","d","D","D","d","d","d","d","D","D","D","d","d","d","d","D","D","D","d","D","D","d","D","D","D","D","d","d","D","D","D","D","d","D","D","d","d","D","d","D","d","d","d","d","D","d","d","D",0.642341016860063
91,1,38,"aa",0,"BB",2,"cc",0,80,966,-1,-1,-1,-1,-1,-1,1,-1,-1,-1,"d","D","D","d","D","d","d","d","d","D","D","d","D","d","D","D","D","D","D","D","D","d","d","D","D","D","D","d","d","D","D","D","d","D","d","d","D","D","D","d","D","d","d","d","d","d","d","d","D",-0.488989680313171
100,1,39,"Aa",1,"bB",1,"CC",2,1497,1580,1,-1,-1,-1,1,-1,1,1,-1,-1,"D","d","D","D","D","d","d","d","d","D","D","d","D","D","d","D","d","d","D","d","d","d","D","D","d","D","D","d","d","D","d","D","D","d","D","D","D","D","D","d","d","d","D","d","D","D","D","d","D",2.8870975533633
97,1,40,"aa",0,"Bb",1,"CC",2,2015,2473,-1,-1,-1,-1,1,1,1,1,-1,-1,"d","D","D","d","D","d","d","D","d","D","D","D","D","d","D","D","D","D","D","d","d","d","D","D","D","D","D","d","d","d","D","D","D","d","d","D","D","D","D","d","D","D","d","D","d","d","d","d","d",-0.915959494175681
96,1,41,"Aa",1,"Bb",1,"cc",0,860,2135,-1,1,1,-1,1,-1,-1,1,-1,-1,"D","D","d","D","D","d","d","d","d","D","D","D","D","d","d","d","d","D","d","D","D","D","D","D","D","D","D","d","D","D","d","D","d","d","d","D","D","D","d","D","d","d","d","d","D","d","d","d","d",-1.33226344408647
108,1,42,"aA",1,"bB",1,"CC",2,2283,299,-1,1,1,1,-1,1,1,1,1,1,"D","D","D","d","D","d","d","d","d","d","d","d","D","D","d","D","D","D","D","d","d","D","D","D","D","D","D","d","d","D","D","D","d","D","D","d","d","D","D","D","D","d","D","D","d","d","d","d","d",2.61879259950521
100,1,43,"aa",0,"bb",0,"CC",2,341,1902,1,-1,-1,-1,1,1,1,1,-1,-1,"D","d","D","D","D","d","d","d","d","d","D","d","d","d","d","d","d","D","D","d","D","d","d","D","D","d","D","d","d","D","D","d","d","D","d","D","D","D","d","D","d","d","D","D","d","d","d","D","D",0.221763608316656
106,1,44,"Aa",1,"BB",2,"cc",0,933,2252,-1,1,1,1,1,1,1,1,1,-1,"D","D","D","d","d","d","d","D","d","D","D","d","D","d","d","D","d","D","D","D","d","d","D","D","D","d","D","D","D","d","D","D","D","D","d","D","D","d","D","D","D","D","d","D","d","d","d","d","d",0.286879819667502
96,1,45,"aA",1,"Bb",1,"cC",1,129,1168,-1,-1,1,1,1,1,-1,-1,-1,-1,"D","d","d","D","D","D","D","d","D","d","D","d","D","d","d","d","D","d","D","d","d","d","d","D","D","D","D","d","d","d","d","d","D","d","D","D","D","D","D","D","d","D","d","d","d","D","d","d","D",-1.32647859468901
102,1,46,"AA",2,"bb",0,"CC",2,1504,858,1,1,1,1,-1,1,-1,1,-1,-1,"D","d","D","D","D","D","D","D","D","D","D","D","d","d","d","D","D","D","D","d","D","d","d","d","D","D","D","d","D","D","D","D","d","D","d","D","D","D","D","D","D","d","d","D","d","d","d","d","D",0.926902373914934
98,1,47,"AA",2,"bB",1,"Cc",1,831,2123,-1,-1,-1,1,-1,-1,1,1,-1,-1,"D","d","D","D","d","d","d","d","D","D","D","d","D","D","D","d","D","D","d","D","D","D","D","D","D","D","D","d","d","D","D","D","d","d","d","D","D","d","d","D","d","d","d","D","D","d","D","d","D",2.5003023875901
104,1,48,"Aa",1,"bB",1,"CC",2,1657,471,-1,-1,1,-1,1,1,1,1,1,1,"d","D","D","d","D","d","d","D","d","d","d","D","D","D","D","d","D","D","D","D","d","d","D","D","D","d","d","d","d","d","D","d","D","D","D","D","D","d","D","d","D","d","d","D","d","d","d","d","d",0.780620118679479
99,1,49,"AA",2,"bB",1,"CC",2,1960,1110,-1,-1,1,1,-1,1,1,1,-1,-1,"D","D","D","D","D","d","d","d","d","D","D","d","D","D","D","d","d","d","D","d","d","D","D","D","D","D","D","D","d","D","D","D","d","d","D","d","d","D","D","D","d","D","d","D","D","D","d","d","d",-0.281640180582348
95,1,50,"AA",2,"BB",2,"Cc",1,662,1733,-1,-1,1,-1,-1,-1,-1,1,-1,-1,"D","D","D","D","D","d","d","d","D","D","D","D","D","D","D","d","D","D","D","D","d","d","d","D","D","d","D","d","d","D","d","d","D","D","D","d","D","D","D","d","d","D","d","d","D","d","D","d","D",1.17030346255072
98,2,1,"Aa",1,"Bb",1,"cc",0,1343,609,1,1,-1,1,1,-1,-1,-1,-1,-1,"D","d","d","D","D","d","D","d","D","D","d","D","D","d","D","d","D","D","d","d","D","d","d","D","D","D","D","D","d","D","D","d","d","d","d","D","d","d","d","D","D","D","d","D","d","d","d","d","D",0.445485057422132
96,2,3,"AA",2,"Bb",1,"cc",0,1880,882,-1,1,-1,1,-1,-1,-1,1,-1,-1,"D","D","D","D","D","D","D","d","d","D","D","D","D","d","d","D","d","D","D","d","D","d","D","D","D","D","D","D","D","d","D","D","D","D","D","D","D","d","D","d","d","D","d","D","d","D","d","d","d",0.163622095609856
102,2,4,"aA",1,"BB",2,"cC",1,1514,1384,1,-1,1,1,1,1,1,-1,-1,1,"D","D","D","D","D","D","d","d","d","D","d","D","d","d","d","d","d","d","D","D","D","D","d","D","D","D","D","d","d","D","d","d","D","d","D","D","d","D","d","D","d","d","d","d","D","D","d","d","D",-1.54509836989349
95,2,5,"aA",1,"BB",2,"cC",1,313,2245,-1,-1,-1,-1,1,-1,1,1,-1,-1,"d","D","D","D","D","d","D","d","d","d","d","D","d","d","D","d","D","D","D","d","d","D","d","D","d","D","D","d","d","d","D","D","d","D","d","D","d","D","D","d","d","D","d","d","d","d","D","d","d",-0.10252783376462
96,2,6,"aa",0,"bB",1,"CC",2,2152,150,-1,1,-1,1,-1,1,-1,-1,-1,1,"d","d","d","D","D","D","D","D","D","d","D","D","d","D","d","d","D","D","D","D","d","d","d","d","D","D","D","d","d","D","d","d","D","D","d","d","D","d","D","d","D","d","D","d","D","D","d","d","d",-1.06817432402994
104,2,7,"Aa",1,"BB",2,"Cc",1,2312,1460,-1,-1,-1,1,1,1,1,1,-1,1,"D","d","D","D","D","d","d","d","d","D","D","d","d","d","d","D","d","D","d","d","D","d","d","d","D","D","D","d","d","d","d","D","D","D","D","D","D","d","D","d","d","d","D","D","D","d","D","d","d",2.78963688703665
92,2,8,"aa",0,"Bb",1,"CC",2,568,1543,-1,1,-1,-1,-1,-1,-1,1,-1,-1,"d","D","D","D","D","d","d","D","D","d","d","D","d","d","D","d","d","D","D","D","d","D","d","D","d","D","D","d","d","D","D","d","d","D","D","D","d","d","D","d","D","D","d","d","D","D","d","d","D",-1.12883520210421
94,2,9,"aa",0,"bb",0,"CC",2,332,396,1,-1,-1,-1,-1,-1,-1,1,-1,-1,"D","D","D","d","D","d","D","D","d","D","D","D","d","D","d","d","D","D","D","d","D","d","d","d","d","D","D","d","d","d","D","D","d","D","D","D","D","D","d","d","d","D","D","D","d","D","d","d","d",0.789985584661322
99,2,10,"AA",2,"bB",1,"cC",1,675,743,-1,-1,1,1,1,1,1,-1,-1,-1,"d","d","d","D","d","d","D","D","d","D","D","D","d","d","d","d","D","D","D","d","D","D","d","D","d","D","D","d","d","d","d","D","d","D","d","D","D","D","D","D","d","d","D","d","D","d","D","d","d",-0.00673500727846974
92,2,11,"Aa",1,"bb",0,"cc",0,472,931,-1,-1,-1,-1,-1,1,-1,-1,-1,-1,"d","D","D","D","D","d","D","d","d","d","D","d","D","d","d","d","D","D","D","d","D","d","D","D","D","D","D","d","D","d","D","D","d","D","D","d","D","d","D","d","d","D","D","d","d","d","d","D","d",0.266583541709694
100,2,12,"aa",0,"BB",2,"cC",1,1094,1737,-1,-1,-1,1,1,1,-1,1,-1,-1,"D","D","D","d","D","d","d","D","d","D","d","D","D","D","d","D","D","D","D","d","D","D","d","D","D","D","D","d","d","D","d","d","D","d","D","D","d","D","d","D","D","D","d","d","d","D","d","d","d",2.06514941196408
95,2,13,"aA",1,"BB",2,"cC",1,1791,138,-1,-1,-1,-1,-1,1,-1,1,-1,-1,"D","D","D","D","D","d","D","d","D","d","D","D","d","D","D","D","D","d","d","d","D","d","D","D","d","D","D","d","d","D","d","d","D","d","D","D","D","D","D","d","D","D","d","D","d","D","d","d","d",1.29851844769963
99,2,14,"aa",0,"Bb",1,"cC",1,130,812,-1,-1,-1,1,-1,1,1,1,-1,-1,"D","d","d","D","D","d","D","D","d","D","d","D","d","D","d","D","d","D","D","D","d","d","D","D","D","D","d","D","d","D","d","D","D","d","d","d","D","D","D","d","d","D","d","d","d","d","D","D","d",1.56610373385419
91,2,15,"aa",0,"BB",2,"CC",2,672,1811,-1,-1,-1,1,-1,-1,-1,1,-1,-1,"D","d","d","D","D","D","d","D","d","d","D","d","d","D","D","d","d","D","D","d","D","d","d","D","D","D","D","d","d","D","D","D","d","d","d","d","D","D","d","D","D","D","d","d","D","d","D","d","D",-2.61894464154478
92,2,16,"aA",1,"bB",1,"CC",2,2480,872,-1,-1,-1,-1,1,-1,-1,1,-1,-1,"D","D","d","d","D","D","D","D","d","d","D","d","D","d","d","D","D","D","D","D","d","d","D","D","D","D","D","d","D","D","d","d","d","D","d","D","D","D","d","d","D","d","D","d","d","d","D","d","D",-1.50624176298924
111,2,17,"AA",2,"bB",1,"Cc",1,1311,161,1,-1,1,1,1,1,1,1,-1,1,"D","d","d","D","D","d","d","D","d","D","d","D","D","d","d","D","d","D","D","D","D","d","d","D","D","D","D","d","d","d","D","d","d","d","d","d","D","D","D","d","d","D","D","d","d","d","D","d","d",5.45833013505542
95,2,18,"aa",0,"BB",2,"cC",1,2283,1902,-1,-1,-1,-1,-1,1,1,1,-1,-1,"D","D","D","d","D","d","d","d","d","d","D","d","d","d","D","D","d","D","D","D","D","D","d","D","D","D","D","d","d","D","D","D","D","D","d","D","D","d","d","D","d","d","D","D","d","d","d","d","D",-0.700679101374475
99,2,19,"aA",1,"bb",0,"cc",0,487,1225,1,-1,1,1,-1,-1,-1,-1,1,-1,"D","D","D","D","D","d","D","D","d","D","d","D","D","d","D","d","d","d","d","D","d","d","d","D","D","D","d","D","d","D","d","D","D","D","D","D","d","d","D","d","D","d","d","D","D","d","d","d","d",1.83934806458617
92,2,20,"AA",2,"BB",2,"CC",2,1414,1435,-1,-1,-1,1,-1,1,-1,-1,-1,-1,"d","D","d","D","d","d","d","d","d","D","d","d","d","d","d","D","D","D","D","D","d","D","D","D","D","D","D","d","d","D","D","d","D","D","D","D","d","D","d","D","d","d","d","d","d","D","d","d","D",-1.4518322662639
98,2,21,"AA",2,"bb",0,"Cc",1,653,219,-1,-1,1,-1,-1,1,1,1,-1,-1,"d","D","D","D","D","D","d","d","d","D","d","D","d","d","d","d","D","d","D","d","d","d","d","D","D","D","D","d","d","d","D","d","d","d","D","D","d","d","D","D","D","d","D","d","d","d","D","D","d",0.761607610091697
101,2,22,"aa",0,"BB",2,"CC",2,2167,82,1,1,1,1,-1,1,1,-1,1,-1,"d","D","D","D","D","d","D","d","d","d","D","d","d","D","d","D","D","d","D","D","D","d","d","D","D","D","D","d","D","d","D","D","d","D","D","D","D","d","D","d","d","d","d","d","d","d","D","D","d",-2.59363783271812
95,2,23,"aa",0,"Bb",1,"CC",2,1420,2025,-1,-1,-1,1,-1,-1,-1,-1,1,-1,"D","D","d","D","D","d","d","d","D","D","D","D","D","d","D","d","d","D","d","D","d","D","d","D","D","D","D","d","d","D","d","D","d","d","D","d","D","D","d","D","d","D","d","D","d","d","d","d","d",1.16101420142777
97,2,24,"aa",0,"Bb",1,"Cc",1,241,1831,1,-1,1,-1,1,-1,1,-1,-1,-1,"d","D","D","D","D","d","D","d","d","D","d","d","d","D","d","d","d","D","D","d","D","D","D","D","d","D","D","d","d","d","d","D","d","D","D","D","D","D","d","d","d","d","D","d","D","d","D","d","d",-0.292049847462459
104,2,25,"aa",0,"BB",2,"cC",1,781,1524,-1,1,1,1,1,1,1,-1,1,-1,"D","d","D","D","D","d","D","D","d","D","D","d","D","d","d","D","d","d","D","D","D","d","D","D","D","D","D","d","d","d","d","D","D","D","D","d","D","d","D","d","d","d","D","D","D","D","d","d","d",0.789895108829368
94,2,26,"aa",0,"Bb",1,"cc",0,582,1717,-1,1,-1,-1,-1,1,1,-1,-1,-1,"d","D","d","D","d","D","D","d","D","d","d","D","D","d","D","d","D","D","D","d","d","d","d","D","D","D","D","D","d","D","d","D","D","D","d","D","d","d","D","D","d","D","d","d","d","d","d","D","D",-1.92331586836639
90,2,27,"aa",0,"bb",0,"Cc",1,2481,1907,-1,-1,-1,-1,-1,-1,-1,-1,-1,-1,"d","D","D","D","D","d","D","D","d","d","D","d","d","d","d","D","D","D","D","d","D","D","D","D","D","D","D","d","d","D","D","d","D","D","D","d","D","D","D","D","d","d","D","D","d","d","d","d","d",0.830423954880684
99,2,28,"aA",1,"BB",2,"cC",1,1295,1931,-1,1,-1,1,1,-1,-1,1,-1,-1,"d","D","d","D","D","d","d","d","d","d","d","D","D","d","D","d","d","d","d","d","D","d","d","D","d","d","D","d","d","D","d","D","d","d","d","d","D","D","d","D","D","d","d","d","d","D","D","d","d",1.35642023759964
100,2,29,"AA",2,"bb",0,"CC",2,1264,921,-1,1,1,1,-1,1,-1,1,-1,-1,"D","D","D","D","D","d","d","d","d","D","d","D","d","D","d","d","D","D","D","d","D","d","D","D","D","D","D","d","d","D","D","d","D","D","D","d","D","d","D","d","d","D","d","d","d","d","d","d","D",0.312196846968879
87,2,30,"AA",2,"bb",0,"cc",0,1808,2075,-1,-1,-1,-1,-1,-1,-1,-1,-1,-1,"D","d","D","D","d","d","D","d","d","d","D","d","d","d","d","d","d","D","D","d","D","d","d","D","D","D","D","d","d","D","D","d","D","d","D","d","D","D","D","d","d","d","d","d","d","D","D","D","d",-2.57483082485737
107,2,31,"aa",0,"BB",2,"CC",2,275,1419,1,1,1,1,1,1,1,1,-1,1,"d","d","D","D","D","d","d","d","d","d","D","d","D","D","D","d","d","d","d","D","D","d","d","D","D","d","D","d","d","D","D","d","d","D","D","D","D","d","d","d","D","d","D","D","d","d","d","d","d",-0.648604882559771
93,2,32,"Aa",1,"Bb",1,"CC",2,99,1523,-1,1,-1,-1,-1,1,-1,-1,-1,-1,"d","D","D","D","D","D","d","D","d","D","d","D","D","D","d","D","D","D","D","d","d","D","D","D","D","D","D","D","d","D","D","D","D","D","d","d","D","d","D","D","D","d","D","d","d","D","D","D","d",-0.93378717295775
97,2,33,"Aa",1,"bB",1,"CC",2,1669,1524,1,1,-1,1,-1,-1,1,-1,-1,-1,"d","d","D","D","D","d","D","d","d","d","d","D","D","d","d","d","D","d","D","D","D","D","D","d","d","D","D","d","d","d","D","D","D","d","D","D","D","d","D","d","d","d","D","d","d","d","D","d","d",-0.741161000849009
102,2,34,"Aa",1,"bB",1,"CC",2,2199,1209,-1,1,1,1,-1,-1,1,1,-1,-1,"D","D","D","D","D","D","d","d","D","d","D","d","d","D","D","D","D","D","d","D","d","D","d","D","d","D","d","d","d","D","D","d","d","D","d","D","D","d","D","D","D","d","D","D","d","d","d","d","D",2.51106263252299
95,2,35,"aA",1,"bB",1,"cc",0,382,2177,-1,-1,1,-1,1,-1,1,-1,-1,-1,"D","d","D","d","d","d","D","d","d","D","D","d","D","d","d","d","d","D","D","d","d","D","d","d","D","D","D","D","d","D","d","D","D","d","D","D","D","d","D","D","d","d","d","D","d","D","d","d","d",-0.274945011450617
97,2,36,"aa",0,"Bb",1,"Cc",1,2120,1838,-1,1,-1,-1,-1,1,-1,1,-1,-1,"D","d","d","D","D","D","d","d","d","d","d","D","d","d","d","d","D","d","D","d","D","D","d","d","d","D","D","d","d","D","D","D","D","D","D","d","D","D","D","D","d","d","d","d","d","d","D","d","d",1.1156694702062
99,2,37,"aa",0,"Bb",1,"cc",0,2047,743,-1,-1,1,1,1,1,1,-1,-1,-1,"d","D","d","D","d","D","D","d","d","D","d","d","D","D","d","d","D","D","D","d","D","d","d","d","D","D","D","D","d","D","d","D","d","D","D","d","D","D","D","D","d","d","d","d","D","d","d","d","d",-0.709946531525912
88,2,38,"aa",0,"bb",0,"Cc",1,2058,519,-1,-1,-1,-1,-1,-1,-1,-1,-1,-1,"D","D","d","D","D","d","d","d","d","D","d","d","d","D","d","d","D","D","d","D","D","D","D","D","D","D","D","d","d","D","D","d","d","D","d","d","d","d","d","d","d","d","D","d","d","D","d","d","D",-1.07897753353957
95,2,39,"AA",2,"bB",1,"Cc",1,1221,1159,-1,-1,1,-1,-1,-1,-1,1,1,-1,"D","d","d","D","D","d","D","d","d","D","D","D","D","d","D","d","d","D","D","d","D","D","d","D","D","D","D","d","d","d","D","D","D","D","D","D","D","d","D","d","d","d","D","D","D","d","D","d","d",-0.527247226406854
105,2,40,"Aa",1,"BB",2,"Cc",1,904,2253,1,1,1,1,1,1,1,1,-1,-1,"d","d","D","D","D","d","d","D","d","d","d","D","d","d","D","d","d","d","D","d","d","d","d","D","D","D","D","d","d","D","D","D","d","D","D","d","D","d","D","d","d","d","d","D","D","D","d","d","D",-0.723897660374807
96,2,41,"aa",0,"Bb",1,"cC",1,1257,1288,-1,-1,-1,1,1,-1,-1,1,-1,-1,"d","D","d","D","D","D","d","D","D","D","d","D","D","D","d","d","D","D","D","D","d","d","d","D","d","D","D","d","d","D","d","D","D","D","d","D","D","D","D","d","d","D","D","D","d","d","d","d","d",0.409969723681067
99,2,42,"AA",2,"BB",2,"Cc",1,25,1884,-1,1,-1,-1,1,1,1,1,-1,-1,"d","D","D","D","D","D","D","d","d","D","D","D","D","D","D","d","d","d","D","d","D","D","d","D","D","d","d","d","d","D","D","D","D","D","D","D","D","D","d","D","d","D","d","d","D","D","d","d","d",-0.255016105472619
104,2,43,"aa",0,"bb",0,"CC",2,67,1296,-1,1,1,1,-1,1,1,1,1,1,"D","d","D","d","D","d","d","D","d","D","d","D","d","d","d","d","d","D","D","d","D","d","d","D","D","D","D","d","d","d","D","d","d","D","D","D","D","D","d","D","d","d","D","d","D","d","d","D","d",-1.33663821049383
106,2,44,"AA",2,"BB",2,"CC",2,457,1117,1,1,1,1,1,1,1,1,-1,-1,"d","D","D","D","D","d","d","d","d","D","d","D","d","d","D","d","d","D","D","d","D","d","D","D","d","D","D","d","d","d","d","D","D","D","D","d","D","D","D","D","D","D","D","d","D","D","d","d","d",0.743635292631142
103,2,45,"Aa",1,"bB",1,"cc",0,679,1105,1,-1,1,1,1,-1,1,1,-1,-1,"d","D","D","D","d","D","D","d","d","D","D","d","d","d","d","D","d","D","d","D","d","D","d","D","D","D","D","D","d","D","D","D","D","d","D","D","d","d","d","d","d","D","D","d","d","d","d","d","d",1.56050543331392
96,2,46,"aa",0,"BB",2,"CC",2,754,2361,1,-1,-1,1,-1,-1,-1,-1,-1,-1,"D","D","D","D","D","D","d","d","d","D","d","d","d","D","d","d","d","D","D","D","D","D","D","D","d","D","D","d","d","d","D","D","D","D","D","d","D","D","d","d","d","D","D","d","D","d","D","d","d",2.47240843076977
107,2,47,"Aa",1,"bb",0,"CC",2,1364,892,1,1,1,1,1,1,1,1,-1,-1,"D","d","D","D","D","d","d","d","D","d","D","d","D","D","d","D","d","D","D","d","D","d","d","D","D","D","D","d","d","d","D","D","d","d","d","D","d","d","D","d","D","d","d","d","d","d","d","d","D",1.95754671667546
101,2,48,"Aa",1,"Bb",1,"Cc",1,776,2330,-1,1,1,-1,1,1,1,1,-1,-1,"d","d","D","D","d","d","D","d","d","D","d","D","D","D","d","d","d","D","D","D","d","d","d","d","D","D","D","d","d","d","D","D","D","D","D","D","D","d","D","D","D","d","d","d","D","D","d","d","d",-0.265193810689976
99,2,49,"AA",2,"bb",0,"cC",1,826,110,-1,-1,1,1,1,1,1,1,-1,-1,"d","D","D","D","D","d","d","d","d","D","D","d","d","d","d","D","D","D","D","D","d","d","d","D","D","D","D","d","d","D","d","d","D","D","D","D","D","d","D","d","d","d","D","d","D","d","d","d","d",-2.10304616435973
101,2,50,"aa",0,"BB",2,"cC",1,468,993,-1,-1,1,1,1,1,1,1,-1,-1,"d","d","D","d","D","d","D","D","D","D","D","d","d","D","d","D","D","D","d","D","D","d","D","D","D","D","D","d","d","D","d","D","D","D","d","d","d","D","D","D","d","D","d","d","d","D","D","d","d",-0.486563738784517
96,3,1,"aa",0,"bb",0,"cC",1,1533,1658,1,-1,-1,-1,-1,1,1,-1,-1,-1,"d","D","D","D","D","D","d","d","D","D","D","D","D","d","D","d","d","D","d","d","D","d","D","D","D","D","D","d","D","D","D","D","d","d","D","D","D","D","d","D","d","d","D","D","d","d","d","d","d",0.152142202136458
90,3,2,"aA",1,"bb",0,"CC",2,252,18,-1,-1,-1,-1,-1,-1,-1,1,-1,-1,"D","d","D","D","d","D","d","d","d","d","d","d","D","d","d","D","d","D","D","D","d","d","D","D","D","D","D","d","d","D","d","D","d","d","d","d","d","D","d","d","d","d","d","d","d","d","d","d","d",-1.78396212355651
91,3,4,"aa",0,"BB",2,"cc",0,2,2125,-1,-1,-1,-1,-1,-1,-1,-1,-1,-1,"d","D","d","d","D","d","D","d","d","D","D","D","d","D","d","d","d","D","D","d","d","d","d","d","D","D","D","D","d","D","d","D","d","D","d","d","d","D","D","D","D","d","D","d","d","d","d","d","D",1.33458585181794
101,3,5,"Aa",1,"bB",1,"Cc",1,1167,791,-1,-1,1,1,1,1,1,-1,1,-1,"d","d","D","D","D","d","d","D","D","d","D","d","d","d","d","D","D","D","D","d","D","d","d","D","D","D","D","d","d","D","D","D","D","D","D","d","D","d","D","d","d","D","D","D","d","d","d","d","d",-0.665949386267254
97,3,6,"AA",2,"BB",2,"cc",0,2096,1006,-1,-1,1,1,-1,-1,1,1,-1,-1,"D","D","D","D","d","d","d","d","d","D","d","d","D","d","d","d","D","D","d","d","d","d","D","D","D","D","D","D","d","D","d","d","D","D","d","D","d","d","D","D","d","d","d","d","D","D","D","d","d",-0.0534196515284617
90,3,7,"aa",0,"BB",2,"cC",1,2191,2187,-1,-1,-1,-1,1,-1,-1,-1,-1,-1,"D","D","d","D","D","d","d","d","d","D","d","D","d","d","d","D","d","D","d","d","D","d","d","D","D","D","D","D","d","D","D","D","D","D","d","D","D","d","d","D","d","d","d","D","d","d","d","d","d",-1.19279345104728
97,3,8,"Aa",1,"Bb",1,"cC",1,1773,1597,-1,-1,-1,-1,1,-1,1,1,-1,1,"d","D","D","D","D","d","D","d","d","D","D","D","D","D","d","d","D","D","D","D","D","d","d","d","D","D","D","d","d","D","d","D","d","D","d","D","D","d","D","D","d","d","d","d","d","D","d","d","D",-0.0102528536509888
97,3,9,"aa",0,"bB",1,"Cc",1,2283,1332,-1,-1,1,-1,-1,-1,1,1,-1,-1,"d","D","D","D","D","D","d","d","d","D","d","d","D","d","D","D","d","D","D","d","d","D","d","D","D","D","D","d","d","D","D","D","d","D","d","D","d","d","D","d","d","d","d","D","d","d","d","d","d",1.06903531708887
98,3,10,"aA",1,"BB",2,"Cc",1,1289,447,-1,-1,-1,1,1,1,-1,1,-1,-1,"d","D","d","D","D","d","D","d","d","D","D","D","D","d","d","D","D","D","D","d","D","d","d","D","d","D","D","d","d","D","d","D","d","d","d","D","d","D","D","d","d","d","D","D","d","d","d","d","d",0.119936635189364
95,3,11,"Aa",1,"bb",0,"cC",1,1228,683,-1,1,-1,1,-1,1,1,-1,-1,-1,"D","d","D","D","D","d","d","D","d","d","D","d","d","d","d","d","d","D","d","d","D","d","d","D","D","D","D","d","d","d","d","d","d","d","D","D","D","d","D","d","D","d","D","D","d","d","d","d","d",-2.10725624751325
107,3,12,"Aa",1,"bb",0,"cc",0,647,2344,1,1,1,1,1,1,1,1,-1,1,"d","d","D","D","D","D","d","D","d","D","d","d","d","d","D","d","d","D","d","d","d","D","d","D","D","D","D","D","d","D","d","D","d","d","D","D","D","d","d","D","d","d","d","d","d","D","D","D","d",-0.733918427718364
97,3,13,"aA",1,"BB",2,"cC",1,2273,376,-1,-1,-1,-1,1,1,1,1,-1,-1,"d","D","D","D","D","D","D","D","d","D","D","d","D","d","d","D","D","d","D","d","D","D","D","d","D","D","D","D","d","D","D","D","D","d","D","D","D","D","D","d","d","D","D","D","d","d","D","d","d",-0.0785136036776195
105,3,14,"AA",2,"Bb",1,"cC",1,24,647,-1,1,1,1,1,1,1,1,-1,-1,"d","D","D","D","D","d","d","d","d","d","D","d","d","D","d","d","d","D","D","d","d","d","D","D","D","D","D","d","D","d","D","d","d","D","d","D","D","D","d","d","D","D","D","D","d","d","D","d","D",1.30858503402555
100,3,15,"AA",2,"bB",1,"Cc",1,391,307,-1,1,-1,-1,1,-1,1,1,1,-1,"D","d","D","D","D","d","D","d","d","D","d","d","D","d","d","D","d","D","D","d","d","d","d","D","d","D","D","d","d","d","D","D","D","D","D","D","D","D","d","d","D","d","d","d","D","d","d","D","d",0.614798529176998
102,3,16,"aA",1,"bB",1,"CC",2,1204,2156,-1,-1,1,1,-1,1,1,1,-1,1,"D","d","D","d","D","D","D","d","D","d","D","D","D","d","d","d","D","D","d","d","D","d","d","D","D","D","d","d","d","d","D","d","d","D","D","D","D","d","d","d","D","D","d","d","d","D","D","d","d",0.127952671178365
92,3,17,"aa",0,"bb",0,"cC",1,2211,845,-1,-1,1,-1,-1,1,-1,1,-1,-1,"D","D","d","D","D","D","D","D","d","d","D","d","D","d","d","d","D","D","D","D","D","D","d","D","D","D","D","d","d","d","D","d","D","D","d","D","D","D","D","D","d","d","D","d","d","d","D","d","d",-3.09123038317394
98,3,18,"AA",2,"bb",0,"Cc",1,247,1201,-1,-1,-1,1,1,-1,1,1,-1,-1,"D","d","D","D","D","D","d","d","d","D","d","d","d","D","d","d","d","d","d","d","D","D","D","d","D","D","D","d","d","D","D","D","D","D","D","D","D","d","d","d","D","D","D","d","d","d","d","D","d",0.622687553963087
108,3,19,"Aa",1,"BB",2,"Cc",1,1060,118,1,1,-1,1,1,1,1,1,1,1,"d","d","d","D","D","D","d","d","d","d","d","d","d","d","d","d","d","D","D","d","d","d","D","D","D","D","d","d","d","D","D","D","D","D","D","d","d","d","D","d","d","d","d","d","D","d","D","D","d",0.00264762720336072
101,3,20,"AA",2,"bb",0,"cC",1,728,1576,-1,1,1,1,1,1,-1,1,-1,-1,"D","D","D","D","D","d","d","D","d","d","d","d","D","d","d","d","d","D","D","d","d","D","D","D","D","D","D","d","d","d","D","d","d","D","D","D","d","D","d","d","d","D","D","d","D","D","D","D","d",-0.503663773103226
91,3,21,"AA",2,"BB",2,"Cc",1,2001,482,-1,-1,-1,-1,-1,-1,-1,-1,-1,-1,"D","d","D","D","D","d","d","d","D","d","d","d","d","D","D","d","D","D","D","d","D","d","D","D","D","D","D","d","d","D","D","D","D","d","D","D","D","D","d","d","D","D","d","d","D","d","d","d","d",1.99919844752095
94,3,22,"Aa",1,"bb",0,"CC",2,1098,527,-1,-1,-1,1,1,-1,-1,-1,-1,-1,"D","D","D","D","D","d","D","d","D","D","D","D","d","D","d","d","d","D","D","D","d","D","d","D","D","D","D","d","d","D","D","d","d","D","D","d","D","d","D","d","d","d","D","d","d","d","d","D","D",0.00308527049971825
99,3,23,"AA",2,"bb",0,"CC",2,2303,261,-1,-1,-1,1,1,1,-1,1,-1,1,"d","d","d","D","D","d","d","d","d","D","D","D","d","d","d","D","D","d","D","D","D","D","D","D","D","D","D","d","d","D","D","D","D","D","D","d","D","D","D","D","d","D","D","D","D","D","D","d","d",-0.754524577699546
104,3,24,"AA",2,"BB",2,"cC",1,717,829,1,-1,1,1,1,1,1,1,-1,1,"d","d","D","D","D","d","D","d","d","D","D","D","D","d","d","d","d","D","D","d","d","d","d","D","D","D","D","D","d","D","D","d","D","D","D","D","D","D","D","d","D","D","D","D","D","d","D","d","d",-1.40049158038205
100,3,25,"Aa",1,"Bb",1,"Cc",1,848,2045,1,1,1,-1,-1,-1,1,1,-1,1,"D","D","d","D","D","d","d","d","d","d","D","d","D","d","D","d","d","d","D","d","D","D","D","D","D","D","D","d","d","D","d","D","D","D","D","D","d","d","d","d","d","d","D","d","d","D","D","d","D",-1.67665624318631
105,3,26,"aA",1,"Bb",1,"Cc",1,1011,2414,1,1,-1,-1,1,1,1,1,1,1,"d","D","D","D","D","d","D","D","D","d","d","D","D","d","D","d","d","d","D","d","d","D","D","d","D","D","D","d","d","D","D","d","d","D","D","D","D","D","d","d","D","d","D","D","D","d","d","D","d",-0.828820850365797
97,3,27,"aA",1,"bB",1,"CC",2,2152,689,1,-1,1,-1,-1,1,1,1,-1,-1,"d","D","D","D","D","D","D","D","d","D","D","D","d","D","d","d","d","D","D","D","d","d","D","d","D","D","D","d","d","D","D","d","D","D","D","d","D","d","D","d","D","d","D","d","D","D","d","d","d",-2.39061136508661
94,3,28,"aa",0,"bB",1,"Cc",1,2271,1385,-1,-1,-1,-1,-1,-1,1,-1,-1,-1,"D","D","d","D","D","D","D","d","d","d","D","d","D","d","d","d","d","D","D","D","D","D","D","D","D","D","D","d","d","d","D","D","d","D","D","d","D","D","D","D","D","D","d","d","d","d","d","d","d",2.34572369677645
92,3,29,"aa",0,"bb",0,"Cc",1,2048,91,-1,-1,-1,-1,1,-1,1,-1,-1,-1,"d","D","d","D","D","d","d","D","d","D","D","d","D","D","d","d","D","d","D","D","D","d","d","D","D","D","D","d","d","D","D","d","d","D","D","d","D","d","d","d","D","D","d","D","D","d","D","d","d",-1.04672457109311
105,3,30,"Aa",1,"Bb",1,"CC",2,2042,331,-1,1,1,1,1,1,1,1,-1,-1,"D","D","d","D","D","D","d","D","d","D","D","D","D","D","D","d","d","D","D","D","D","D","d","D","D","D","D","d","d","d","d","d","D","D","D","D","D","d","D","d","d","D","d","d","D","d","D","D","d",1.24076356099748
104,3,31,"aA",1,"BB",2,"cC",1,542,1690,1,-1,1,1,1,1,1,-1,1,-1,"D","D","D","D","d","d","D","d","d","D","D","D","D","D","d","D","D","D","D","D","d","D","D","D","D","D","D","d","d","D","d","d","D","D","D","d","d","d","D","D","d","D","d","d","d","d","d","d","d",0.192167466791
97,3,32,"aa",0,"bb",0,"CC",2,2152,1509,1,-1,-1,1,-1,1,-1,1,-1,-1,"d","d","D","D","D","D","d","D","D","D","d","D","D","D","d","d","d","D","D","D","d","d","D","D","D","D","D","d","d","D","d","d","d","D","D","D","D","d","d","d","D","d","d","d","d","D","D","D","d",-0.848461233353057
96,3,33,"aa",0,"bB",1,"CC",2,177,159,-1,-1,-1,1,1,-1,-1,1,-1,-1,"D","D","D","D","D","d","D","d","D","d","d","D","D","d","d","d","D","D","D","d","D","d","d","D","D","D","D","D","d","D","D","d","D","D","D","d","D","d","D","d","D","d","d","d","d","D","d","d","D",0.00738777615707451
96,3,34,"aa",0,"Bb",1,"cC",1,1689,2256,-1,-1,1,-1,-1,-1,1,-1,-1,-1,"d","d","D","D","D","D","d","d","D","D","D","D","D","D","d","d","D","D","D","d","D","D","d","D","d","D","D","d","d","D","D","d","D","D","D","D","d","D","d","d","d","d","D","d","d","d","d","D","d",2.22048614449546
99,3,35,"aa",0,"BB",2,"CC",2,116,56,-1,-1,-1,-1,1,1,1,1,1,-1,"d","D","d","D","D","D","D","D","d","D","D","D","d","d","d","d","d","D","d","D","d","d","d","d","D","D","D","d","d","D","D","D","D","D","D","D","D","d","d","d","d","D","d","d","d","d","d","d","D",-0.78810052416552
94,3,36,"Aa",1,"BB",2,"Cc",1,2129,1306,-1,-1,-1,1,-1,-1,-1,1,-1,-1,"d","d","D","d","D","d","D","D","d","D","D","D","d","d","d","d","d","D","D","d","D","D","d","D","D","d","d","d","d","d","D","D","d","d","D","D","D","D","d","d","D","D","D","D","d","d","d","D","d",0.373379550851748
93,3,37,"aa",0,"bb",0,"cC",1,252,262,-1,1,-1,-1,-1,-1,-1,1,-1,-1,"D","d","D","D","D","D","D","d","d","D","D","D","D","D","d","D","d","D","D","D","D","d","d","D","D","D","D","d","d","d","d","d","D","d","D","D","D","d","d","d","d","d","d","d","d","d","d","d","d",-0.239715723500618
107,3,38,"AA",2,"BB",2,"Cc",1,1291,408,1,1,-1,1,1,1,1,-1,-1,-1,"D","D","D","D","D","d","D","d","D","D","D","d","D","d","d","d","d","D","d","D","d","D","d","D","d","D","D","d","d","D","D","d","d","D","d","D","D","d","d","d","d","d","d","d","d","d","D","d","D",5.13346858126108
92,3,39,"aa",0,"BB",2,"Cc",1,1455,1881,-1,-1,1,-1,-1,-1,-1,-1,1,-1,"D","d","d","D","D","D","D","d","d","d","D","D","d","d","d","d","D","d","D","D","D","D","D","D","D","D","D","d","d","d","D","d","d","D","D","D","D","d","D","d","D","d","d","D","d","D","d","d","d",-1.48056060646604
95,3,40,"aa",0,"bB",1,"CC",2,449,1527,-1,-1,1,1,1,-1,1,-1,-1,-1,"d","D","d","D","D","d","D","D","d","d","D","D","d","D","d","d","D","D","D","D","D","d","D","D","D","D","D","d","d","D","D","d","d","D","D","d","d","d","D","d","d","d","D","d","d","D","d","D","d",-2.03137834698847
94,3,41,"Aa",1,"Bb",1,"CC",2,193,1520,-1,-1,-1,1,-1,1,-1,-1,-1,-1,"d","D","D","D","d","d","d","d","d","d","d","D","d","D","d","d","d","D","D","D","d","d","d","D","D","d","D","d","d","D","D","D","D","d","D","d","d","D","d","d","d","d","D","d","d","d","D","d","d",0.411836640795879
98,3,42,"aa",0,"bb",0,"cc",0,243,1006,-1,-1,-1,1,1,-1,-1,1,-1,1,"d","d","D","D","d","d","d","d","d","d","d","d","D","d","d","d","D","d","d","d","d","d","D","D","D","D","D","d","d","D","d","D","D","D","D","d","d","d","D","d","d","D","D","d","d","d","d","D","d",0.0507489797723729
104,3,43,"AA",2,"bB",1,"cc",0,1556,2456,-1,-1,1,1,1,1,1,-1,1,-1,"D","d","d","D","D","d","d","D","D","D","d","d","d","D","d","d","D","d","D","D","d","d","d","D","D","D","D","d","D","D","d","d","d","D","D","D","d","D","d","D","D","d","d","d","d","D","d","d","d",2.20831336972334
100,3,44,"AA",2,"bb",0,"cc",0,1898,1859,1,-1,1,1,1,1,-1,1,-1,1,"d","D","d","D","D","d","D","d","d","d","D","D","d","d","d","D","D","D","D","D","D","D","d","D","D","D","D","D","D","d","D","d","D","D","d","D","D","D","D","d","D","d","D","D","d","D","D","d","d",-3.22411902768627
103,3,45,"AA",2,"bB",1,"CC",2,520,2426,1,-1,-1,1,1,1,1,1,-1,1,"d","d","D","D","D","D","D","d","d","D","D","D","D","d","d","d","d","D","D","D","d","d","D","D","D","D","D","d","d","d","d","d","D","d","D","D","D","d","d","d","d","d","d","D","d","d","d","d","d",-0.131243886642378
106,3,46,"aA",1,"Bb",1,"Cc",1,107,330,1,1,1,1,1,1,1,-1,-1,1,"d","D","D","D","D","D","d","D","d","d","D","D","d","d","d","D","D","D","d","d","D","d","d","d","D","D","d","d","D","d","d","d","D","D","d","d","D","d","D","D","D","d","d","d","D","d","d","d","d",0.110769145556293
98,3,47,"AA",2,"BB",2,"Cc",1,255,1773,1,-1,-1,-1,-1,-1,1,1,-1,-1,"D","D","D","D","D","D","d","D","d","D","D","D","D","D","d","d","d","D","d","D","D","D","d","d","d","D","D","d","d","D","D","D","d","D","D","D","D","d","d","d","D","D","D","D","d","d","D","d","D",2.76995206634012
100,3,48,"aa",0,"bB",1,"cC",1,718,521,1,1,-1,-1,1,1,1,-1,-1,-1,"D","d","d","d","D","d","D","d","d","D","D","d","d","D","d","D","d","d","D","d","d","D","d","D","D","D","D","d","d","d","D","D","d","D","D","D","D","d","D","D","D","d","D","d","D","d","d","D","d",0.522106575446749
94,3,49,"Aa",1,"bb",0,"CC",2,1259,260,-1,-1,-1,1,-1,1,1,-1,-1,-1,"D","D","D","D","D","D","d","d","d","D","D","D","D","d","d","D","D","D","d","D","D","D","d","d","D","D","D","D","d","d","d","D","d","D","d","D","D","D","d","D","d","d","d","d","d","d","d","d","d",-1.82178825286913
101,3,50,"Aa",1,"Bb",1,"CC",2,2497,9,-1,-1,1,1,1,-1,1,1,-1,1,"d","D","D","d","D","d","d","D","d","d","D","D","d","d","d","D","d","D","d","d","D","d","D","D","D","D","D","d","d","D","D","d","d","d","D","D","D","D","d","D","d","d","D","D","D","d","d","d","d",-0.330273359446972
92,4,1,"Aa",1,"BB",2,"CC",2,751,1553,-1,-1,-1,-1,-1,1,-1,-1,-1,-1,"D","d","D","D","D","D","d","d","D","d","d","d","d","d","d","d","d","D","D","d","d","d","D","D","D","D","D","d","d","D","d","d","d","D","D","d","d","D","D","d","d","D","d","d","d","D","d","d","d",0.244690289385777
98,4,2,"aa",0,"bb",0,"cC",1,1727,1941,-1,-1,-1,-1,1,1,-1,1,-1,1,"d","D","D","D","D","D","d","d","D","D","d","D","d","d","D","D","D","d","D","D","d","d","D","d","D","D","D","d","d","D","d","D","D","D","D","D","D","d","d","d","D","d","D","D","d","d","D","D","D",0.208013980154928
95,4,3,"Aa",1,"Bb",1,"CC",2,803,2480,-1,-1,-1,-1,1,1,-1,-1,-1,-1,"D","D","D","d","D","D","D","d","D","D","d","D","d","D","d","D","D","D","D","d","d","d","d","D","D","D","D","d","d","d","D","d","d","D","D","D","d","d","D","d","d","d","d","d","d","D","d","d","d",1.39708185352542
100,4,5,"Aa",1,"bB",1,"cC",1,1872,1811,-1,-1,1,1,1,1,1,1,-1,-1,"d","d","d","D","D","D","d","d","d","D","d","D","D","D","D","D","d","D","D","D","D","d","d","D","D","D","D","d","d","d","d","D","d","D","d","D","D","d","d","D","D","d","d","d","d","d","d","d","D",-1.07965900878925
94,4,6,"aA",1,"Bb",1,"Cc",1,949,2453,-1,-1,-1,-1,1,-1,1,1,-1,-1,"d","D","d","D","D","d","d","D","d","D","D","D","d","d","d","d","d","D","d","D","D","d","d","D","D","D","D","d","d","d","d","D","D","d","D","D","D","d","D","D","d","d","d","d","d","D","d","d","D",-1.10013163372185
93,4,7,"aA",1,"Bb",1,"cc",0,902,81,-1,-1,-1,-1,-1,-1,1,-1,-1,-1,"D","d","d","d","D","d","d","d","d","D","d","d","d","d","D","D","d","D","d","d","D","D","D","D","d","D","D","d","D","D","d","d","D","D","D","D","D","d","d","D","d","d","d","D","d","d","D","D","d",1.49804426488499
92,4,8,"Aa",1,"BB",2,"cc",0,605,43,-1,-1,-1,-1,-1,-1,1,-1,-1,-1,"d","d","D","D","D","d","D","d","D","d","D","D","d","D","d","D","d","D","D","d","d","d","D","D","D","D","D","d","d","D","D","D","d","d","D","d","D","d","d","D","d","d","d","D","D","d","d","D","d",0.124818166328455
100,4,9,"AA",2,"BB",2,"cc",0,1635,24,-1,-1,1,1,1,1,1,1,-1,-1,"D","d","D","D","D","d","d","d","d","d","D","d","d","d","D","D","d","D","D","d","d","d","D","D","D","D","D","d","d","d","d","D","d","D","D","D","D","D","D","d","d","d","d","d","D","d","d","d","d",-1.17184175454789
95,4,10,"aA",1,"bb",0,"Cc",1,694,355,1,1,-1,1,-1,-1,1,-1,-1,-1,"D","D","D","d","D","D","d","d","d","D","D","D","D","d","d","D","D","D","D","D","D","d","d","D","D","D","d","d","d","d","d","d","D","D","D","D","D","D","D","d","d","D","d","d","d","D","d","d","d",-2.32668736547128
104,4,11,"AA",2,"bb",0,"cC",1,406,2405,-1,1,1,-1,1,1,1,1,-1,1,"D","d","D","D","D","d","d","d","d","D","d","D","D","d","d","d","D","D","D","d","D","D","d","d","D","D","D","d","d","d","d","D","D","D","D","D","D","d","d","d","d","d","d","D","d","D","d","d","D",0.218643413319624
96,4,12,"aa",0,"bb",0,"CC",2,573,1958,-1,-1,1,-1,-1,1,1,1,-1,-1,"D","D","D","D","d","D","d","d","D","D","d","D","D","d","d","d","d","d","D","d","D","d","d","d","D","d","D","d","d","D","D","D","d","D","D","D","D","d","d","D","d","D","d","D","D","D","d","D","d",-1.69442263620776
97,4,13,"aA",1,"bB",1,"Cc",1,1427,1120,-1,-1,1,1,1,-1,-1,1,-1,-1,"d","D","D","D","d","d","D","d","d","d","D","D","D","d","d","D","D","D","d","d","d","D","d","D","D","D","D","d","d","D","D","d","D","D","d","D","D","D","d","d","D","D","D","d","D","d","D","d","d",-0.82731783985794
94,4,14,"Aa",1,"bb",0,"Cc",1,1778,1363,-1,-1,1,-1,-1,-1,-1,1,-1,-1,"d","d","D","D","D","d","d","D","d","D","d","d","d","d","d","d","D","d","D","d","d","d","D","D","D","D","D","d","d","d","d","d","D","D","D","D","d","D","D","d","D","d","d","d","d","d","D","d","d",0.490859861148312
93,4,15,"aa",0,"BB",2,"Cc",1,1289,1332,-1,-1,-1,-1,1,-1,-1,1,-1,-1,"d","D","D","D","D","d","d","d","d","D","D","D","D","d","D","D","d","D","D","d","d","d","D","d","D","d","D","d","d","D","D","d","d","d","D","D","d","D","D","d","d","D","d","D","d","d","d","d","D",-0.0675200949624218
110,4,16,"aA",1,"bb",0,"cC",1,2313,2106,1,-1,1,1,1,1,1,1,1,1,"D","D","D","D","D","d","d","d","d","d","d","D","D","D","d","d","d","D","D","d","d","d","d","D","D","D","D","D","d","d","D","d","D","D","D","D","D","d","D","D","d","d","D","D","D","D","d","D","d",2.14781268420563
101,4,17,"Aa",1,"Bb",1,"CC",2,2140,970,1,-1,1,-1,1,-1,1,1,-1,1,"d","D","D","D","d","d","d","d","D","D","d","D","D","d","d","d","d","D","D","D","D","d","d","D","D","D","D","d","d","D","D","D","d","D","d","D","D","d","d","D","d","d","d","d","D","d","D","d","d",-0.488663331915374
93,4,18,"aa",0,"Bb",1,"Cc",1,973,1822,-1,-1,-1,1,-1,-1,-1,1,-1,-1,"d","D","d","D","D","d","d","D","d","d","D","d","d","d","d","d","d","D","d","D","D","d","d","D","D","D","D","d","D","D","D","d","D","D","D","D","D","d","d","d","d","d","D","d","d","d","D","d","d",-0.608286416396974
99,4,19,"aA",1,"Bb",1,"cc",0,86,881,1,-1,1,1,1,-1,-1,-1,-1,-1,"D","D","d","D","D","d","d","D","d","D","D","d","D","D","d","d","d","D","D","D","d","D","d","D","D","D","D","d","d","d","D","D","D","d","d","D","d","d","d","d","d","D","D","d","D","d","d","d","d",1.79836941731622
95,4,20,"aA",1,"Bb",1,"Cc",1,1209,1760,-1,-1,1,-1,-1,1,1,-1,-1,1,"D","D","D","D","D","d","d","D","d","D","D","D","D","D","D","D","D","D","D","d","D","D","D","D","D","d","D","d","d","D","D","d","D","d","D","D","D","d","D","d","D","D","d","d","d","d","d","d","d",-2.25335392683172
98,4,21,"aA",1,"bB",1,"cC",1,2278,2402,-1,-1,-1,-1,1,1,1,-1,-1,-1,"d","D","D","D","D","d","d","d","d","D","D","d","D","d","D","D","d","D","D","D","d","D","d","D","D","d","D","d","d","D","D","d","D","D","D","D","d","D","D","D","d","d","D","d","D","d","d","D","d",2.32538709404896
98,4,22,"aa",0,"bB",1,"CC",2,1162,123,-1,-1,1,1,-1,1,1,1,-1,-1,"d","d","d","D","D","D","d","d","d","D","D","D","D","d","d","d","D","D","d","d","D","d","d","d","d","d","D","d","d","D","d","D","D","D","D","D","D","D","d","D","d","d","D","d","d","D","d","D","d",-1.14884625796457
103,4,23,"AA",2,"bb",0,"cC",1,1698,2186,1,-1,1,1,1,1,1,1,-1,-1,"D","d","d","D","D","d","D","d","d","D","D","D","D","d","d","D","D","D","d","d","D","D","D","D","D","D","D","d","d","D","D","D","D","D","D","D","D","D","d","D","D","d","d","D","D","d","d","d","d",-0.572235563597618
103,4,24,"aa",0,"Bb",1,"Cc",1,344,1095,-1,-1,1,1,-1,1,1,1,1,-1,"d","D","d","d","D","d","d","d","D","D","d","d","D","D","D","d","D","d","D","d","D","D","D","D","D","D","D","d","d","D","D","D","d","d","D","d","D","d","D","D","d","d","D","d","d","d","D","d","d",1.06247963694831
93,4,25,"aA",1,"BB",2,"cC",1,522,1147,-1,-1,1,-1,-1,-1,1,-1,-1,-1,"d","D","D","d","d","d","d","d","D","D","D","D","D","D","d","D","d","D","D","d","d","d","D","D","D","D","D","D","D","d","D","D","d","D","D","D","d","D","D","D","d","D","d","d","d","d","d","D","d",-0.0803325469653602
108,4,26,"aa",0,"Bb",1,"CC",2,665,1101,1,1,1,1,1,1,1,1,-1,1,"d","D","D","D","D","D","d","d","D","d","D","D","D","D","d","D","d","D","D","D","d","D","D","D","d","D","D","d","d","D","D","D","D","D","D","D","D","D","d","d","d","D","d","d","d","D","d","d","D",0.325015479985382
102,4,27,"AA",2,"bB",1,"Cc",1,345,143,-1,-1,-1,1,1,1,1,1,-1,1,"D","D","D","D","d","D","D","D","d","D","D","d","D","d","d","d","D","d","D","D","D","d","D","D","D","D","D","d","D","d","D","d","D","D","d","D","d","d","d","d","D","d","D","D","d","D","d","d","D",0.979735205559011
100,4,28,"aa",0,"Bb",1,"cC",1,2084,2474,-1,-1,1,-1,1,1,1,1,-1,-1,"d","d","d","D","D","D","D","d","d","D","D","d","D","d","d","D","d","D","D","d","D","d","d","D","D","D","D","D","d","d","D","D","D","d","D","d","D","D","d","d","D","D","d","d","d","D","d","d","D",0.610155088767402
103,4,29,"Aa",1,"bb",0,"cC",1,1576,574,1,1,1,-1,1,1,1,1,-1,-1,"d","d","D","D","D","d","d","d","d","d","D","d","D","d","d","D","D","D","D","d","D","d","d","D","D","D","D","d","d","D","D","d","d","d","d","D","d","d","d","d","D","d","D","D","d","D","d","d","D",-0.900244738369505
88,4,30,"aA",1,"Bb",1,"CC",2,284,561,-1,-1,-1,-1,-1,-1,-1,1,-1,-1,"d","d","d","D","d","d","D","d","d","d","D","d","d","d","d","d","D","d","D","D","D","d","d","D","D","D","D","d","d","D","D","D","D","d","d","D","D","D","D","D","d","D","D","d","d","d","d","d","d",-3.12849443190685
99,4,31,"aA",1,"bB",1,"Cc",1,614,2353,1,-1,1,-1,1,1,-1,-1,-1,1,"D","d","D","D","D","d","d","D","d","D","D","d","D","d","d","d","D","d","D","d","D","d","D","D","D","D","D","d","d","d","D","d","D","D","D","D","D","D","D","d","d","d","d","D","D","d","d","d","d",-0.503658367471857
98,4,32,"Aa",1,"Bb",1,"Cc",1,101,1113,-1,-1,-1,1,-1,-1,-1,-1,1,1,"D","d","D","D","D","d","d","d","D","D","D","D","D","d","d","D","D","d","D","d","D","D","d","D","D","D","D","D","D","D","D","d","d","D","D","D","D","D","d","d","d","D","D","d","d","D","D","D","d",2.77451890342568
103,4,33,"Aa",1,"bb",0,"CC",2,1665,2451,-1,1,-1,1,1,1,1,1,-1,-1,"D","d","d","D","D","d","d","d","d","D","d","d","D","d","D","D","D","D","D","d","d","d","D","D","D","D","D","d","D","d","D","D","D","D","d","D","D","D","D","D","D","D","d","D","d","d","d","D","d",1.3294579006436
94,4,34,"aa",0,"BB",2,"CC",2,575,1165,-1,-1,-1,1,1,-1,-1,-1,1,-1,"D","d","D","D","D","d","d","d","D","D","d","D","d","d","d","d","D","D","D","d","D","D","d","D","D","D","D","d","d","d","D","d","D","D","d","D","D","D","d","D","d","d","d","D","d","D","d","d","d",-1.58342150812991
102,4,35,"Aa",1,"Bb",1,"cc",0,1984,180,-1,-1,1,1,-1,1,1,1,-1,1,"D","D","D","D","d","d","D","D","d","D","D","d","d","d","d","D","d","d","d","d","D","d","D","d","d","D","D","d","d","D","D","D","d","d","D","D","D","d","d","d","D","D","D","d","d","D","d","d","d",0.701473176502466
97,4,36,"aa",0,"bB",1,"Cc",1,473,1135,-1,-1,-1,1,1,-1,1,-1,-1,-1,"D","D","d","D","D","d","d","d","d","D","D","d","D","D","D","D","d","D","d","d","D","D","D","D","D","D","D","d","d","d","D","D","d","D","d","D","d","D","d","d","d","d","D","D","d","D","D","d","d",1.66757943141849
94,4,37,"Aa",1,"Bb",1,"cC",1,642,703,-1,-1,1,-1,1,-1,-1,-1,-1,-1,"d","D","D","D","D","D","d","d","d","D","d","D","D","D","D","d","d","D","d","D","D","d","d","D","d","D","D","d","D","d","d","D","D","D","D","D","D","d","D","d","D","d","D","D","d","d","d","d","D",0.989659156541238
100,4,38,"Aa",1,"BB",2,"cC",1,1348,1946,1,-1,-1,1,1,1,1,-1,-1,-1,"d","D","d","D","D","D","d","d","d","d","D","D","D","D","D","D","D","D","D","D","D","d","d","d","D","D","D","d","d","d","d","d","D","D","D","d","D","d","d","D","d","d","d","D","D","d","d","d","d",0.545725589992675
99,4,39,"AA",2,"BB",2,"cc",0,678,1133,-1,1,-1,-1,1,-1,1,1,-1,-1,"d","D","d","D","D","d","D","d","d","D","D","d","D","d","d","d","d","D","d","d","D","D","D","d","D","D","D","d","d","d","d","D","D","D","D","D","D","D","d","D","D","d","d","D","d","d","D","d","d",1.99519655787703
96,4,40,"aa",0,"Bb",1,"cC",1,1600,687,-1,-1,1,-1,-1,1,-1,1,-1,-1,"D","D","d","d","D","D","d","d","D","d","d","D","d","d","d","D","D","d","d","d","d","D","D","D","D","D","D","d","D","D","D","d","D","D","D","D","d","d","D","d","d","d","d","d","D","d","D","d","d",0.338833650297138
94,4,41,"aA",1,"bb",0,"cc",0,130,984,-1,-1,-1,-1,-1,-1,1,-1,-1,-1,"d","d","d","D","D","d","d","D","d","D","D","D","d","d","d","d","d","D","D","D","D","d","d","D","D","D","d","d","d","D","d","D","d","D","D","d","D","D","D","D","d","d","D","d","d","d","D","d","D",2.05844987468423
102,4,42,"AA",2,"bb",0,"Cc",1,1014,1832,-1,-1,1,1,1,1,1,1,-1,-1,"d","D","D","D","d","D","D","d","d","D","d","D","d","d","d","D","d","D","D","d","D","D","D","D","D","D","D","D","d","D","d","D","D","D","D","d","D","D","D","d","D","d","d","d","d","D","D","D","d",0.183113005736134
100,4,43,"aA",1,"Bb",1,"Cc",1,313,1080,-1,1,-1,-1,1,1,1,1,-1,1,"D","d","d","D","D","d","D","d","D","D","D","d","D","d","d","d","D","D","d","d","D","D","d","D","D","D","D","d","d","d","d","D","D","D","D","D","d","D","d","d","d","D","D","D","D","d","D","d","d",-1.5067324575864
109,4,44,"aA",1,"bb",0,"cc",0,2266,2164,1,1,1,1,1,1,1,1,1,1,"D","D","D","D","D","d","d","d","D","d","D","D","D","D","D","D","d","d","D","d","d","d","D","D","D","D","D","d","d","D","D","D","D","D","D","D","D","d","d","D","d","d","d","d","D","d","d","D","D",-0.258130270392758
107,4,45,"Aa",1,"BB",2,"Cc",1,1676,1145,1,-1,1,1,1,1,1,1,1,-1,"d","D","d","D","D","d","D","d","d","d","D","D","d","d","D","d","d","D","D","D","D","d","d","D","D","D","D","d","d","D","D","D","D","D","D","d","D","D","d","d","D","d","d","D","d","d","d","d","D",1.02732393992643
94,4,46,"aA",1,"bb",0,"cC",1,66,1172,-1,-1,-1,-1,-1,1,-1,1,-1,-1,"d","d","D","D","d","D","D","D","d","d","D","D","D","D","D","d","D","D","D","D","d","d","d","D","D","D","D","d","d","D","d","D","D","D","D","d","D","d","D","d","D","d","d","D","d","d","d","d","d",0.89833585310758
91,4,47,"aA",1,"Bb",1,"cc",0,80,1223,-1,-1,-1,-1,-1,-1,1,-1,-1,-1,"D","D","D","D","D","d","D","d","d","D","D","D","d","d","d","d","d","D","D","D","D","D","d","D","D","D","D","d","d","D","D","D","D","D","d","d","d","D","D","d","D","D","d","d","d","d","d","d","d",-0.685400429214451
91,4,48,"aA",1,"BB",2,"cC",1,624,503,-1,-1,-1,-1,1,-1,-1,-1,-1,-1,"d","d","D","D","D","D","D","D","D","D","d","D","d","d","D","D","d","D","D","d","d","D","D","D","D","D","d","d","d","D","D","d","d","d","D","d","D","D","d","D","d","d","D","D","D","d","d","d","D",-0.0103569496209957
105,4,49,"aa",0,"BB",2,"CC",2,1792,1097,1,1,1,1,1,1,-1,1,-1,1,"d","D","d","d","D","d","d","d","d","D","D","D","d","d","d","d","D","d","D","D","D","D","d","D","D","D","D","d","D","d","d","d","D","D","d","d","D","d","D","d","d","D","d","D","d","d","d","d","d",-0.81598815726396
90,4,50,"Aa",1,"bB",1,"cC",1,893,1335,-1,-1,-1,-1,-1,-1,-1,-1,1,-1,"D","d","D","D","d","d","d","D","d","D","D","D","D","d","d","d","D","D","D","d","D","D","D","d","d","D","d","d","D","D","d","D","D","D","d","d","D","d","D","d","d","d","D","D","D","D","D","d","d",-1.33638235892059
95,5,1,"AA",2,"bB",1,"cc",0,1543,2129,1,-1,-1,-1,-1,1,1,-1,-1,-1,"d","d","d","D","d","d","d","D","D","D","D","d","d","D","d","d","d","D","D","d","d","d","d","D","D","D","D","D","d","d","D","d","d","d","D","d","D","D","d","D","d","d","d","d","D","d","d","D","D",-0.229830550012715
102,5,2,"aA",1,"Bb",1,"cC",1,2429,995,1,-1,1,-1,1,1,1,1,-1,-1,"D","d","D","d","D","d","d","d","D","D","d","D","d","d","d","d","d","D","D","d","D","D","d","D","D","D","D","d","d","d","d","D","d","D","d","D","D","d","D","d","d","D","d","D","d","D","d","d","D",0.864156265958865
100,5,3,"AA",2,"bB",1,"Cc",1,634,1679,-1,-1,-1,1,-1,1,1,1,1,-1,"d","d","D","D","D","D","D","D","d","D","D","D","D","d","d","d","d","D","D","d","d","d","d","D","D","D","D","d","d","D","d","d","D","D","D","D","d","D","D","D","d","D","d","D","d","D","d","d","d",0.766233908653305
91,5,4,"AA",2,"BB",2,"cC",1,1648,992,-1,-1,-1,1,-1,-1,-1,-1,-1,-1,"D","D","D","D","D","d","D","d","d","D","d","D","d","d","D","d","d","D","D","d","D","D","d","D","d","D","d","d","d","D","d","d","D","D","d","D","d","d","D","D","D","D","d","D","d","d","d","d","d",-0.755891648377157
96,5,6,"aa",0,"BB",2,"cC",1,800,1951,-1,-1,-1,-1,1,1,-1,1,-1,-1,"D","D","D","D","D","d","d","d","D","D","D","d","D","d","d","D","D","D","D","d","D","D","d","D","d","D","D","d","d","D","D","d","D","D","D","D","D","D","d","d","D","d","d","d","d","D","d","d","d",0.609005159950573
92,5,7,"Aa",1,"Bb",1,"cC",1,1878,1338,-1,-1,-1,-1,-1,1,-1,-1,-1,-1,"D","D","d","D","D","d","D","d","d","D","D","D","D","d","d","d","D","D","D","d","D","d","D","D","d","D","D","d","d","d","D","D","D","D","D","d","D","D","D","d","d","D","D","d","d","d","d","d","D",0.0972996349311565
93,5,8,"AA",2,"Bb",1,"CC",2,1253,221,-1,-1,-1,-1,1,-1,1,-1,1,-1,"D","D","D","D","D","d","D","D","d","d","D","D","d","d","D","D","d","D","D","d","D","d","D","D","D","D","D","d","D","d","d","d","D","d","D","D","d","D","d","d","D","D","d","d","d","d","d","D","d",-2.81669656845719
105,5,9,"AA",2,"bB",1,"cc",0,718,2261,1,1,1,1,1,1,1,1,-1,-1,"D","d","d","d","D","D","d","d","D","D","D","d","D","d","d","D","d","d","D","d","d","d","D","D","D","D","d","d","d","d","d","D","d","D","D","D","D","d","d","D","D","D","d","d","d","d","D","d","D",-0.516188949647897
100,5,10,"Aa",1,"bB",1,"cC",1,644,349,-1,-1,1,1,1,-1,1,1,-1,-1,"d","D","d","d","d","d","D","d","d","D","D","D","d","D","d","d","d","D","D","d","d","D","D","D","D","D","D","d","d","D","D","D","D","D","d","D","D","d","D","d","D","D","d","D","D","D","d","d","d",0.673574635710179
99,5,11,"aA",1,"BB",2,"Cc",1,1597,2259,-1,1,1,-1,-1,1,1,-1,1,-1,"d","D","D","d","D","D","d","d","D","D","D","D","d","d","d","D","d","D","d","D","D","d","D","d","D","D","D","d","d","d","D","d","d","D","D","D","d","D","D","D","d","d","d","d","D","d","d","D","D",-0.973169576025841
104,5,12,"AA",2,"bB",1,"cC",1,758,1291,-1,1,1,1,1,1,1,1,-1,-1,"d","D","D","D","D","d","d","d","D","d","D","d","d","d","D","D","d","D","D","D","D","d","D","D","D","D","D","d","d","D","D","D","d","d","D","D","D","D","d","d","d","D","D","D","d","d","d","d","d",0.191732496947617
106,5,13,"aA",1,"Bb",1,"cC",1,2496,2415,1,-1,1,1,1,1,1,1,1,-1,"D","D","D","D","d","D","d","d","D","D","d","D","D","d","D","d","d","D","D","d","d","d","d","D","D","D","D","d","d","D","D","D","d","D","d","D","D","D","d","d","d","d","d","d","d","d","D","D","d",0.37075325549239
94,5,14,"AA",2,"bb",0,"CC",2,1565,2241,-1,-1,-1,-1,-1,-1,1,1,-1,-1,"d","D","d","d","D","d","D","d","D","D","d","d","d","d","D","D","D","d","d","d","D","D","d","D","D","D","D","d","D","D","d","D","d","D","d","D","D","D","D","d","d","d","D","D","d","d","D","d","d",0.43621126254748
104,5,15,"AA",2,"Bb",1,"cc",0,1984,1886,-1,1,1,1,1,1,1,1,-1,1,"D","d","D","d","D","d","d","d","d","D","D","D","D","d","D","D","D","d","D","D","D","d","d","D","D","d","d","d","d","D","D","D","D","d","d","D","d","d","D","D","D","D","d","d","D","d","d","d","D",-1.44943636085661
95,5,16,"aa",0,"Bb",1,"cc",0,2000,2384,-1,-1,-1,-1,1,-1,-1,1,1,-1,"d","D","D","D","D","D","D","d","d","D","D","d","D","d","D","d","D","d","d","D","d","D","D","D","D","D","D","d","D","D","D","D","d","D","D","D","D","d","d","d","d","D","D","D","d","d","D","D","d",-0.931733946284408
105,5,17,"aA",1,"bB",1,"CC",2,47,1138,-1,1,1,1,1,1,1,-1,1,-1,"d","D","d","D","D","d","d","D","d","D","d","d","D","D","d","d","D","D","d","D","D","D","D","D","D","D","D","d","d","D","d","d","D","D","D","d","d","D","d","D","D","d","d","d","d","d","d","d","d",1.2582090108649
104,5,18,"aa",0,"BB",2,"cc",0,208,314,-1,1,1,1,1,1,1,1,-1,1,"d","D","D","D","D","D","d","d","D","D","D","D","d","d","d","D","D","D","d","D","d","d","D","D","d","D","D","d","d","d","D","d","d","D","D","D","d","d","d","d","d","d","D","d","d","d","D","d","D",-1.92441018823741
95,5,19,"Aa",1,"Bb",1,"cC",1,2120,2055,-1,1,-1,1,-1,1,-1,-1,1,-1,"D","D","D","D","D","D","D","D","D","d","D","D","d","D","d","d","d","d","d","d","D","D","D","D","D","D","D","d","d","D","d","d","d","D","D","D","d","D","d","D","D","d","D","d","D","d","d","d","D",-2.24394203629478
97,5,20,"aA",1,"bb",0,"cC",1,845,247,-1,-1,1,-1,1,1,1,1,-1,-1,"D","d","D","D","D","d","D","d","D","d","D","D","d","d","D","D","D","D","d","d","D","D","D","D","D","D","D","d","d","D","D","D","D","d","D","D","D","d","D","d","d","D","D","d","D","D","D","d","d",-2.2677352826096
98,5,21,"Aa",1,"bB",1,"Cc",1,1820,1812,-1,1,-1,1,1,-1,1,1,-1,-1,"D","D","d","D","d","d","D","d","d","D","D","D","D","d","D","D","d","D","d","D","d","d","D","D","d","D","D","d","d","D","d","d","d","D","D","D","D","D","d","d","d","d","d","d","D","D","d","d","d",-1.73274764721211
106,5,22,"aa",0,"bb",0,"Cc",1,1511,1127,1,1,1,1,1,1,1,-1,1,-1,"d","d","d","D","D","d","d","d","D","D","d","D","D","d","d","d","d","D","D","D","d","d","d","D","D","D","D","d","D","d","d","d","d","D","D","d","d","d","D","D","D","d","d","d","D","d","d","d","d",0.403888618107298
95,5,23,"Aa",1,"bB",1,"CC",2,634,486,-1,1,-1,1,-1,-1,-1,-1,1,-1,"D","d","D","D","d","D","d","D","d","d","D","D","d","d","d","d","d","D","D","d","D","d","d","D","D","D","D","d","D","D","d","d","D","D","D","d","d","d","d","D","d","D","d","D","d","D","d","D","d",-0.880784201487668
91,5,24,"aa",0,"Bb",1,"CC",2,1804,1958,-1,-1,-1,-1,-1,-1,-1,-1,-1,-1,"D","D","D","d","d","d","d","d","D","D","d","d","D","d","d","D","d","D","D","d","D","d","D","D","D","D","D","d","D","D","D","d","D","d","D","D","D","d","d","d","d","d","D","D","D","d","d","d","d",1.10296457896833
104,5,25,"AA",2,"Bb",1,"cc",0,1698,2008,-1,1,1,1,1,-1,1,1,-1,1,"d","D","d","D","D","d","d","d","D","D","D","D","D","d","d","d","d","D","D","d","D","d","d","d","D","D","D","d","d","d","D","D","d","D","D","D","D","D","D","D","d","D","d","d","d","d","d","d","d",0.646492275226258
94,5,26,"AA",2,"BB",2,"CC",2,2302,612,-1,-1,-1,1,1,-1,-1,-1,-1,-1,"D","D","d","D","D","D","d","d","d","d","d","D","d","d","D","D","D","D","D","d","d","d","d","D","D","D","D","d","d","D","D","D","d","d","D","D","d","d","d","D","D","d","D","D","d","D","d","d","d",0.0574754881145777
90,5,27,"aa",0,"BB",2,"cC",1,1880,2373,-1,-1,-1,1,-1,-1,-1,-1,-1,-1,"d","D","D","D","D","D","d","d","d","D","d","D","D","d","d","d","D","D","d","d","D","d","D","D","D","d","D","D","d","d","D","D","d","D","D","D","D","d","D","D","d","d","D","d","d","d","d","d","D",-1.06494092811832
102,5,28,"aA",1,"BB",2,"Cc",1,116,623,-1,-1,-1,1,1,1,1,1,1,-1,"d","D","D","D","D","d","d","D","D","D","d","D","D","d","D","d","d","d","D","D","d","D","d","D","d","D","D","d","d","D","D","d","d","D","D","D","D","d","d","d","D","d","d","d","d","D","d","d","d",0.241653180559043
91,5,29,"aa",0,"bB",1,"cC",1,1838,434,-1,-1,-1,-1,-1,-1,-1,1,-1,-1,"d","d","D","D","D","d","d","d","d","d","D","d","D","d","d","D","d","D","D","d","D","d","d","D","D","D","D","d","D","D","D","d","d","D","D","d","d","D","D","d","D","d","d","d","d","D","d","d","d",-0.211671476307778
103,5,30,"Aa",1,"bb",0,"cc",0,974,1062,-1,1,1,1,-1,1,1,1,-1,-1,"D","D","D","D","D","d","d","d","d","D","d","D","D","d","d","D","D","D","D","D","d","d","D","D","D","D","D","d","d","D","D","D","D","D","D","D","D","d","D","d","D","d","d","d","D","D","D","d","d",1.26516709874696
99,5,31,"Aa",1,"bB",1,"Cc",1,1760,1785,-1,-1,-1,1,1,-1,1,1,-1,-1,"d","D","d","D","D","d","d","d","d","D","D","D","D","d","D","D","d","D","D","D","D","D","D","D","D","D","D","d","d","D","d","D","D","D","D","D","D","D","d","d","d","d","d","d","d","d","d","d","d",1.14254295921785
100,5,32,"Aa",1,"Bb",1,"cc",0,1534,1047,-1,1,1,1,1,-1,-1,1,-1,-1,"d","d","d","D","D","d","d","d","d","D","d","d","d","d","d","D","D","d","d","d","d","D","d","D","D","D","D","D","D","d","d","d","d","D","D","d","D","D","d","D","d","d","D","d","d","d","D","d","d",0.63278979732959
97,5,33,"Aa",1,"bB",1,"cC",1,1381,2353,-1,-1,-1,-1,1,1,-1,1,-1,1,"D","D","D","D","D","D","d","d","d","D","D","D","D","D","D","D","D","D","D","d","D","d","D","d","D","D","D","d","d","D","D","D","D","D","D","D","d","d","D","d","d","D","d","D","D","D","d","d","d",-0.693050452330405
98,5,34,"Aa",1,"bB",1,"cC",1,975,575,-1,-1,1,-1,1,1,-1,-1,1,1,"D","D","d","D","D","D","d","d","d","D","d","d","D","d","d","D","d","d","D","D","D","d","d","D","d","d","D","d","d","D","D","D","D","D","D","D","D","d","d","d","D","d","d","d","D","d","D","d","d",-1.54369004576155
99,5,35,"aA",1,"bB",1,"cC",1,2436,1291,1,1,-1,-1,-1,1,1,1,-1,-1,"d","d","D","D","D","d","d","d","D","D","D","D","d","d","D","d","d","D","D","D","D","D","D","D","D","D","D","D","d","d","D","d","d","d","D","d","D","D","d","D","D","d","d","D","d","D","d","D","d",-0.752275941594074
96,5,36,"aa",0,"bB",1,"Cc",1,2256,580,-1,-1,1,-1,1,1,-1,-1,-1,-1,"d","D","D","D","D","d","d","D","d","D","d","D","D","d","d","D","d","D","D","D","d","d","d","D","d","D","D","D","d","D","D","D","D","D","d","d","d","d","D","d","D","D","D","d","d","d","d","d","d",0.506568720426312
94,5,37,"aA",1,"bB",1,"cC",1,1683,1335,-1,-1,-1,-1,1,-1,1,-1,-1,-1,"D","D","D","D","d","d","D","D","D","D","D","d","D","D","d","d","D","D","d","D","D","D","D","d","D","D","d","d","d","D","d","D","D","D","d","D","d","D","D","d","d","d","D","D","D","d","D","d","d",0.589248248429879
95,5,38,"AA",2,"BB",2,"CC",2,1797,1361,-1,-1,-1,-1,1,1,1,-1,1,-1,"D","d","D","d","D","D","d","d","d","D","d","D","d","d","D","D","d","D","d","D","d","d","d","D","D","D","D","d","d","d","d","d","D","D","D","D","d","D","d","d","D","d","D","D","D","d","d","d","d",-2.81300850095479
98,5,39,"aA",1,"Bb",1,"cc",0,1272,1035,-1,-1,1,-1,1,-1,1,1,-1,-1,"d","D","D","D","D","d","d","d","D","D","d","d","d","d","d","d","d","D","D","D","d","d","d","D","D","D","D","d","d","D","D","d","d","D","D","d","D","D","D","D","d","D","d","d","d","D","d","D","d",0.600732417295891
106,5,40,"aa",0,"bB",1,"Cc",1,1925,553,1,-1,1,1,1,1,1,1,-1,1,"d","d","D","D","D","d","d","d","d","D","D","D","d","D","D","D","D","D","D","d","d","D","d","D","D","D","D","d","d","D","d","D","d","D","D","D","D","d","d","d","d","d","d","d","D","d","d","D","D",0.157813083931586
100,5,41,"aA",1,"bB",1,"Cc",1,1052,185,1,1,-1,-1,1,1,1,-1,-1,-1,"d","d","D","D","D","D","D","d","d","D","d","D","d","d","D","d","D","D","D","D","D","d","d","D","D","D","D","d","d","D","D","D","D","D","D","d","D","d","D","d","d","d","d","d","D","d","D","d","d",0.76887317012107
94,5,42,"aA",1,"BB",2,"Cc",1,2200,698,-1,-1,-1,-1,-1,1,-1,1,-1,-1,"D","D","D","D","D","d","D","d","d","D","D","d","d","D","d","D","D","D","d","D","d","d","D","d","D","D","D","d","d","d","D","d","D","D","D","D","D","D","d","D","d","d","d","D","d","d","D","d","D",0.934924147966003
92,5,43,"aa",0,"Bb",1,"cC",1,79,1427,-1,-1,-1,-1,-1,-1,1,-1,-1,-1,"D","d","D","D","D","d","d","d","d","d","d","d","D","d","d","d","d","D","D","D","d","d","d","d","D","D","D","d","d","d","D","d","d","D","D","D","d","D","D","d","d","d","D","d","d","d","d","d","d",0.842955552871711
95,5,44,"Aa",1,"Bb",1,"Cc",1,1420,2493,-1,-1,-1,-1,1,1,-1,-1,-1,-1,"D","D","D","D","D","d","d","d","d","d","D","D","d","d","d","d","d","D","D","D","d","D","D","D","D","D","D","d","d","D","d","D","D","d","D","d","D","D","D","d","d","D","D","D","D","D","D","d","D",1.14853952938321
99,5,45,"aa",0,"BB",2,"CC",2,1855,1796,1,-1,-1,1,1,-1,1,-1,-1,-1,"D","D","D","D","D","d","D","D","d","D","d","D","D","d","d","d","D","D","D","D","d","d","D","D","D","D","D","D","d","D","d","D","d","d","d","D","D","D","d","D","D","D","d","D","D","d","D","d","d",1.11354187197552
98,5,46,"aA",1,"bB",1,"Cc",1,2029,1146,1,-1,1,1,-1,1,1,1,-1,-1,"D","D","d","d","D","D","d","d","d","D","d","D","D","d","D","d","d","D","d","D","D","d","d","d","D","D","D","d","d","D","d","d","D","D","D","D","d","d","D","d","d","D","d","D","d","D","d","D","d",-3.06533028264798
99,5,47,"aa",0,"bb",0,"CC",2,73,1312,-1,-1,1,-1,-1,1,1,1,-1,-1,"D","d","d","D","d","d","d","d","d","D","D","D","d","d","d","D","D","d","d","d","d","d","d","D","D","D","D","d","d","D","D","D","D","D","D","D","d","D","D","D","d","d","d","d","d","d","d","d","d",1.36753478426777
101,5,48,"aA",1,"BB",2,"Cc",1,2095,214,-1,-1,1,1,1,-1,1,1,-1,-1,"D","D","d","D","d","d","d","d","D","d","D","D","D","d","D","d","D","D","D","d","D","D","d","d","D","D","d","d","D","D","d","d","D","D","D","d","D","D","d","d","d","d","d","d","d","d","D","d","d",1.89484857907521
98,5,49,"aA",1,"Bb",1,"cC",1,412,1541,-1,-1,-1,1,-1,1,1,1,-1,-1,"D","D","d","d","D","D","d","D","d","D","d","D","D","d","d","D","D","d","d","d","d","D","D","D","D","D","D","D","d","D","d","D","d","D","d","D","d","D","D","D","D","d","d","D","d","d","d","d","d",0.435594046018011
98,5,50,"aa",0,"BB",2,"cC",1,741,1671,1,-1,1,-1,-1,-1,-1,1,1,-1,"d","D","D","D","D","d","D","d","d","d","d","D","d","d","d","D","D","d","D","D","D","d","D","D","d","D","D","d","d","d","D","d","d","D","D","D","d","d","d","D","D","d","D","d","d","d","D","D","d",0.999540250775802
92,6,1,"AA",2,"BB",2,"cC",1,2336,1463,1,-1,-1,-1,-1,-1,-1,1,-1,-1,"d","d","D","D","D","d","d","d","d","D","D","D","D","d","d","d","D","d","D","d","D","D","d","D","d","D","D","d","d","D","D","D","D","D","D","D","d","d","d","d","d","d","d","d","d","d","d","d","d",-1.82830033775725
100,6,2,"AA",2,"BB",2,"Cc",1,1043,923,-1,-1,1,-1,1,1,-1,1,-1,-1,"d","D","D","D","D","D","d","d","d","D","D","d","D","d","d","d","d","D","d","d","D","d","d","D","D","D","D","D","d","D","d","d","d","D","D","d","D","d","d","D","D","d","d","D","D","d","D","d","d",2.42211161843596
91,6,3,"aa",0,"bB",1,"cC",1,2280,1305,-1,-1,1,-1,-1,-1,-1,1,-1,-1,"d","D","D","d","D","d","d","d","d","D","D","d","d","d","d","D","d","D","D","d","D","D","D","d","D","D","d","d","d","D","D","D","D","D","D","d","d","d","D","D","d","D","D","d","d","d","d","D","d",-2.72805728597944
99,6,4,"aa",0,"BB",2,"CC",2,371,514,-1,-1,1,-1,1,1,1,1,-1,-1,"D","d","D","D","D","d","d","d","D","D","d","d","D","d","d","D","d","d","D","d","d","d","d","d","D","D","D","d","d","D","D","d","D","D","D","d","D","D","d","d","d","d","d","d","d","d","D","d","d",-0.194259391871444
97,6,5,"aa",0,"BB",2,"cC",1,664,994,-1,-1,-1,-1,1,1,1,1,-1,-1,"d","d","d","D","d","D","d","D","d","d","d","d","D","D","d","D","D","D","D","d","d","d","D","D","D","D","D","d","d","D","D","d","D","D","D","D","D","D","D","d","D","d","d","D","D","d","D","D","d",-0.612408343799172
102,6,7,"aA",1,"Bb",1,"CC",2,904,846,-1,-1,-1,1,1,1,1,1,-1,-1,"D","D","d","D","D","d","d","d","d","D","D","d","D","D","D","D","D","d","D","D","d","d","D","D","D","D","D","d","d","d","D","D","D","D","D","d","D","d","D","D","D","d","d","D","d","d","D","d","d",2.39261115430708
99,6,8,"aa",0,"BB",2,"cC",1,1915,1236,-1,1,1,1,1,1,-1,1,-1,-1,"d","D","D","D","D","D","d","D","d","D","d","d","D","d","D","d","D","D","D","D","D","d","D","D","D","D","D","d","d","D","d","D","D","D","D","D","D","d","D","D","D","d","d","d","d","d","d","D","D",-2.94877703692356
97,6,9,"aA",1,"bb",0,"cC",1,203,2396,-1,1,1,-1,1,-1,-1,1,-1,-1,"D","D","d","D","d","d","d","d","D","d","D","d","d","d","D","d","d","D","D","D","d","D","d","d","D","D","D","D","d","D","D","d","d","d","d","D","d","d","D","D","D","d","D","d","d","d","d","d","d",-0.898744408938254
100,6,10,"aA",1,"bb",0,"cc",0,2147,1229,-1,-1,1,1,-1,1,1,1,-1,-1,"D","D","D","D","D","D","D","D","d","D","d","d","D","D","d","d","d","D","d","D","d","D","D","D","D","D","D","d","D","d","D","D","d","D","D","D","d","D","D","d","D","d","D","d","D","d","D","d","D",0.777947465394743
97,6,11,"aA",1,"BB",2,"Cc",1,1190,166,1,-1,1,1,-1,1,-1,-1,-1,-1,"d","D","D","D","D","d","D","D","d","D","d","D","d","d","D","d","d","D","d","D","D","D","d","D","D","D","D","D","d","D","D","D","d","D","D","d","d","D","d","d","d","d","d","d","D","d","D","d","d",-0.729877425966712
90,6,12,"Aa",1,"BB",2,"cc",0,1948,944,-1,-1,-1,1,-1,-1,-1,-1,-1,-1,"d","D","d","d","D","d","d","d","d","D","D","d","D","D","d","d","D","d","D","d","d","d","d","D","D","D","D","d","d","d","D","d","d","D","D","D","D","D","d","D","D","d","D","d","d","d","d","D","d",-1.39124245855584
99,6,13,"Aa",1,"bB",1,"cC",1,918,568,-1,-1,1,1,1,1,1,-1,-1,-1,"d","D","D","D","D","d","d","D","d","D","d","D","D","D","d","D","d","d","D","d","D","d","d","D","D","D","D","D","d","D","D","d","d","d","D","d","D","d","D","d","d","D","D","D","d","d","D","d","d",-0.875398614860906
90,6,14,"aa",0,"BB",2,"cC",1,1470,153,-1,-1,1,-1,-1,-1,-1,-1,-1,-1,"d","d","d","d","D","d","d","d","d","D","D","D","D","D","d","d","d","D","D","d","d","D","d","d","D","D","D","D","d","D","d","d","d","d","d","d","D","D","D","d","D","D","d","d","d","D","d","d","d",-1.32980319865038
100,6,15,"aa",0,"bB",1,"CC",2,318,1109,-1,-1,1,-1,-1,1,1,-1,1,-1,"d","D","D","D","D","d","d","d","d","d","D","d","D","d","d","d","D","D","d","D","d","D","d","D","D","D","D","d","d","d","D","d","D","D","D","d","D","D","D","d","D","d","d","d","d","d","d","D","D",2.9449244552437
101,6,16,"aa",0,"bb",0,"CC",2,857,1073,1,-1,1,1,1,1,-1,1,-1,-1,"D","d","d","D","D","D","d","D","D","d","D","d","D","d","d","d","D","D","D","d","D","d","D","d","D","d","D","d","D","D","d","D","D","D","d","d","D","d","D","d","d","d","D","D","d","d","d","d","d",-0.896511149095303
105,6,17,"aa",0,"Bb",1,"CC",2,11,1523,1,1,-1,1,1,1,1,-1,-1,-1,"d","D","d","d","D","d","d","d","d","d","d","d","d","d","d","d","D","D","d","D","D","D","D","D","D","D","D","d","d","d","D","D","D","D","d","D","D","d","D","D","d","d","d","d","D","d","d","d","d",3.32863540828684
92,6,18,"aA",1,"BB",2,"cc",0,412,1207,-1,-1,-1,-1,-1,-1,1,-1,-1,-1,"d","D","d","d","D","D","D","d","D","D","d","d","D","d","d","D","d","d","D","d","d","D","d","D","D","D","D","d","d","D","d","D","D","d","D","D","D","d","D","D","d","d","d","D","D","d","d","d","d",0.194048247444747
101,6,19,"Aa",1,"bB",1,"cc",0,644,111,-1,1,-1,-1,1,1,-1,-1,-1,1,"d","d","D","d","D","d","D","d","d","D","D","d","D","d","d","d","D","D","D","d","d","D","D","D","d","D","D","d","d","D","D","d","d","D","d","D","d","d","d","d","D","d","d","D","D","D","d","d","d",3.35201672195592
105,6,20,"AA",2,"bB",1,"CC",2,955,1776,-1,-1,1,1,1,1,1,1,-1,1,"d","d","D","D","d","d","d","D","d","d","d","d","d","d","d","d","D","d","d","d","D","D","d","D","D","D","D","d","d","D","D","d","D","D","D","D","d","d","D","d","D","D","d","d","d","d","D","D","d",1.7151964610016
94,6,21,"aa",0,"Bb",1,"cC",1,1772,685,-1,-1,-1,-1,1,-1,1,-1,-1,-1,"D","D","D","D","d","d","d","d","d","d","d","D","d","d","D","d","d","d","D","D","D","d","d","D","d","D","D","d","d","D","D","D","D","D","D","D","D","D","d","d","d","d","d","d","D","d","d","d","d",0.57979298695425
86,6,22,"aa",0,"bB",1,"cC",1,961,2066,-1,-1,-1,-1,-1,-1,-1,-1,-1,-1,"D","d","D","D","D","d","d","D","D","d","D","d","d","D","d","d","d","D","D","d","d","d","d","D","D","D","D","d","d","D","D","D","D","D","D","D","d","d","D","D","D","D","d","d","d","d","d","d","D",-3.07936129402242
93,6,23,"aA",1,"bB",1,"CC",2,1627,777,-1,-1,1,-1,-1,1,-1,-1,-1,-1,"d","d","D","d","D","d","d","d","D","D","D","d","D","D","D","D","D","D","D","d","D","D","D","d","D","D","D","d","d","D","d","d","D","D","D","D","d","d","d","d","d","d","d","d","d","D","d","d","D",-0.469039189856944
99,6,24,"Aa",1,"BB",2,"CC",2,1239,927,1,-1,1,1,1,-1,1,-1,-1,-1,"d","d","d","D","D","d","d","d","d","D","D","D","D","d","D","D","D","D","D","d","d","d","D","D","D","D","D","d","d","D","D","D","D","D","D","d","d","D","d","d","D","D","D","D","d","d","d","d","d",-0.186169676424062
92,6,25,"Aa",1,"bB",1,"CC",2,1781,2271,-1,1,-1,-1,-1,-1,-1,1,-1,-1,"d","D","D","D","D","d","D","d","d","D","d","d","d","D","d","D","D","D","d","D","D","d","D","D","D","D","D","d","D","D","d","d","D","d","D","d","d","D","d","d","D","D","D","D","d","d","d","d","d",-1.57091842817641
97,6,26,"aa",0,"BB",2,"CC",2,1338,785,-1,-1,-1,1,1,-1,-1,1,-1,-1,"d","d","D","d","D","D","D","D","d","D","d","D","d","D","D","d","D","D","D","d","d","D","D","D","d","D","D","d","d","D","D","D","D","D","D","D","D","d","D","d","d","D","d","d","d","d","d","D","d",1.01301420316417
95,6,27,"aa",0,"bb",0,"Cc",1,906,1551,-1,-1,-1,-1,1,1,-1,-1,-1,-1,"d","d","D","D","d","D","d","d","d","d","D","d","d","d","D","d","d","D","D","d","d","D","d","D","D","D","D","d","D","d","D","D","d","d","d","D","d","D","D","D","D","d","d","d","D","d","D","D","D",1.31573500816606
103,6,28,"AA",2,"BB",2,"CC",2,702,670,-1,1,1,-1,1,-1,1,1,1,-1,"D","D","d","D","D","D","D","d","d","D","D","D","d","d","d","d","d","D","d","D","d","d","d","D","D","D","D","d","d","D","D","D","D","D","D","D","d","D","d","D","d","d","d","d","d","D","D","d","D",1.06864779440009
98,6,29,"aA",1,"bB",1,"CC",2,1877,1059,-1,-1,1,1,1,1,1,-1,-1,-1,"d","D","d","D","D","d","D","d","D","d","D","d","D","d","d","D","D","D","D","d","D","d","d","d","D","D","D","D","d","d","D","D","d","D","D","d","D","d","D","D","D","d","d","D","d","d","D","d","d",-1.57404502896049
91,6,30,"Aa",1,"BB",2,"CC",2,835,1205,-1,-1,1,-1,-1,-1,1,-1,-1,-1,"D","D","D","D","d","D","d","d","d","D","D","d","D","D","d","D","d","D","D","D","D","D","D","d","d","D","D","D","d","d","D","D","d","d","d","D","d","d","D","D","D","d","d","d","d","d","d","D","D",-2.05157625232559
96,6,31,"AA",2,"bb",0,"CC",2,215,1310,1,-1,-1,-1,-1,1,1,-1,-1,-1,"D","d","D","d","D","D","d","d","D","d","D","D","D","d","d","d","d","D","d","d","d","D","d","D","D","D","D","d","d","D","d","d","D","D","d","d","D","D","d","d","D","D","d","d","d","d","d","d","d",0.820278715947223
102,6,32,"aa",0,"bB",1,"cc",0,1940,536,1,-1,1,1,1,1,1,1,-1,-1,"D","D","d","d","D","D","d","d","d","D","D","D","d","d","d","d","d","d","D","d","D","D","D","D","D","D","D","d","D","D","d","D","D","D","D","D","D","d","d","d","D","D","d","D","d","D","D","d","d",-1.72171705217408
99,6,33,"Aa",1,"bb",0,"Cc",1,425,1048,-1,1,1,1,-1,1,-1,1,-1,-1,"d","d","D","D","D","d","d","D","d","D","D","d","d","d","d","d","d","D","D","D","D","d","D","d","D","D","D","d","d","D","D","D","d","D","D","d","d","d","D","D","d","d","D","d","d","d","d","d","D",-0.665216503913987
93,6,34,"aa",0,"BB",2,"CC",2,897,2442,-1,-1,1,-1,-1,-1,-1,-1,-1,-1,"D","d","D","D","D","d","D","d","D","D","D","d","D","D","d","D","D","d","d","D","D","d","d","D","D","D","D","d","d","D","D","D","D","d","d","D","D","D","D","D","D","D","D","d","D","d","d","D","d",1.26094462600278
106,6,35,"AA",2,"bb",0,"cc",0,175,786,1,1,-1,1,1,1,1,1,1,-1,"D","d","D","D","D","d","D","D","D","d","d","D","D","d","d","D","D","D","d","d","D","D","d","d","D","D","D","d","d","D","D","d","D","D","D","D","D","d","D","d","D","D","d","D","d","D","D","d","D",0.177140997846381
96,6,36,"aA",1,"BB",2,"CC",2,658,2174,-1,-1,1,-1,-1,1,1,-1,-1,-1,"d","D","D","d","D","d","d","d","D","D","D","D","D","d","D","d","D","D","D","D","D","d","d","D","D","D","D","D","d","D","d","d","D","D","d","D","D","d","D","d","d","D","d","D","D","d","D","D","d",0.359796013158904
94,6,37,"Aa",1,"BB",2,"Cc",1,456,1185,-1,-1,-1,1,-1,-1,1,-1,-1,-1,"d","d","D","D","d","d","d","d","d","d","d","D","d","D","d","D","d","d","d","d","d","D","D","D","d","D","D","d","d","d","d","D","d","D","d","d","D","D","d","d","d","d","D","d","D","d","d","d","D",0.257264760284643
99,6,38,"AA",2,"BB",2,"CC",2,1845,2296,-1,-1,1,1,1,1,-1,1,-1,-1,"d","D","D","D","D","d","D","D","D","D","D","D","D","d","D","d","d","D","D","d","d","d","d","D","D","d","D","d","d","D","D","D","D","D","D","D","D","D","d","d","d","d","D","D","d","d","d","D","d",-0.628948639802463
104,6,39,"aA",1,"BB",2,"CC",2,521,829,1,1,1,1,1,1,-1,1,-1,1,"D","d","D","D","D","d","D","d","d","D","D","d","d","d","d","d","d","D","D","d","d","d","d","D","D","D","D","d","d","D","D","D","D","D","D","D","D","D","D","d","D","D","D","d","D","d","D","d","d",-1.09017466312804
102,6,40,"aa",0,"Bb",1,"cC",1,82,967,1,-1,1,1,1,1,1,1,-1,-1,"D","D","D","D","D","d","D","d","d","D","d","d","d","D","D","d","d","D","D","D","D","d","d","D","D","D","D","d","D","D","d","d","d","D","D","D","D","D","d","d","d","d","D","d","d","d","d","d","d",-1.57823666150813
101,6,41,"AA",2,"bb",0,"cc",0,758,969,-1,-1,1,1,1,1,-1,1,-1,-1,"d","D","D","D","D","d","d","d","d","d","d","d","D","d","D","d","D","D","D","D","d","d","d","D","D","D","D","d","d","D","D","D","d","D","D","d","d","D","d","d","D","d","d","D","d","d","D","d","d",1.48493098345287
99,6,42,"aa",0,"Bb",1,"CC",2,972,1107,-1,-1,1,1,1,1,1,1,-1,-1,"D","D","d","D","d","D","d","d","D","D","D","d","D","D","d","D","d","D","D","d","D","d","d","D","D","D","d","D","d","D","D","D","d","D","d","D","D","D","d","d","D","D","d","D","D","d","d","d","D",-2.09424987398815
88,6,43,"AA",2,"BB",2,"cC",1,1733,1513,-1,-1,-1,-1,-1,-1,-1,-1,-1,-1,"D","D","D","D","D","d","d","D","D","D","D","D","D","d","d","D","D","D","D","d","D","D","d","D","d","D","D","d","D","d","d","D","d","D","D","d","d","D","D","d","D","d","d","D","d","D","d","d","D",-1.34961982203996
100,6,44,"aa",0,"BB",2,"Cc",1,1532,989,-1,1,1,-1,1,-1,1,-1,-1,-1,"D","d","D","D","d","D","D","d","d","D","D","D","d","d","D","d","D","D","D","d","D","d","D","D","D","D","D","d","D","D","D","D","D","D","D","D","D","D","d","d","D","d","d","d","d","D","D","d","D",2.15380217278177
101,6,45,"aa",0,"Bb",1,"CC",2,1488,459,1,-1,1,1,1,1,1,1,-1,-1,"D","D","D","D","D","d","D","D","d","D","d","d","D","d","D","D","D","D","D","d","D","d","D","D","D","D","D","d","D","D","d","d","D","d","D","D","d","D","D","d","d","d","D","d","D","d","d","d","d",-2.34851264560175
102,6,46,"aA",1,"bb",0,"Cc",1,1033,1634,1,-1,1,1,-1,-1,1,1,-1,-1,"d","D","d","D","D","d","D","d","D","D","D","D","D","d","d","d","D","D","d","d","D","d","d","D","D","D","D","d","d","d","D","d","d","D","D","D","D","d","D","D","D","D","d","d","d","d","D","d","d",2.67955390728794
95,6,47,"aa",0,"bB",1,"cc",0,332,2494,1,-1,-1,1,-1,-1,-1,-1,-1,-1,"d","d","D","d","D","d","d","d","d","D","D","d","D","D","D","d","d","D","D","d","D","d","d","D","D","D","D","d","d","d","D","D","D","D","D","D","d","D","d","D","D","D","D","D","d","D","d","d","d",1.85074416678703
96,6,48,"aA",1,"BB",2,"cC",1,1407,2272,-1,1,-1,1,1,-1,-1,-1,-1,-1,"D","d","D","d","D","d","d","d","d","d","D","d","D","d","d","D","d","D","D","d","d","d","D","D","D","D","D","d","d","D","d","d","d","D","d","d","D","d","d","d","D","d","d","D","d","D","d","d","d",0.785484677859514
94,6,49,"aa",0,"bb",0,"CC",2,1941,496,-1,-1,1,-1,-1,1,-1,-1,1,-1,"D","D","D","D","D","d","D","D","d","d","D","D","D","d","d","d","d","D","d","d","D","d","D","D","D","D","D","d","d","d","D","D","D","d","d","D","D","d","d","d","d","D","d","d","d","D","D","D","d",-1.43280649079292
95,6,50,"aa",0,"BB",2,"CC",2,2325,1922,-1,-1,-1,-1,-1,1,1,-1,-1,-1,"d","D","d","D","D","d","D","d","d","d","D","D","d","d","D","d","d","D","D","D","d","D","d","D","D","D","D","d","d","D","D","D","D","d","d","d","d","D","D","d","d","d","d","d","d","D","d","d","D",1.44761203175054
90,7,1,"aA",1,"bb",0,"cC",1,1320,1958,-1,-1,-1,-1,-1,-1,-1,1,-1,-1,"D","d","d","D","d","d","d","D","D","D","d","D","D","D","d","d","d","D","D","d","D","D","d","D","D","D","D","d","D","d","D","d","D","D","d","d","d","d","d","d","d","d","d","D","D","d","d","d","d",-1.19248350177429
102,7,2,"AA",2,"Bb",1,"cC",1,1039,2181,-1,1,1,1,1,-1,1,1,-1,-1,"D","d","d","D","D","d","d","d","d","d","d","d","D","d","d","D","D","D","D","D","D","D","D","D","D","D","D","d","d","D","D","D","D","D","D","D","D","D","d","d","d","d","D","d","d","D","D","d","d",0.604495036700489
98,7,3,"aa",0,"BB",2,"cc",0,1501,1884,-1,1,1,1,-1,1,-1,1,-1,-1,"d","D","D","D","D","D","d","d","d","D","D","D","D","d","D","D","d","d","D","D","D","D","d","D","d","D","d","d","d","D","D","D","D","D","D","D","D","d","d","D","d","d","d","D","D","d","d","d","d",-1.12777812309135
108,7,4,"aA",1,"bb",0,"Cc",1,5,1943,1,1,1,1,1,1,1,1,1,-1,"D","d","D","D","d","d","d","D","d","D","d","D","d","D","d","D","D","D","D","d","D","d","D","d","D","d","D","d","d","d","D","D","D","d","D","D","D","D","D","D","D","D","d","D","d","d","d","d","D",0.745157719045159
91,7,5,"Aa",1,"BB",2,"CC",2,2296,450,-1,-1,-1,-1,-1,-1,1,1,-1,-1,"D","D","D","D","D","D","D","D","d","D","D","D","D","D","D","d","d","D","d","d","d","d","D","D","D","D","D","d","d","D","D","D","d","D","D","D","d","d","d","d","d","d","D","d","d","d","d","d","d",-2.94623358417436
98,7,6,"aA",1,"bB",1,"CC",2,1101,1148,1,1,1,-1,-1,1,1,-1,-1,-1,"D","D","d","D","d","d","d","d","D","D","D","D","D","d","D","d","d","D","D","d","d","d","d","d","D","D","D","d","d","D","D","D","D","D","d","D","D","D","d","d","d","D","d","d","D","d","d","D","d",-1.75418260714348
93,7,8,"Aa",1,"bb",0,"cC",1,1221,26,-1,-1,1,-1,-1,-1,-1,-1,1,-1,"D","D","d","D","D","d","D","d","d","D","d","D","D","D","d","d","d","D","D","d","D","D","D","D","D","D","D","d","d","d","D","D","D","D","d","D","D","d","d","D","d","d","D","D","d","d","d","D","d",-0.711115442956195
90,7,9,"AA",2,"bB",1,"cC",1,509,1414,-1,-1,-1,-1,-1,-1,-1,-1,-1,-1,"d","d","D","D","d","d","d","d","d","D","d","D","d","D","d","d","D","D","D","d","D","d","D","d","D","D","D","d","d","D","d","d","d","d","D","D","d","d","d","d","D","D","d","d","d","d","D","D","d",0.207316908093578
102,7,10,"Aa",1,"bB",1,"CC",2,112,996,1,-1,-1,1,1,1,1,1,-1,-1,"D","D","D","D","d","D","d","d","d","D","D","D","d","D","D","D","d","D","D","d","d","D","d","d","D","D","D","d","d","d","D","D","d","D","D","d","D","D","d","d","D","D","d","D","D","D","d","d","d",0.527948064101202
100,7,11,"AA",2,"bB",1,"cC",1,714,1605,-1,-1,-1,1,1,1,1,1,-1,-1,"D","D","D","D","D","D","D","d","D","D","d","d","D","d","d","d","D","D","d","D","d","d","d","D","D","D","D","d","d","D","D","d","d","D","d","d","D","d","d","d","D","D","d","d","d","d","d","d","d",0.580684751390969
103,7,12,"Aa",1,"Bb",1,"Cc",1,436,2237,1,-1,1,1,-1,1,1,1,-1,-1,"D","d","D","D","D","d","d","d","D","d","D","D","d","d","d","D","D","d","D","D","d","d","D","D","D","d","D","d","D","D","D","D","D","D","d","D","D","D","D","D","d","d","d","D","d","d","d","D","D",1.37786181682945
91,7,13,"aa",0,"Bb",1,"cc",0,672,130,-1,-1,-1,1,-1,-1,-1,1,-1,-1,"d","d","D","D","D","D","D","D","D","d","D","d","D","D","D","d","d","D","D","d","d","d","d","D","D","D","D","d","D","D","D","D","D","d","d","d","d","D","D","d","D","D","d","d","d","d","d","d","D",-2.17802293923883
103,7,14,"aa",0,"bB",1,"CC",2,1518,1659,-1,1,1,1,1,-1,1,1,-1,-1,"d","D","D","D","D","D","D","d","D","D","D","d","d","d","d","d","d","D","D","D","d","d","D","d","D","D","D","d","d","D","D","D","D","D","D","d","D","d","d","D","d","D","d","d","d","D","d","d","d",1.09876164978418
97,7,15,"aa",0,"Bb",1,"CC",2,344,315,-1,-1,1,-1,-1,1,-1,1,-1,-1,"D","D","D","D","D","d","D","d","D","D","d","d","d","d","d","d","d","D","D","d","d","d","D","D","D","D","D","d","D","D","D","D","d","d","d","d","D","d","d","D","D","d","d","D","D","d","D","d","D",1.17949557475361
96,7,16,"aa",0,"BB",2,"cc",0,2464,75,-1,-1,-1,1,1,-1,-1,1,-1,-1,"D","d","D","d","d","D","d","d","D","D","D","d","d","D","d","D","D","d","D","d","D","d","d","D","D","D","D","d","d","D","D","d","d","D","D","D","D","D","D","d","D","d","d","D","d","d","d","D","D",0.024212165616344
103,7,17,"aa",0,"BB",2,"cC",1,870,380,-1,1,1,1,1,1,1,1,-1,-1,"d","d","D","D","D","d","D","D","d","D","d","D","d","D","d","D","d","d","d","d","D","d","d","D","D","D","D","d","D","D","d","d","D","D","D","D","D","d","d","D","d","d","d","D","d","D","d","d","D",-0.030285428620548
96,7,18,"AA",2,"bb",0,"CC",2,1115,1539,-1,-1,1,-1,1,-1,1,-1,-1,-1,"d","D","D","D","D","d","D","D","D","d","D","d","D","d","d","d","D","D","D","D","d","d","D","D","D","D","D","d","d","D","d","D","D","D","D","D","D","d","d","D","d","D","d","d","D","D","d","D","d",0.20124812592916
99,7,19,"Aa",1,"bb",0,"cC",1,510,567,1,-1,1,-1,-1,1,-1,1,-1,-1,"d","d","D","D","d","D","D","D","d","D","d","d","d","d","D","d","d","D","D","D","d","d","d","D","D","D","D","d","d","d","D","D","d","D","D","D","D","d","D","D","d","d","D","d","d","D","d","d","d",1.1515550085338
98,7,20,"AA",2,"Bb",1,"cC",1,921,1787,-1,-1,1,-1,-1,-1,1,1,-1,1,"D","D","D","D","D","d","d","d","d","d","d","D","D","d","d","D","D","d","D","d","D","D","D","D","D","D","D","d","d","D","D","D","D","D","d","D","d","d","D","d","d","D","D","d","d","d","D","d","D",0.106951731094895
98,7,21,"aA",1,"Bb",1,"cC",1,1896,1500,1,1,-1,-1,-1,1,1,-1,-1,-1,"d","d","d","D","D","d","d","d","d","D","D","d","d","D","d","d","d","d","d","D","d","d","d","D","D","D","D","d","d","D","d","d","d","D","D","D","D","D","D","D","d","d","d","d","D","D","d","d","d",0.644739299462604
101,7,22,"Aa",1,"BB",2,"CC",2,2310,131,1,-1,-1,1,-1,1,1,1,-1,-1,"d","D","D","D","D","d","d","d","d","D","d","d","d","D","d","d","d","D","D","D","D","d","d","D","D","D","D","d","d","D","D","D","d","d","D","d","D","D","d","D","d","d","d","D","d","d","d","D","d",1.13060997465942
99,7,23,"aa",0,"bB",1,"CC",2,1108,1603,-1,-1,1,-1,1,-1,1,1,-1,1,"D","d","d","D","D","D","D","d","d","D","D","d","D","d","D","d","D","D","D","d","d","d","D","D","D","D","D","D","d","d","d","D","d","D","d","D","d","D","d","D","d","D","d","d","D","D","d","D","d",-0.967538083532728
106,7,24,"aa",0,"Bb",1,"cC",1,1770,467,-1,1,1,1,1,1,1,1,1,1,"d","D","D","d","D","d","D","d","d","D","d","D","D","d","d","d","d","D","D","d","D","d","d","D","D","D","D","d","d","D","D","d","D","D","D","D","D","d","d","D","d","d","D","d","d","d","d","d","d",-1.73599653276916
90,7,25,"aA",1,"bB",1,"cc",0,1360,1404,-1,-1,-1,-1,-1,-1,1,-1,-1,-1,"d","D","d","D","D","D","d","d","D","D","d","D","D","D","d","d","D","D","d","D","D","d","d","D","D","D","D","d","d","d","D","D","D","D","D","d","d","d","D","d","D","D","D","d","d","d","d","D","d",-1.02488289213352
98,7,26,"AA",2,"Bb",1,"cc",0,1546,2335,-1,-1,-1,1,1,1,1,-1,-1,-1,"D","d","D","D","D","D","d","d","d","D","D","d","D","d","d","D","d","D","d","D","D","D","D","D","D","D","D","D","d","D","D","d","d","d","d","d","D","d","D","D","d","D","d","d","d","d","d","d","d",0.720013321665538
109,7,27,"aA",1,"bb",0,"cc",0,1304,647,1,1,1,1,1,1,1,1,1,-1,"d","d","d","D","D","D","d","d","D","d","D","D","d","d","d","D","d","D","D","D","d","d","D","D","D","D","D","d","d","d","D","D","D","D","D","D","D","D","d","d","d","d","D","D","d","D","d","d","D",1.8085679401067
93,7,28,"aa",0,"bb",0,"cc",0,1683,1790,-1,-1,-1,1,-1,-1,-1,-1,-1,-1,"D","D","D","D","D","d","d","D","d","d","d","d","d","D","d","D","D","D","D","D","D","d","D","d","D","D","D","d","d","D","d","d","D","D","D","D","D","D","D","D","d","d","D","D","D","d","d","d","d",1.54751603756825
98,7,29,"Aa",1,"bB",1,"cc",0,584,381,-1,-1,1,-1,-1,-1,1,1,-1,-1,"d","D","D","d","D","d","d","d","D","d","d","d","d","d","d","D","d","D","D","d","d","d","D","D","D","D","D","d","d","d","D","d","d","D","D","D","D","D","d","d","d","D","d","d","D","d","d","d","d",2.0525259466838
95,7,30,"aA",1,"BB",2,"cC",1,1804,985,-1,-1,-1,1,-1,-1,-1,1,-1,-1,"D","D","D","D","D","d","d","D","d","D","D","d","d","D","D","D","D","D","d","d","D","d","D","D","d","D","D","d","d","D","D","d","d","d","D","d","D","d","D","d","D","d","d","d","d","d","D","d","d",1.45931777682022
96,7,31,"Aa",1,"BB",2,"CC",2,2190,1823,-1,-1,1,-1,-1,-1,-1,1,1,-1,"d","d","D","D","D","D","d","d","d","d","d","D","D","d","D","D","D","D","D","d","d","D","D","D","D","D","D","D","d","d","D","D","D","D","D","d","D","D","D","d","D","D","d","D","d","d","d","d","d",0.4757666933295
100,7,32,"AA",2,"Bb",1,"CC",2,1392,1695,1,1,1,-1,-1,-1,-1,-1,-1,1,"D","D","d","D","D","d","d","d","d","d","d","D","d","D","d","D","d","d","D","d","d","d","D","D","D","D","D","d","d","d","D","D","d","D","d","D","D","D","d","d","D","d","d","d","D","d","d","d","d",2.14097613748846
101,7,33,"aa",0,"bb",0,"cc",0,46,775,1,-1,-1,1,1,1,1,1,-1,1,"D","d","D","D","D","D","d","d","D","D","d","D","D","d","d","D","D","d","D","d","d","D","D","D","D","D","D","d","D","D","D","D","d","d","D","D","D","d","D","D","D","d","d","d","d","d","d","d","d",-2.25432771450003
106,7,34,"AA",2,"BB",2,"cC",1,365,1776,1,-1,1,1,1,1,1,1,-1,1,"d","D","D","D","d","d","d","D","d","d","d","d","d","d","d","D","d","D","D","D","D","D","d","d","D","D","D","d","d","d","D","d","D","d","d","D","d","D","D","D","d","d","D","d","d","D","D","d","d",0.440544869085224
102,7,35,"AA",2,"BB",2,"cC",1,923,1812,-1,1,-1,1,1,-1,1,1,-1,-1,"D","D","d","D","D","d","d","d","D","D","D","d","D","d","D","d","D","D","d","D","D","d","D","D","d","D","D","d","d","d","d","d","d","d","D","d","d","d","D","D","d","d","d","D","D","D","d","d","d",2.17913991337406
103,7,36,"Aa",1,"bb",0,"CC",2,851,1929,1,-1,1,1,-1,1,1,1,-1,1,"d","D","d","D","d","D","d","d","d","D","D","D","D","d","d","D","d","d","d","d","d","d","D","D","D","D","D","D","d","D","D","d","D","D","D","d","D","d","d","D","D","d","d","D","D","D","D","d","d",-0.570206796670775
100,7,37,"AA",2,"Bb",1,"cc",0,522,633,1,-1,1,1,-1,-1,-1,1,-1,-1,"D","D","d","d","d","d","d","d","d","D","d","D","D","D","d","D","D","D","D","d","D","d","d","D","D","D","D","d","d","d","D","D","d","D","D","D","D","D","D","D","d","D","d","d","d","D","D","d","d",2.02750086474627
99,7,38,"aa",0,"Bb",1,"CC",2,1849,1714,1,1,1,1,-1,1,1,-1,-1,-1,"D","d","d","D","D","D","D","d","D","D","d","D","d","d","d","D","d","D","D","d","D","D","d","d","D","D","D","d","d","D","d","d","D","D","D","D","D","d","D","d","d","D","D","D","D","d","d","d","D",-2.24898516893825
93,7,39,"Aa",1,"BB",2,"CC",2,2174,197,-1,-1,-1,-1,1,1,-1,-1,-1,-1,"D","d","D","D","D","d","D","D","d","D","d","D","D","D","d","D","d","D","d","D","D","d","d","D","D","D","D","d","d","D","D","D","d","D","D","D","D","D","D","d","d","D","d","d","D","d","D","d","d",-0.823230972507607
102,7,40,"aa",0,"BB",2,"cC",1,1425,972,1,-1,1,1,1,1,1,1,-1,-1,"d","D","d","D","D","d","d","d","d","d","D","D","d","D","d","d","D","D","D","d","D","d","d","D","D","D","D","D","D","d","D","d","D","d","D","D","D","D","D","d","d","D","D","d","D","D","d","D","d",-1.9742686125133
104,7,41,"AA",2,"bb",0,"Cc",1,589,2059,1,1,1,1,1,1,1,-1,-1,-1,"D","d","D","D","D","d","D","d","d","D","d","d","D","d","D","d","d","d","D","d","d","D","D","D","d","D","D","d","d","D","d","d","D","D","D","d","d","d","d","d","D","d","d","D","D","d","d","d","d",0.304158703266606
92,7,42,"Aa",1,"bB",1,"CC",2,1052,1421,-1,-1,-1,1,-1,-1,-1,1,-1,-1,"d","d","D","D","D","D","D","d","d","D","D","D","D","d","d","d","d","D","d","D","d","D","d","D","D","D","D","d","d","d","d","D","D","d","D","d","D","d","d","d","D","d","d","d","d","d","d","D","d",-1.09981239105697
103,7,43,"AA",2,"bb",0,"Cc",1,2375,2026,1,1,1,-1,1,1,-1,1,1,-1,"D","d","D","d","D","D","d","d","D","D","D","d","d","d","D","D","D","D","D","d","D","D","d","D","D","D","d","d","d","D","D","d","d","D","D","D","d","d","d","d","d","d","d","d","d","d","D","d","D",-0.525277620330337
101,7,44,"aA",1,"bB",1,"CC",2,2474,299,-1,1,1,1,1,1,1,-1,-1,-1,"D","D","D","D","D","D","d","d","d","D","d","d","D","d","d","d","D","D","d","D","d","d","D","D","D","D","D","d","d","D","d","d","d","D","D","D","d","d","D","d","d","d","D","d","d","d","d","d","d",-0.0467535059191302
92,7,45,"AA",2,"bb",0,"CC",2,875,1414,-1,-1,-1,-1,-1,-1,1,-1,-1,-1,"d","d","D","D","d","D","d","D","d","D","D","d","d","d","d","d","D","D","D","d","D","d","d","D","D","D","D","d","d","D","d","D","d","d","D","D","D","d","d","d","d","D","d","d","d","D","D","d","d",0.861692738596015
102,7,46,"AA",2,"BB",2,"Cc",1,1183,2196,-1,1,1,1,-1,1,1,1,-1,-1,"d","D","d","D","D","d","D","d","d","D","D","D","d","D","d","d","D","D","D","D","d","d","D","d","D","D","D","d","d","D","D","D","d","D","D","D","D","d","D","d","d","d","D","D","d","d","D","d","d",0.488938537463126
96,7,47,"AA",2,"BB",2,"CC",2,1231,2404,-1,1,1,-1,-1,-1,1,-1,-1,-1,"D","D","d","d","D","d","d","d","D","d","d","d","d","d","d","d","d","D","d","d","D","d","D","D","D","D","D","d","D","D","D","D","D","d","D","d","d","d","D","d","D","d","d","d","d","d","d","d","D",0.98707150861802
94,7,48,"Aa",1,"Bb",1,"cc",0,1600,905,-1,-1,1,-1,-1,-1,-1,1,-1,-1,"D","D","D","d","D","D","D","d","d","d","d","d","d","d","d","D","d","D","d","D","d","D","d","d","D","D","D","d","d","D","d","d","D","D","D","D","D","D","d","d","D","d","d","d","D","d","d","d","d",0.0576215399864251
105,7,49,"aa",0,"bB",1,"cC",1,1196,1329,-1,1,1,-1,1,1,1,1,-1,1,"D","D","D","D","D","D","d","d","d","D","D","D","d","D","d","d","D","d","D","d","D","d","d","D","D","D","D","d","d","D","d","D","d","D","D","d","d","d","D","D","d","d","D","D","d","d","D","d","d",1.49015653427505
91,7,50,"AA",2,"Bb",1,"Cc",1,891,1354,1,-1,-1,1,-1,1,-1,-1,-1,-1,"D","d","D","d","D","D","D","d","D","d","D","d","D","d","d","d","d","D","D","D","d","d","d","d","D","D","D","D","d","D","D","D","D","D","D","D","d","D","D","D","D","D","d","d","d","d","d","d","D",-4.58250532255875
89,8,1,"Aa",1,"Bb",1,"cc",0,227,1828,-1,-1,-1,-1,-1,-1,-1,-1,-1,-1,"d","D","d","d","D","d","d","d","d","d","D","D","d","d","d","D","D","D","D","D","D","d","D","D","D","D","D","d","d","D","D","D","d","d","D","D","d","d","D","d","d","D","D","D","d","d","d","d","d",-0.880238868070985
93,8,2,"aa",0,"BB",2,"cC",1,944,1562,-1,-1,1,1,-1,-1,-1,-1,-1,-1,"d","D","d","D","D","d","D","d","d","D","D","D","D","d","D","d","d","D","D","d","d","d","D","D","D","D","D","d","D","D","D","D","d","D","D","D","D","d","D","d","D","d","d","D","d","D","D","d","d",-0.00699384413737588
94,8,3,"aA",1,"bb",0,"Cc",1,1578,75,-1,-1,-1,-1,-1,-1,1,1,-1,-1,"D","d","D","D","D","D","d","d","d","d","D","D","d","d","d","d","d","d","D","d","D","d","d","D","D","D","D","D","d","D","d","D","d","d","D","D","D","d","d","d","D","d","d","d","d","d","D","D","D",0.093266936335934
100,8,4,"Aa",1,"bB",1,"cc",0,1192,2369,-1,-1,1,1,1,1,1,1,-1,-1,"D","D","D","D","D","d","D","d","D","d","d","D","D","d","d","D","d","D","d","D","D","d","d","D","D","D","D","d","d","D","D","D","d","d","D","D","D","d","d","d","d","d","d","d","d","D","d","D","D",-1.14991325679115
98,8,5,"aA",1,"BB",2,"CC",2,1575,851,1,1,-1,-1,1,-1,1,1,-1,-1,"d","D","D","D","D","d","D","D","d","D","d","D","d","d","d","d","D","d","d","d","d","d","d","D","D","D","D","d","D","D","D","D","d","d","D","D","d","d","D","D","D","d","d","d","D","d","D","d","d",-1.01421929116395
95,8,6,"Aa",1,"Bb",1,"cC",1,2380,123,-1,-1,1,-1,1,-1,1,1,-1,-1,"D","d","d","D","d","d","d","D","d","D","D","d","d","d","d","D","D","d","D","D","d","d","d","d","d","D","D","d","D","D","D","D","D","D","d","d","D","D","d","d","d","d","D","d","d","d","d","D","d",-2.3932132918373
92,8,7,"aa",0,"BB",2,"Cc",1,2200,284,-1,-1,-1,-1,1,-1,-1,-1,-1,-1,"d","D","d","D","D","d","d","d","d","d","d","d","D","d","d","D","d","D","d","d","D","D","d","D","D","D","D","d","d","d","D","d","D","D","d","d","D","D","D","d","D","d","D","D","d","d","d","d","d",0.964196984515467
96,8,9,"Aa",1,"bb",0,"Cc",1,399,1614,-1,-1,1,-1,1,-1,1,-1,-1,-1,"D","D","d","D","D","d","d","d","d","D","D","d","d","D","d","D","D","D","D","d","D","D","D","D","D","D","D","D","d","D","D","D","d","D","D","D","d","D","d","d","D","d","d","d","d","D","D","D","d",0.552456524889826
98,8,10,"aa",0,"bb",0,"CC",2,1543,1965,1,-1,-1,-1,-1,1,1,1,-1,-1,"d","d","D","D","D","d","d","d","D","d","d","d","D","D","d","d","d","D","D","d","d","d","d","D","D","d","D","d","D","D","d","d","D","D","D","d","D","D","D","D","D","D","D","d","d","d","d","D","D",0.55606711352741
104,8,11,"aA",1,"bb",0,"CC",2,993,1940,-1,1,1,1,1,1,1,1,-1,-1,"d","D","D","D","d","d","d","d","d","D","D","D","D","d","d","d","d","d","D","D","d","d","D","D","D","D","D","d","d","d","d","D","D","d","d","d","D","d","d","d","D","d","D","d","D","D","D","d","D",0.573754613099092
101,8,12,"aa",0,"Bb",1,"CC",2,2250,418,1,-1,1,1,1,-1,1,1,-1,1,"D","D","D","D","d","D","D","d","d","D","D","d","d","D","d","D","D","D","D","d","d","d","d","D","D","D","D","D","d","d","D","D","D","D","D","d","D","D","D","d","d","D","d","D","d","D","D","d","d",-2.60353232747385
99,8,13,"aa",0,"Bb",1,"CC",2,622,35,-1,1,-1,1,-1,1,1,1,-1,-1,"D","D","D","D","D","d","d","d","d","D","D","D","D","D","d","D","D","d","D","D","D","d","D","D","d","D","D","d","d","d","D","d","D","d","d","D","d","d","D","D","D","d","d","D","d","d","D","D","d",-0.295463819446361
100,8,14,"aA",1,"Bb",1,"CC",2,1527,1598,-1,-1,1,-1,1,1,-1,1,-1,-1,"d","d","D","D","d","d","D","D","d","D","D","d","d","d","d","D","D","D","d","D","D","D","d","D","D","D","D","d","d","D","D","d","D","D","D","d","D","D","D","d","D","D","D","d","D","D","d","d","d",2.25105593168593
93,8,15,"aA",1,"Bb",1,"CC",2,908,1025,-1,-1,-1,-1,1,1,-1,-1,-1,-1,"d","D","d","D","D","D","D","d","d","d","D","d","D","d","d","D","d","D","D","D","d","d","d","D","D","d","D","d","d","D","D","D","D","D","D","D","d","d","D","D","D","D","d","D","D","D","d","d","d",-0.440154897878294
91,8,16,"aA",1,"bB",1,"cC",1,582,2245,-1,-1,-1,-1,1,-1,-1,1,-1,-1,"D","d","d","D","D","d","D","d","d","D","D","D","d","d","d","d","D","D","D","D","d","d","d","D","D","D","D","D","d","D","D","D","d","D","D","D","d","D","d","D","d","D","d","d","d","d","d","D","d",-2.23051398233846
100,8,17,"Aa",1,"bB",1,"CC",2,2289,617,1,1,1,-1,1,1,1,1,-1,-1,"D","D","d","d","d","d","d","d","D","D","d","D","D","D","D","D","d","d","D","D","d","d","D","D","d","D","D","D","d","d","D","d","D","d","D","D","D","d","d","D","d","d","d","D","D","d","d","d","d",-3.76432989140064
102,8,18,"AA",2,"Bb",1,"Cc",1,212,1579,-1,-1,1,1,1,1,1,1,-1,1,"D","D","d","D","D","D","D","D","d","D","D","D","d","D","d","d","D","D","D","D","d","d","d","D","D","D","D","D","d","d","D","d","d","d","D","D","D","d","d","D","D","d","D","d","d","D","d","d","d",-1.39540192343584
97,8,19,"AA",2,"bB",1,"Cc",1,244,25,1,-1,1,-1,-1,1,1,1,-1,-1,"d","D","d","d","D","D","D","d","d","d","D","D","D","D","D","d","d","D","d","d","D","D","D","D","D","D","d","d","d","D","D","d","D","D","D","d","D","D","D","d","D","d","D","d","d","d","d","D","d",-2.19944694596801
99,8,20,"AA",2,"bB",1,"CC",2,1985,436,-1,1,1,1,-1,-1,1,1,-1,-1,"d","D","d","d","D","D","d","D","d","D","D","d","D","d","d","D","d","D","D","d","D","d","d","D","D","D","d","d","d","D","D","d","d","D","D","D","D","d","D","D","D","D","d","d","D","d","d","d","D",-0.447411339021079
92,8,21,"aA",1,"bB",1,"cC",1,1766,424,-1,-1,-1,-1,1,1,-1,-1,-1,-1,"D","d","D","D","D","d","d","D","D","d","D","D","d","D","d","d","d","d","D","D","D","d","d","D","D","D","D","d","d","D","D","D","d","D","d","d","D","D","d","d","D","D","d","d","D","d","d","d","d",-1.77999942367647
99,8,22,"aa",0,"bb",0,"Cc",1,76,883,1,-1,1,1,1,1,-1,-1,-1,-1,"D","D","d","D","d","d","d","d","d","D","d","D","D","d","D","d","d","D","D","d","D","D","d","d","d","D","D","d","d","d","d","D","d","D","D","d","D","d","d","D","d","D","d","d","d","d","D","d","d",-0.669566621797046
97,8,23,"Aa",1,"BB",2,"CC",2,1797,1257,-1,-1,-1,-1,-1,1,1,1,1,-1,"d","D","D","d","D","D","D","d","d","d","D","D","d","d","D","D","d","D","D","D","d","d","D","D","D","D","D","d","d","d","d","d","D","d","D","d","D","D","D","d","D","d","D","D","d","d","d","d","d",-0.600982058581621
96,8,24,"AA",2,"Bb",1,"cc",0,1407,1168,-1,-1,1,1,1,-1,-1,-1,-1,-1,"D","d","d","d","D","d","d","d","D","d","d","d","D","d","D","D","D","D","D","d","D","d","d","D","D","D","D","d","d","D","d","d","D","D","D","d","D","D","D","d","d","d","d","d","d","D","d","d","D",0.958189246017708
101,8,25,"Aa",1,"BB",2,"Cc",1,1355,1238,1,1,1,-1,1,1,-1,1,-1,-1,"d","d","D","D","D","d","d","d","D","D","D","D","D","d","D","d","d","D","D","D","d","d","D","D","D","D","D","d","d","D","d","D","D","D","D","D","d","D","D","d","D","d","D","d","d","d","d","d","d",-0.00230572155729529
107,8,26,"Aa",1,"bB",1,"Cc",1,1483,2465,1,1,1,1,1,1,1,1,1,-1,"d","D","D","D","D","D","D","d","d","D","d","d","D","d","d","D","d","D","D","D","D","d","D","D","D","D","D","d","d","D","D","d","D","D","D","D","d","d","D","d","d","D","D","D","D","D","d","D","d",-0.684527957377393
96,8,27,"AA",2,"Bb",1,"cC",1,1703,10,-1,-1,1,1,-1,1,-1,-1,-1,-1,"D","D","D","D","d","d","D","D","d","d","D","D","D","D","d","D","d","D","D","D","d","d","D","D","D","D","D","d","D","d","D","d","D","D","D","D","D","d","D","d","D","d","d","d","d","d","d","d","d",0.0880274265448477
98,8,28,"aa",0,"bB",1,"CC",2,2212,524,1,-1,1,1,-1,-1,-1,1,-1,-1,"D","d","D","d","D","d","d","d","d","D","D","d","D","d","d","D","d","D","D","d","D","d","D","D","D","D","D","d","d","d","d","D","d","D","D","D","d","D","D","d","d","D","D","d","D","d","D","d","d",0.602164924994708
99,8,29,"aa",0,"Bb",1,"CC",2,1532,220,-1,-1,1,1,-1,1,1,1,-1,-1,"D","D","d","D","d","D","D","d","d","D","D","d","D","d","d","d","d","D","D","d","d","d","d","D","D","D","D","d","d","D","D","d","D","D","d","D","D","D","D","d","d","d","D","d","d","d","D","d","d",-0.718436697534579
108,8,30,"AA",2,"Bb",1,"cC",1,2040,45,1,1,1,1,1,1,1,1,-1,1,"D","d","d","D","D","D","D","D","D","d","D","d","d","d","d","d","D","D","d","D","d","d","d","D","D","d","d","d","d","d","d","d","D","D","D","D","D","D","d","D","d","d","D","d","d","d","D","D","d",0.792781320400119
91,8,31,"AA",2,"Bb",1,"cc",0,1121,169,1,-1,1,-1,-1,-1,-1,-1,-1,-1,"D","d","d","D","D","d","D","d","D","D","D","D","d","d","d","d","D","d","d","D","d","d","D","D","D","D","D","d","d","D","d","d","D","D","D","d","d","d","D","d","d","d","D","d","d","d","d","d","D",-2.18821800431299
95,8,32,"aA",1,"bB",1,"Cc",1,1245,1545,-1,-1,-1,-1,-1,1,1,-1,-1,-1,"d","D","d","D","D","d","d","d","D","d","D","d","D","D","D","D","D","D","D","d","d","d","D","d","D","D","D","D","d","d","D","D","d","D","d","d","D","d","d","D","d","D","D","d","D","d","d","D","d",1.15696582453918
98,8,33,"aA",1,"bB",1,"CC",2,1935,2213,-1,1,1,-1,-1,1,1,-1,-1,-1,"D","d","D","D","D","d","D","D","D","d","d","D","d","d","d","d","d","D","D","d","D","D","d","D","D","d","D","d","d","D","d","D","D","D","D","d","D","d","d","d","D","d","d","d","d","d","d","d","d",0.214930041038049
102,8,34,"Aa",1,"bB",1,"cC",1,1210,1563,1,1,-1,1,1,1,1,-1,-1,-1,"D","D","D","D","D","d","D","d","d","D","D","D","d","d","d","d","d","D","D","d","d","D","d","D","D","D","D","d","d","D","d","D","D","d","d","d","D","d","D","d","d","d","D","D","d","d","d","d","d",0.749222694170923
95,8,35,"AA",2,"Bb",1,"Cc",1,2492,355,-1,-1,-1,1,-1,-1,1,-1,-1,-1,"D","d","d","D","D","D","D","d","d","D","D","d","D","D","d","D","d","D","D","D","d","d","d","D","D","D","d","D","d","D","d","D","D","d","D","D","d","d","D","d","d","d","d","d","d","d","d","d","d",1.79895103160756
101,8,36,"AA",2,"bb",0,"CC",2,1938,165,-1,-1,-1,1,1,1,1,1,-1,-1,"d","d","D","D","d","d","D","d","d","D","D","D","D","d","d","d","D","D","D","d","d","d","D","D","D","D","D","d","d","D","D","D","D","D","D","d","D","D","d","d","d","d","d","D","d","d","D","d","D",1.85491152537927
100,8,37,"aA",1,"bB",1,"Cc",1,868,2071,-1,1,1,-1,1,-1,1,-1,-1,1,"D","D","d","D","D","d","d","D","d","D","d","d","d","d","d","d","d","d","D","d","D","d","d","D","d","D","D","d","d","d","D","d","D","D","D","D","d","d","d","d","D","D","d","d","D","D","d","d","d",0.3356619338453
93,8,38,"aA",1,"Bb",1,"cC",1,624,1553,-1,-1,-1,-1,-1,1,-1,-1,-1,-1,"D","D","D","D","D","d","d","D","D","D","D","D","d","d","d","d","D","D","d","d","D","d","D","D","D","D","D","d","d","D","D","d","d","d","D","d","D","d","D","D","d","d","d","D","D","d","d","d","D",1.16063989562243
92,8,39,"AA",2,"bb",0,"Cc",1,2349,203,-1,1,-1,1,-1,-1,-1,-1,-1,-1,"D","D","D","d","D","D","d","D","d","d","d","D","d","D","d","d","d","D","d","D","d","d","D","D","d","D","D","D","D","D","d","D","d","d","D","D","d","d","d","d","D","D","d","D","d","d","d","d","d",-1.58545477030062
92,8,40,"aA",1,"bB",1,"cC",1,644,788,-1,-1,-1,-1,1,-1,-1,-1,-1,-1,"d","D","D","D","D","D","D","d","d","D","D","D","D","D","D","d","d","d","D","d","d","D","d","D","D","D","D","d","d","D","D","D","D","D","D","D","D","d","D","d","d","d","D","D","d","D","d","d","d",0.113940463092993
94,8,41,"aA",1,"bB",1,"cC",1,2309,875,-1,-1,-1,-1,-1,-1,-1,1,-1,-1,"d","D","d","D","D","D","d","d","D","D","D","d","d","d","d","D","d","D","D","d","d","D","d","d","D","D","D","d","d","d","D","d","d","D","D","D","D","d","d","d","d","D","D","d","d","d","D","d","d",2.31341825658528
90,8,42,"aa",0,"Bb",1,"cC",1,130,1312,-1,-1,-1,-1,-1,-1,1,1,-1,-1,"D","d","d","D","d","d","d","D","d","D","D","d","d","d","d","d","D","D","D","D","d","d","D","D","D","D","D","d","d","D","d","D","D","D","d","d","D","D","d","d","d","D","D","d","d","d","d","D","d",-3.30874389396293
100,8,43,"aa",0,"bB",1,"cC",1,1134,2365,-1,1,-1,-1,1,1,1,1,1,-1,"D","d","d","D","D","d","D","d","d","d","D","D","D","D","d","D","d","d","D","d","d","d","d","D","D","D","D","d","d","D","D","d","d","D","d","D","d","d","d","D","d","D","d","D","D","d","D","d","d",-1.13943051777439
101,8,44,"aa",0,"Bb",1,"CC",2,196,2218,-1,-1,1,1,-1,1,1,-1,1,1,"D","d","d","D","D","D","d","d","d","d","D","d","d","d","d","D","D","d","D","D","D","d","D","D","D","D","D","d","d","D","D","d","D","D","D","D","d","d","d","D","D","D","d","d","D","d","D","D","d",-0.463145860718446
94,8,45,"aA",1,"bB",1,"cc",0,835,2294,-1,-1,1,-1,-1,-1,-1,-1,1,-1,"d","d","D","D","D","D","D","d","d","D","D","d","D","d","D","D","d","D","D","D","D","D","D","d","D","D","D","d","d","D","D","D","D","D","d","D","D","D","D","D","d","d","d","d","D","d","d","d","d",0.298495551912644
89,8,46,"AA",2,"bB",1,"Cc",1,66,145,-1,-1,-1,-1,-1,-1,-1,-1,-1,-1,"D","d","D","D","d","D","D","D","d","d","D","D","d","D","d","d","d","D","d","D","D","d","d","d","D","D","D","d","d","D","D","D","D","D","D","d","D","D","d","d","D","d","d","D","d","d","D","d","d",-0.279206270581526
94,8,47,"aa",0,"bB",1,"cc",0,1144,1904,-1,-1,-1,1,-1,1,-1,-1,-1,-1,"d","d","d","d","d","D","d","D","d","D","D","D","D","d","D","D","d","D","d","D","d","d","D","d","D","d","D","d","d","D","d","D","D","D","D","d","D","d","d","d","D","D","D","d","d","d","d","d","D",0.214545062011205
94,8,48,"Aa",1,"BB",2,"cc",0,1948,2195,-1,1,-1,1,-1,-1,1,-1,-1,-1,"D","D","d","D","D","d","d","d","D","D","D","D","D","d","D","d","D","D","D","d","d","d","D","D","D","D","D","d","d","d","D","d","d","d","D","D","D","D","D","D","d","D","d","D","d","D","d","D","d",-1.76056936664668
103,8,49,"AA",2,"Bb",1,"cc",0,1458,36,1,-1,1,1,1,-1,1,-1,-1,-1,"d","d","D","D","D","d","d","D","D","D","D","D","D","d","D","d","d","D","D","d","d","D","D","D","D","D","D","D","d","D","D","d","D","D","D","D","D","d","D","d","d","d","D","d","d","d","d","d","D",3.44452606645204
100,8,50,"aA",1,"Bb",1,"cc",0,946,2181,-1,1,1,1,1,-1,-1,1,-1,-1,"D","D","d","D","D","D","d","d","d","d","d","D","D","d","d","d","D","D","D","d","d","d","D","d","D","d","D","d","d","d","D","D","d","D","D","D","D","D","d","D","d","D","D","D","d","D","D","D","d",0.344797989582037
92,9,1,"aa",0,"Bb",1,"cc",0,646,2453,-1,-1,-1,-1,-1,-1,1,1,-1,-1,"d","D","d","d","D","d","D","d","d","D","D","D","d","D","d","d","d","D","d","D","D","d","d","D","D","d","D","d","d","D","d","d","D","D","D","D","d","d","D","d","d","D","d","d","d","d","d","D","d",-1.3560146830781
99,9,2,"Aa",1,"BB",2,"cc",0,2105,413,-1,-1,-1,-1,-1,1,1,1,-1,1,"d","d","d","D","D","d","D","d","D","D","d","d","D","d","d","d","D","D","D","D","d","d","d","D","D","D","D","d","d","D","d","D","D","d","d","d","d","D","D","d","d","D","d","d","D","D","D","d","d",1.86309726240573
100,9,3,"Aa",1,"Bb",1,"Cc",1,1903,941,-1,1,-1,1,1,1,1,1,-1,-1,"D","d","d","D","D","d","d","d","d","D","D","d","D","D","D","d","d","D","D","D","D","D","d","D","D","D","D","d","D","d","D","d","D","D","D","D","D","d","d","d","d","d","D","d","d","D","d","d","d",-1.21909904094802
104,9,4,"Aa",1,"BB",2,"CC",2,593,2047,1,1,1,1,1,1,1,1,-1,-1,"D","D","D","D","D","D","D","d","d","D","D","D","d","d","D","d","d","D","D","D","d","d","D","d","D","D","D","D","D","D","D","d","D","d","D","d","d","D","D","D","D","d","d","D","d","d","d","D","d",-1.61175713551629
91,9,5,"aa",0,"bB",1,"cC",1,1813,422,-1,-1,-1,-1,1,-1,-1,-1,-1,-1,"D","D","d","d","D","d","D","d","d","D","d","D","D","d","d","d","d","D","d","d","D","D","d","D","D","d","D","D","d","D","D","D","D","d","D","D","d","D","d","D","D","d","d","d","D","D","d","d","d",-0.0249492128598861
98,9,6,"AA",2,"Bb",1,"cC",1,1400,1668,-1,-1,1,1,1,-1,1,-1,-1,-1,"D","D","D","D","d","D","D","d","d","d","D","d","d","D","d","d","d","d","D","D","d","D","d","D","D","D","D","d","d","D","D","d","D","D","D","D","d","D","D","D","d","d","d","D","d","D","D","d","d",0.363836913589387
93,9,7,"Aa",1,"bb",0,"CC",2,2046,63,-1,-1,-1,-1,-1,-1,-1,-1,-1,1,"d","D","D","D","D","d","D","D","d","D","D","D","D","D","D","D","d","d","d","d","d","D","d","D","D","D","D","d","d","D","d","d","d","D","d","D","D","D","d","D","d","d","d","D","d","d","D","d","d",1.25339470830119
101,9,8,"aA",1,"bB",1,"cC",1,1814,2068,1,1,-1,1,-1,-1,1,1,-1,-1,"d","D","d","D","D","d","d","D","d","d","d","d","D","d","d","d","D","D","D","d","D","d","D","D","D","D","D","d","D","D","D","d","D","D","D","D","D","d","D","d","d","d","d","d","d","d","d","D","d",1.08245395684947
98,9,10,"Aa",1,"BB",2,"CC",2,1977,2373,-1,-1,1,1,-1,-1,-1,1,-1,-1,"d","D","D","D","D","d","d","d","d","D","d","d","D","d","d","d","D","D","d","D","D","d","D","D","D","D","D","d","d","D","D","D","d","d","D","D","D","d","d","D","D","d","d","D","d","d","d","d","d",2.64436757376323
97,9,11,"aa",0,"Bb",1,"CC",2,421,1742,-1,1,-1,1,1,-1,-1,1,-1,-1,"D","d","d","d","D","D","d","d","d","D","D","d","d","d","d","D","D","D","D","d","d","d","d","d","D","d","D","d","d","D","D","D","d","d","D","D","D","d","D","d","D","d","d","D","d","d","d","D","D",-0.0573614054089105
99,9,12,"aa",0,"bb",0,"cC",1,1628,956,-1,-1,1,1,1,-1,1,-1,-1,-1,"D","D","d","D","D","d","d","D","d","d","d","d","d","D","d","d","D","D","d","d","d","d","D","d","D","D","D","d","d","d","D","D","D","D","d","D","d","d","d","d","d","d","d","D","d","D","d","d","d",1.9475245526677
98,9,13,"aa",0,"Bb",1,"Cc",1,1206,2459,-1,-1,1,-1,1,1,-1,-1,-1,-1,"d","D","d","d","D","D","d","d","d","d","D","D","d","d","D","D","d","D","D","d","d","d","D","D","D","D","D","d","d","D","d","D","d","D","D","D","d","d","D","d","d","D","d","D","d","d","d","d","d",2.6440406058321
98,9,14,"AA",2,"bB",1,"Cc",1,345,1895,-1,-1,1,1,1,-1,1,-1,-1,-1,"d","D","D","D","D","D","D","D","d","D","d","D","D","d","d","D","d","D","d","D","D","d","D","D","D","D","D","d","d","d","D","d","D","D","D","D","D","d","d","d","D","d","d","d","D","D","D","D","d",0.32781342003769
93,9,15,"aA",1,"BB",2,"Cc",1,1512,738,-1,1,-1,1,-1,-1,-1,-1,-1,-1,"D","D","D","D","D","d","d","d","d","D","D","d","D","D","d","d","d","D","d","D","d","D","d","D","D","D","d","d","d","D","D","D","D","D","D","d","d","d","d","d","D","d","d","d","d","d","d","d","d",-0.431619818452961
107,9,16,"aA",1,"bB",1,"CC",2,1842,745,-1,1,1,1,1,1,1,1,1,1,"D","d","D","D","D","D","d","d","d","D","D","d","D","d","D","D","D","D","d","d","D","d","d","D","d","D","D","d","d","D","d","D","d","D","D","D","D","D","D","D","D","D","D","d","d","D","d","D","d",-0.501373976282066
99,9,17,"Aa",1,"Bb",1,"cC",1,1545,1715,-1,-1,1,1,1,1,-1,1,1,-1,"D","D","D","D","d","d","D","D","d","D","D","D","d","d","d","D","D","D","D","d","d","d","D","D","D","D","D","D","D","D","D","d","d","d","D","D","D","d","d","d","d","D","d","D","D","D","d","D","d",-2.27144611681364
102,9,18,"aA",1,"bB",1,"cC",1,201,12,1,-1,1,-1,1,1,1,1,-1,1,"D","D","D","D","D","d","d","d","d","d","D","d","d","d","D","d","D","d","d","d","D","D","d","D","d","d","d","d","d","D","d","D","D","D","d","D","D","d","D","d","d","d","D","D","d","d","D","d","d",-1.15070835167801
93,9,19,"Aa",1,"BB",2,"cc",0,452,43,-1,-1,-1,-1,1,-1,1,-1,-1,-1,"D","D","D","D","D","d","D","D","d","d","d","D","d","d","d","d","d","D","D","D","d","D","D","D","D","D","D","d","d","D","D","D","d","D","D","D","d","D","d","D","d","d","d","d","D","d","d","d","d",-0.502618854095507
101,9,20,"aa",0,"bB",1,"Cc",1,2306,56,1,-1,1,-1,1,1,1,-1,-1,-1,"D","D","D","D","D","D","D","D","d","D","D","D","d","d","d","D","d","D","D","d","d","d","d","D","D","D","D","d","d","d","D","d","D","D","D","d","D","D","d","D","d","d","d","d","d","D","d","D","D",1.94763392658288
99,9,21,"aa",0,"bB",1,"Cc",1,2284,52,1,-1,-1,-1,1,-1,1,-1,1,-1,"d","D","d","D","D","d","d","d","d","D","D","d","d","d","d","D","d","D","D","d","d","d","D","D","D","D","D","d","d","D","D","d","d","d","D","D","d","D","d","d","d","d","D","d","d","D","D","d","d",1.05607475790229
102,9,22,"Aa",1,"bb",0,"Cc",1,2017,1830,1,-1,1,-1,1,1,1,-1,-1,1,"D","d","d","D","D","d","d","d","d","D","D","D","D","D","d","D","d","D","D","d","d","d","d","D","d","D","D","d","D","d","D","D","D","D","D","d","d","d","d","D","D","d","D","d","d","d","D","D","D",0.492794743233916
102,9,23,"Aa",1,"bB",1,"Cc",1,604,2269,-1,-1,1,1,1,1,1,1,-1,1,"D","d","D","D","d","D","D","d","d","d","D","D","D","d","d","d","D","D","d","d","D","d","d","D","D","D","D","d","D","d","D","d","D","D","D","D","D","d","D","D","d","d","d","D","d","d","d","d","d",-1.29285688904903
100,9,24,"aA",1,"Bb",1,"Cc",1,671,2112,1,-1,-1,-1,1,1,1,1,1,-1,"D","D","D","D","D","D","D","D","d","D","D","D","D","D","d","d","D","D","d","D","D","d","d","D","d","D","D","d","d","d","d","D","D","D","d","d","d","D","d","D","d","d","D","D","D","d","D","D","d",-1.19210546353351
93,9,25,"AA",2,"BB",2,"CC",2,401,1125,1,-1,1,-1,-1,-1,-1,-1,-1,-1,"d","D","d","D","D","d","d","d","d","d","d","d","d","d","D","d","D","D","D","d","d","d","d","D","D","d","D","D","d","D","D","D","D","D","d","d","D","D","D","d","d","d","d","D","D","D","d","d","D",-0.815858581877914
108,9,26,"Aa",1,"bB",1,"CC",2,2218,439,1,-1,1,1,1,1,1,1,-1,1,"d","d","D","D","D","d","d","d","d","D","D","d","d","d","D","D","d","D","D","D","d","d","d","D","D","D","D","d","d","d","d","D","d","D","D","d","d","d","D","d","d","d","d","D","d","d","D","d","d",2.31648211970893
107,9,27,"aa",0,"Bb",1,"Cc",1,1570,1237,1,-1,1,1,1,1,1,1,-1,1,"D","D","D","D","D","d","d","d","d","D","D","D","D","d","D","D","d","d","d","D","d","D","d","d","D","d","D","d","d","D","d","D","D","D","D","d","d","D","d","D","D","D","D","d","d","D","d","d","D",1.46313952371886
97,9,28,"AA",2,"bb",0,"CC",2,2009,2083,-1,-1,-1,1,-1,-1,1,1,-1,-1,"D","D","D","D","D","D","D","d","D","D","d","d","D","d","d","D","d","D","D","d","d","d","d","d","D","D","D","d","D","D","d","D","d","D","D","D","D","d","D","d","D","d","d","d","D","d","D","d","d",1.31030551658494
104,9,29,"aA",1,"bB",1,"cc",0,398,1106,1,-1,1,1,1,1,1,1,-1,1,"d","D","D","D","D","D","d","d","D","d","D","D","d","d","d","d","d","d","D","d","d","d","d","D","D","D","D","d","d","d","d","D","d","D","D","D","D","D","d","D","d","D","d","D","d","D","D","d","D",-1.04779703742961
94,9,30,"Aa",1,"Bb",1,"cC",1,835,2438,-1,-1,-1,-1,-1,1,-1,-1,-1,-1,"d","d","D","D","D","D","D","d","d","D","d","d","d","d","d","D","D","D","d","D","D","D","d","D","D","D","D","d","D","D","D","D","D","d","D","D","D","D","D","D","d","d","D","d","d","d","d","D","d",2.30773311692725
107,9,31,"Aa",1,"bB",1,"cc",0,596,17,1,1,1,1,1,1,1,1,-1,-1,"D","D","D","D","D","d","D","d","d","D","D","D","d","d","d","D","d","D","D","d","d","d","D","D","d","D","d","d","D","d","d","d","d","D","d","d","D","d","D","D","D","d","d","d","D","d","D","d","d",1.28701616199309
96,9,32,"aA",1,"Bb",1,"Cc",1,70,2444,-1,-1,-1,-1,1,1,1,1,-1,-1,"D","D","D","D","D","d","D","D","D","D","d","d","d","d","D","D","d","D","D","d","D","d","d","d","D","D","D","d","d","D","D","D","d","D","D","D","D","D","D","d","D","D","d","d","D","d","d","d","d",-1.51131856249122
87,9,33,"aa",0,"Bb",1,"cC",1,1013,92,-1,-1,-1,-1,-1,-1,-1,-1,-1,-1,"D","D","D","D","D","d","D","d","d","D","D","d","D","d","d","D","d","D","D","d","D","d","d","D","D","D","D","d","d","d","D","D","d","D","D","D","D","d","d","D","d","D","d","d","D","D","D","D","d",-2.5607342675791
97,9,34,"AA",2,"BB",2,"cC",1,2498,2224,-1,-1,1,1,-1,1,-1,1,-1,-1,"d","D","d","d","D","d","d","d","D","D","d","D","d","d","d","D","d","D","D","d","d","d","d","D","D","D","D","D","D","d","D","D","D","d","D","D","d","d","D","d","d","d","d","d","d","d","D","d","D",-0.199989108124941
96,9,35,"Aa",1,"BB",2,"CC",2,2349,2067,-1,-1,1,1,1,-1,-1,-1,-1,-1,"D","D","d","D","D","d","D","D","d","d","D","D","D","D","D","d","d","D","D","d","d","d","D","D","D","D","D","d","D","D","d","D","d","d","D","D","D","d","d","d","d","D","D","D","D","d","d","d","d",0.528265321567412
95,9,36,"aA",1,"Bb",1,"Cc",1,1421,938,-1,-1,-1,-1,-1,1,1,1,-1,-1,"D","D","D","D","D","D","D","D","d","D","d","d","d","d","d","d","d","d","D","d","D","D","D","D","D","D","D","d","d","d","D","D","D","D","D","D","d","d","d","D","d","d","d","d","d","d","d","d","d",-0.979126179606961
105,9,37,"aa",0,"Bb",1,"CC",2,2084,1304,-1,1,-1,1,1,1,1,1,-1,1,"d","d","d","D","D","d","D","d","d","d","D","d","D","d","d","D","D","d","D","d","D","d","d","D","D","D","D","D","d","d","d","D","D","d","D","d","d","d","D","d","D","d","d","d","d","D","D","d","d",1.27889372929071
99,9,38,"Aa",1,"Bb",1,"cC",1,1980,2437,-1,-1,1,1,1,-1,1,1,-1,-1,"D","D","D","d","D","D","d","d","d","d","D","D","d","d","d","d","D","D","D","D","d","d","d","D","D","D","D","d","d","D","d","d","d","D","d","d","d","D","D","D","D","d","D","d","d","d","d","d","d",-0.674376325980923
105,9,39,"aa",0,"Bb",1,"cc",0,2429,201,1,1,1,1,1,1,1,-1,-1,1,"D","d","D","d","D","d","D","d","d","D","d","D","d","d","d","d","d","D","D","D","d","D","D","D","D","D","D","d","d","d","D","D","D","D","D","D","D","d","d","d","d","d","d","d","D","d","d","d","d",-0.835200557895115
104,9,40,"Aa",1,"bB",1,"CC",2,45,1065,-1,1,1,1,-1,1,1,1,1,1,"d","d","D","D","D","D","d","d","d","D","d","D","d","d","d","D","d","d","D","d","D","d","D","D","D","d","D","d","d","D","D","d","D","d","D","D","D","d","d","d","d","D","D","d","d","D","D","d","D",-1.23458334542611
105,9,41,"aA",1,"bB",1,"Cc",1,499,1383,-1,-1,1,1,1,1,1,-1,1,1,"d","D","D","D","d","d","d","D","D","d","D","D","d","d","D","D","d","D","d","D","d","d","D","D","D","D","D","D","d","d","D","D","D","d","d","d","D","D","D","D","d","D","D","D","d","D","d","d","D",1.77306646918421
104,9,42,"aA",1,"BB",2,"cC",1,2099,1971,-1,-1,1,1,1,1,1,1,1,1,"d","D","d","D","D","D","d","d","d","D","D","d","d","d","D","D","d","D","D","d","d","d","d","D","D","D","D","d","d","d","D","d","d","D","D","D","D","d","D","D","d","d","d","D","d","d","d","d","D",-1.16109086753741
97,9,43,"aa",0,"BB",2,"cC",1,553,1328,-1,-1,1,-1,-1,1,1,1,1,-1,"D","D","D","D","D","d","d","d","d","D","D","D","D","d","d","D","D","D","D","d","D","D","D","D","D","D","D","d","d","D","D","d","D","D","D","D","D","d","d","d","D","d","d","D","d","d","D","d","d",-2.55520321715512
104,9,44,"aa",0,"BB",2,"Cc",1,2065,29,-1,1,1,1,1,1,1,1,-1,-1,"D","D","D","D","D","D","d","d","d","d","d","d","d","d","D","d","d","D","d","d","d","d","d","d","D","D","D","d","d","D","D","d","D","D","d","D","D","d","d","d","d","d","d","d","d","d","d","d","d",0.230994118088269
107,9,45,"Aa",1,"Bb",1,"Cc",1,186,761,-1,1,1,1,1,1,-1,1,1,1,"D","d","D","d","D","D","d","d","d","D","D","d","d","D","d","D","d","D","D","D","d","d","D","D","D","D","D","d","D","d","D","D","D","D","D","d","D","d","D","D","D","d","d","d","d","d","D","d","d",1.17930991281407
98,9,46,"AA",2,"Bb",1,"cc",0,2226,1495,-1,-1,1,1,-1,1,-1,1,-1,-1,"d","d","d","D","D","D","d","d","d","D","D","D","d","d","d","d","D","D","d","d","D","d","d","D","D","D","D","d","d","D","D","d","D","D","d","d","D","D","d","D","d","D","d","d","d","d","d","d","d",0.370767063553509
97,9,47,"aA",1,"Bb",1,"CC",2,1857,1195,-1,-1,-1,1,1,1,1,-1,-1,1,"D","D","d","d","D","d","D","d","d","D","D","d","D","D","D","d","D","D","D","D","d","d","D","D","D","D","D","d","d","D","D","D","D","d","d","D","D","d","D","D","d","D","d","D","d","D","d","d","D",-2.71200098613621
94,9,48,"AA",2,"bB",1,"CC",2,441,195,-1,-1,-1,-1,-1,1,-1,1,1,-1,"D","D","d","D","D","D","d","d","d","d","D","d","D","D","d","D","d","D","D","D","D","D","D","D","D","D","D","d","d","d","d","d","D","D","D","D","D","D","d","d","d","d","D","d","d","d","d","d","d",-1.88455028585525
104,9,49,"aa",0,"bb",0,"cC",1,1925,470,1,1,1,1,1,-1,1,1,-1,1,"d","d","D","D","D","d","d","d","d","D","D","D","D","D","d","d","d","D","D","D","d","D","D","D","D","D","D","d","D","D","D","d","D","D","D","D","D","d","D","D","d","d","D","d","D","d","d","D","D",-1.07258198513867
91,9,50,"aA",1,"bB",1,"CC",2,1820,2498,-1,-1,-1,-1,1,-1,-1,-1,-1,-1,"D","D","D","D","D","d","D","d","d","d","d","D","D","d","d","D","D","D","D","D","d","d","d","D","D","D","D","d","d","D","d","D","d","D","d","D","d","D","d","d","d","d","d","d","d","D","d","d","d",-0.368655424575323
108,10,1,"AA",2,"BB",2,"CC",2,1698,1451,1,-1,1,1,1,1,1,1,-1,1,"D","D","D","D","D","d","D","d","d","D","D","D","D","d","d","D","d","D","D","d","D","D","D","D","d","D","D","D","d","d","D","D","D","D","d","D","D","D","d","D","d","d","d","d","d","D","d","d","D",2.36722546100559
95,10,2,"AA",2,"bb",0,"cc",0,2299,1098,-1,-1,-1,-1,-1,1,1,-1,-1,-1,"D","d","D","D","D","d","d","d","d","D","d","d","D","d","D","d","d","d","D","D","d","D","D","d","D","d","D","d","d","D","D","d","d","D","D","d","d","D","d","d","d","D","d","D","d","d","d","D","D",1.64706970578327
108,10,3,"AA",2,"bB",1,"CC",2,2261,1492,1,1,1,-1,1,1,1,1,-1,1,"d","d","D","D","D","d","d","D","d","D","d","d","D","d","d","d","d","D","D","d","D","D","d","D","D","D","D","d","d","d","D","D","d","D","D","D","D","D","d","d","d","D","D","D","d","D","d","D","d",2.55031703119829
100,10,4,"Aa",1,"bB",1,"Cc",1,2375,123,-1,-1,-1,1,1,-1,-1,1,1,-1,"d","d","d","D","D","D","d","D","d","D","D","D","D","d","d","D","D","D","D","d","d","D","d","D","D","D","D","d","d","D","d","d","D","D","D","D","D","d","d","d","d","d","D","d","d","d","d","d","d",2.06705185433415
109,10,5,"aA",1,"BB",2,"cc",0,2305,351,1,1,1,1,1,-1,1,1,1,1,"D","d","D","D","d","d","D","D","d","D","d","D","d","D","D","d","D","D","D","d","D","D","D","D","D","D","D","d","d","D","d","D","d","D","D","d","D","D","D","D","D","d","d","d","D","D","D","D","d",1.57824045696941
97,10,6,"aa",0,"Bb",1,"cC",1,531,1333,1,-1,1,-1,1,-1,-1,1,-1,-1,"d","d","D","D","d","D","d","d","D","D","d","D","D","d","d","D","D","D","D","d","d","D","d","D","D","D","D","d","D","d","d","D","D","d","D","d","D","d","d","d","D","d","D","d","D","D","d","D","D",-0.424089504195524
90,10,7,"Aa",1,"bB",1,"Cc",1,1393,2413,-1,-1,-1,-1,-1,-1,-1,-1,-1,-1,"D","d","d","D","d","d","D","d","d","D","D","d","D","d","d","D","d","D","d","d","D","D","d","d","D","D","D","d","D","D","d","d","d","D","D","d","d","D","d","d","d","d","d","d","d","d","d","d","D",0.34077356942311
99,10,8,"aA",1,"Bb",1,"CC",2,2145,110,-1,-1,-1,1,-1,1,1,1,-1,-1,"D","D","D","D","D","d","d","d","d","d","D","D","D","d","D","d","D","D","D","d","d","D","d","d","D","D","D","d","d","D","D","d","d","d","d","D","d","d","D","D","d","d","D","d","D","D","D","d","d",1.28903639765396
96,10,9,"AA",2,"Bb",1,"CC",2,1088,510,-1,-1,1,1,1,-1,1,-1,-1,-1,"d","D","d","D","D","d","d","d","d","d","D","d","D","d","d","d","d","D","d","d","D","d","D","D","D","D","D","d","d","d","D","d","D","d","D","D","D","d","d","d","d","D","d","d","d","d","d","D","d",-1.02731650602305
97,10,11,"Aa",1,"bB",1,"CC",2,1607,300,-1,-1,1,1,-1,-1,-1,1,-1,-1,"D","D","d","D","D","d","d","D","d","D","d","D","d","d","d","d","D","D","D","D","d","d","d","D","d","D","d","d","d","D","D","D","D","D","d","D","D","d","D","d","d","D","d","d","d","D","D","d","d",1.2025884055381
94,10,12,"aa",0,"bB",1,"CC",2,871,785,-1,-1,-1,-1,-1,1,-1,1,1,-1,"d","d","D","D","D","D","D","d","d","d","D","D","d","d","D","d","D","D","D","d","d","d","d","D","D","D","D","d","D","D","D","d","D","d","D","D","D","d","D","D","D","d","d","d","D","d","d","d","d",-1.2306395729968
99,10,13,"Aa",1,"bb",0,"CC",2,1767,2470,-1,-1,1,-1,1,1,1,-1,1,-1,"d","D","D","d","D","d","d","D","d","d","d","D","D","D","D","D","d","D","D","d","D","D","D","D","d","D","D","d","d","d","D","D","d","d","d","D","d","D","d","D","d","D","d","d","d","D","D","d","d",-0.263832781238658
92,10,14,"Aa",1,"bB",1,"Cc",1,2160,327,-1,-1,-1,-1,-1,1,1,-1,-1,-1,"d","D","D","D","D","d","d","d","D","D","D","D","d","d","d","D","D","D","D","D","d","d","d","D","D","D","D","d","d","D","d","d","D","D","d","D","D","D","d","d","D","D","d","D","D","D","d","d","D",-1.88948159638692
105,10,15,"AA",2,"Bb",1,"Cc",1,2086,2338,-1,1,1,1,1,1,1,1,1,-1,"d","D","D","D","D","D","d","d","d","D","D","d","d","d","d","D","d","d","D","D","d","d","d","d","d","D","D","d","d","D","d","D","D","D","D","d","d","D","d","D","d","d","d","d","D","D","d","D","d",-0.49658436746466
105,10,16,"aA",1,"BB",2,"CC",2,1739,586,1,1,-1,1,1,1,1,1,-1,1,"d","d","d","D","D","d","d","d","d","D","D","D","D","d","D","D","d","D","d","d","D","d","d","D","D","d","D","d","d","D","D","d","D","D","d","D","D","d","D","D","D","d","d","D","d","D","D","d","d",-0.185286812751231
93,10,17,"AA",2,"bB",1,"Cc",1,1764,2096,-1,-1,-1,1,-1,-1,-1,-1,-1,-1,"D","D","D","d","D","D","d","d","D","D","D","d","D","d","d","D","d","D","D","D","D","D","d","D","D","D","D","d","D","d","D","d","D","D","D","d","D","d","d","D","d","D","D","D","d","d","D","d","d",1.64213584463887
94,10,18,"aA",1,"BB",2,"cC",1,2107,344,-1,-1,-1,1,-1,-1,1,-1,-1,1,"d","D","D","d","D","d","d","d","d","d","D","d","d","D","d","d","D","D","D","D","d","D","D","D","D","D","D","D","d","D","D","D","D","D","d","D","d","d","d","d","D","D","d","d","d","d","d","d","d",-1.89167511697654
99,10,19,"aA",1,"BB",2,"cC",1,412,932,-1,-1,-1,1,-1,-1,1,1,-1,1,"D","D","D","d","D","D","d","D","d","D","D","D","D","d","D","D","D","D","D","d","D","D","D","D","D","D","D","D","d","D","D","d","d","D","D","D","d","d","D","D","d","d","d","D","d","d","d","d","d",1.81309416384072
97,10,20,"aA",1,"Bb",1,"Cc",1,603,1626,-1,-1,1,-1,-1,1,-1,-1,-1,-1,"d","D","D","d","D","D","d","d","d","D","D","d","d","d","D","d","D","D","D","D","D","D","D","D","D","d","D","d","D","d","D","d","d","D","d","d","d","D","d","d","D","d","D","D","d","d","d","d","D",3.02508281830382
98,10,21,"aa",0,"Bb",1,"Cc",1,2404,2385,-1,-1,1,1,1,-1,1,-1,-1,-1,"d","d","D","D","D","d","d","d","d","d","d","D","D","d","D","d","D","d","D","D","d","D","d","d","D","D","D","D","d","D","D","D","D","D","D","d","D","D","D","d","d","d","d","d","d","d","D","D","D",0.219520067866513
102,10,22,"Aa",1,"bB",1,"CC",2,376,704,-1,-1,1,1,1,1,-1,1,-1,1,"d","D","D","D","D","D","d","d","d","D","D","D","d","d","d","d","d","D","d","D","D","D","d","d","D","D","D","d","d","D","D","D","D","D","D","D","d","d","d","d","D","d","d","d","D","D","d","d","d",0.226727159677602
102,10,23,"Aa",1,"BB",2,"CC",2,747,2104,1,1,1,1,1,1,-1,1,-1,-1,"d","d","d","D","D","d","d","d","d","d","d","D","d","D","D","D","d","D","d","d","D","D","D","D","D","D","D","d","d","D","D","D","d","D","D","D","D","D","D","D","d","D","D","d","d","D","d","d","d",-1.36927102663216
99,10,24,"Aa",1,"BB",2,"CC",2,1996,1319,1,-1,-1,1,1,1,1,1,-1,-1,"D","d","D","D","d","D","d","D","d","D","D","d","D","D","D","d","d","d","d","D","d","d","d","D","D","D","D","d","d","D","D","d","D","D","d","D","D","d","D","D","D","D","d","d","d","D","d","d","d",-2.30734168241164
99,10,25,"Aa",1,"Bb",1,"CC",2,803,627,-1,1,-1,1,1,1,-1,1,-1,-1,"d","d","D","D","D","D","D","d","d","D","D","D","d","d","D","D","D","D","D","d","d","d","D","D","D","D","D","d","d","d","D","d","d","D","d","D","d","d","d","D","d","d","d","D","D","d","d","D","d",-0.925648993368869
103,10,26,"aa",0,"Bb",1,"Cc",1,2047,2269,-1,-1,1,1,1,1,1,-1,-1,1,"d","D","d","D","D","D","D","d","D","D","D","D","D","D","d","d","D","D","d","d","D","D","d","d","D","D","D","d","d","D","d","D","D","D","D","d","D","D","d","d","d","d","d","d","d","d","D","d","d",1.66140144778043
100,10,27,"aa",0,"bB",1,"cc",0,1170,1774,-1,-1,1,-1,1,1,1,1,-1,-1,"D","d","d","D","D","D","d","D","d","D","D","D","d","d","d","d","D","D","D","d","D","d","d","D","D","D","D","d","d","D","D","d","d","d","D","d","D","D","D","D","d","d","D","D","D","D","d","d","d",0.548652036579591
97,10,28,"Aa",1,"bb",0,"cC",1,1397,787,1,-1,-1,1,1,-1,-1,1,-1,-1,"d","d","D","D","D","d","D","D","d","d","d","d","d","d","d","D","D","D","d","D","d","D","d","d","D","D","D","D","d","D","D","D","D","d","d","d","d","D","d","D","d","d","d","D","D","d","d","d","d",-0.119272426536052
93,10,29,"aA",1,"BB",2,"CC",2,1733,2353,-1,-1,1,-1,-1,1,-1,1,-1,-1,"D","D","D","D","D","d","d","d","D","D","D","D","D","D","d","D","D","D","D","d","D","D","D","D","D","D","D","d","d","D","D","D","D","D","D","D","d","D","D","d","d","d","d","D","D","d","d","D","d",-2.3809000624893
102,10,30,"AA",2,"bb",0,"cc",0,397,808,-1,1,-1,1,-1,1,1,1,1,-1,"D","D","d","D","D","D","D","d","d","d","d","D","d","D","d","d","d","D","D","D","D","D","D","D","d","D","D","d","d","D","D","D","D","D","d","D","D","d","d","D","D","D","d","d","d","d","d","D","D",0.25425105928598
98,10,31,"Aa",1,"bb",0,"cC",1,109,1667,-1,1,-1,-1,1,1,1,1,-1,-1,"D","D","D","D","D","d","d","d","d","D","D","D","D","D","D","d","d","D","D","D","D","d","D","D","D","D","D","d","d","D","D","d","D","D","d","d","d","d","d","D","d","D","d","d","d","d","d","d","d",-1.24383955280573
96,10,32,"Aa",1,"BB",2,"CC",2,502,984,-1,-1,1,-1,-1,1,1,-1,-1,-1,"d","D","D","D","d","d","d","d","d","D","D","d","d","D","d","d","d","D","D","D","D","d","d","D","D","D","d","d","d","d","d","d","d","D","D","D","d","D","d","d","d","d","d","D","d","d","D","D","D",0.421331800808025
90,10,33,"aa",0,"bb",0,"Cc",1,795,1610,-1,-1,-1,-1,-1,-1,1,-1,-1,-1,"D","d","D","d","D","D","d","d","D","d","D","D","D","d","d","D","D","d","D","D","d","d","D","D","D","D","D","d","d","D","d","d","D","D","D","D","D","D","D","d","d","d","D","d","D","d","d","D","d",-1.0012797362182
93,10,34,"Aa",1,"bb",0,"CC",2,1195,1213,-1,-1,1,-1,-1,-1,-1,1,-1,-1,"d","d","d","D","D","D","D","d","d","D","D","D","D","D","d","d","D","D","D","d","d","D","d","D","D","D","D","d","D","D","D","d","d","d","D","D","d","D","D","d","d","d","D","d","d","d","D","D","D",-0.458857499353867
96,10,35,"AA",2,"Bb",1,"cc",0,603,729,-1,-1,-1,-1,1,-1,-1,1,-1,-1,"D","D","d","D","D","D","D","d","d","D","D","d","D","d","d","D","D","D","D","D","d","d","d","D","D","d","D","d","d","d","D","d","d","D","D","D","D","D","D","d","d","D","D","D","d","d","D","d","D",2.3916922591238
99,10,36,"aA",1,"Bb",1,"Cc",1,112,397,1,-1,1,-1,-1,1,1,1,-1,-1,"D","D","D","D","D","D","D","d","d","D","D","D","d","D","D","d","d","D","D","d","D","D","D","D","D","D","D","D","d","d","d","D","D","D","D","d","D","d","D","d","d","D","D","D","d","d","d","d","d",-0.707256826523743
103,10,37,"Aa",1,"BB",2,"Cc",1,1546,2425,-1,-1,1,1,1,-1,1,1,-1,-1,"D","d","D","D","D","D","d","d","d","D","D","d","D","d","d","D","D","D","d","D","d","d","D","D","D","D","D","D","d","D","D","d","D","D","D","D","d","d","D","D","D","D","D","d","d","D","d","d","d",3.86701099525334
96,10,38,"Aa",1,"Bb",1,"cC",1,2071,895,-1,-1,-1,1,-1,-1,-1,1,-1,-1,"d","d","D","D","D","d","d","d","d","d","D","d","D","d","d","D","D","D","d","D","d","d","d","D","D","D","D","d","d","D","D","D","d","D","D","d","d","D","D","D","d","D","d","D","D","d","d","d","d",2.35508203259403
91,10,39,"aA",1,"bb",0,"cc",0,103,272,-1,-1,-1,-1,-1,-1,-1,1,-1,-1,"D","d","D","D","D","d","d","d","d","d","D","D","D","d","D","D","D","D","D","d","d","D","D","D","D","D","D","d","d","D","d","D","d","D","d","D","D","D","D","D","d","d","D","D","d","D","d","D","d",-0.15202082510356
96,10,40,"aA",1,"Bb",1,"Cc",1,2293,1254,1,-1,-1,1,-1,-1,-1,1,-1,-1,"d","D","D","D","D","D","D","D","d","D","d","D","D","d","D","d","d","D","D","d","d","d","D","D","D","D","D","d","d","D","D","D","d","D","D","d","D","d","d","d","D","d","d","d","d","D","d","d","D",0.159461331519809
100,10,41,"AA",2,"Bb",1,"cc",0,780,448,-1,-1,1,1,1,1,1,-1,-1,1,"d","D","D","d","D","D","D","D","D","D","d","d","d","D","d","d","d","D","d","D","D","d","d","D","D","D","D","d","D","D","D","D","D","D","D","d","d","D","d","d","D","D","D","d","d","D","d","d","d",-1.09316081282852
99,10,42,"aa",0,"bb",0,"cc",0,216,1515,1,-1,1,-1,-1,1,1,-1,-1,-1,"D","d","D","D","d","d","D","d","d","D","D","D","D","d","D","d","d","d","D","d","D","D","D","D","D","D","D","d","d","D","D","d","D","D","D","D","d","d","d","D","D","d","d","d","D","D","d","d","d",1.00936319998964
104,10,43,"aa",0,"BB",2,"CC",2,21,843,-1,1,1,1,1,1,1,1,-1,-1,"d","d","D","D","d","d","d","d","D","d","d","D","d","D","D","d","d","d","d","d","d","d","D","D","d","D","D","d","d","d","d","D","D","D","D","D","d","D","d","D","d","D","D","d","d","D","D","d","d",0.53827039855425
97,10,44,"aA",1,"bb",0,"CC",2,2138,839,1,1,-1,-1,1,-1,1,-1,-1,-1,"d","D","d","D","D","d","D","d","d","D","d","D","D","d","d","D","d","D","D","d","D","d","D","D","D","D","d","d","d","d","D","d","D","D","D","D","D","D","d","D","D","d","d","d","d","D","d","D","d",-0.555991522329473
102,10,45,"AA",2,"Bb",1,"cC",1,2059,772,1,-1,1,1,1,1,-1,1,-1,-1,"D","D","D","D","D","D","d","d","D","D","d","D","D","D","d","d","d","D","D","d","d","D","d","d","D","D","D","d","d","D","d","D","D","D","d","d","D","d","D","D","d","d","d","D","d","d","d","d","D",0.779876263964408
100,10,46,"Aa",1,"bB",1,"CC",2,544,2235,-1,1,1,-1,1,-1,1,1,-1,-1,"d","D","D","D","d","d","d","D","D","d","d","D","D","d","d","d","d","D","D","d","d","d","d","D","D","D","D","d","d","D","d","D","D","D","D","D","D","D","d","D","D","d","D","D","D","d","d","d","d",0.267807919765745
98,10,47,"aa",0,"BB",2,"CC",2,2342,656,-1,1,1,-1,1,-1,1,-1,-1,-1,"d","D","D","D","D","D","D","d","d","D","D","d","d","D","d","d","d","D","D","D","d","D","d","D","D","d","D","d","D","D","d","d","D","D","d","D","D","D","d","d","D","D","D","d","D","d","d","d","D",0.599168995072958
92,10,48,"aA",1,"bb",0,"cc",0,2077,103,-1,-1,-1,-1,-1,-1,1,-1,-1,-1,"D","d","D","d","D","d","d","d","d","D","D","d","D","d","d","D","D","D","D","d","d","D","D","d","D","D","D","d","d","d","D","d","D","D","D","d","D","d","D","D","D","D","D","d","D","d","D","d","d",0.406298786525337
103,10,49,"AA",2,"bB",1,"cC",1,808,1428,1,1,1,-1,1,1,-1,1,-1,1,"d","d","D","D","D","D","d","d","D","d","D","d","D","D","d","D","D","D","d","D","D","D","d","d","D","D","D","d","d","D","D","D","D","d","D","D","D","d","d","D","D","d","d","d","d","d","D","D","d",-0.907806121788918
92,10,50,"Aa",1,"Bb",1,"Cc",1,2349,1785,-1,-1,-1,-1,1,-1,-1,1,-1,-1,"d","d","D","D","D","D","d","D","d","d","d","D","D","D","D","d","d","D","D","D","d","d","d","D","D","D","D","d","d","D","d","D","D","D","D","D","D","d","d","d","d","D","d","D","d","d","D","D","d",-1.43657113733186
97,11,1,"AA",2,"Bb",1,"CC",2,1863,1742,-1,1,1,1,1,-1,1,-1,-1,-1,"D","D","d","D","D","d","d","d","d","D","D","D","D","D","d","d","D","D","D","d","d","d","d","D","D","D","D","d","d","D","d","D","d","d","D","D","d","d","D","D","D","d","D","d","d","d","d","d","D",-2.87800560685068
104,11,2,"AA",2,"bB",1,"Cc",1,675,1005,-1,-1,1,1,1,1,1,1,-1,1,"D","d","D","D","D","d","d","D","d","D","D","D","D","d","d","d","D","D","d","d","D","d","d","D","D","D","D","d","d","d","d","D","d","D","d","d","d","D","d","D","d","d","d","d","D","d","d","d","d",0.647416883286836
96,11,3,"Aa",1,"bB",1,"cC",1,393,1737,1,-1,-1,1,-1,-1,1,1,-1,-1,"D","d","D","D","D","d","d","D","d","d","D","d","D","D","d","D","D","D","d","d","d","d","d","D","D","d","D","D","d","D","d","D","D","D","D","D","d","D","d","d","D","D","d","D","d","d","d","d","d",-1.08606464073559
94,11,4,"aa",0,"bB",1,"CC",2,2186,394,-1,-1,1,-1,1,-1,1,-1,-1,-1,"d","d","D","D","D","d","D","d","d","D","d","D","d","d","d","D","d","d","D","D","d","D","d","D","D","D","D","d","d","D","D","D","d","D","d","d","d","d","d","D","D","D","d","D","d","D","d","D","D",-1.13558108616402
99,11,5,"AA",2,"bb",0,"CC",2,1043,1500,-1,1,1,1,1,1,-1,-1,-1,-1,"D","D","d","D","D","D","d","d","d","D","d","d","D","d","d","D","d","D","D","d","d","d","d","D","D","D","D","D","d","d","D","d","d","D","D","d","D","D","D","d","D","D","d","D","d","d","d","D","d",-0.759214854987767
104,11,6,"aA",1,"bB",1,"cc",0,775,1056,-1,-1,1,-1,1,1,1,1,1,1,"D","D","d","D","D","d","D","D","d","d","D","D","D","d","d","D","d","D","d","d","D","d","d","d","d","D","D","d","d","D","d","d","D","D","D","D","D","D","D","D","d","d","D","d","d","d","D","d","d",0.347883652099934
103,11,7,"Aa",1,"bB",1,"cc",0,2266,2311,1,1,1,-1,1,-1,1,1,1,-1,"D","D","D","d","D","d","d","d","d","D","d","D","D","D","d","D","d","d","D","D","D","d","d","D","D","D","D","d","d","D","D","D","d","D","d","D","D","d","d","D","D","d","d","d","D","d","D","D","d",-0.497702438382793
99,11,8,"aA",1,"Bb",1,"Cc",1,2017,602,1,-1,1,-1,-1,1,1,1,-1,-1,"D","d","D","D","d","d","d","d","d","d","D","D","d","D","d","D","d","D","D","d","D","d","d","D","D","d","D","d","d","d","D","D","D","d","D","d","d","D","D","D","D","D","d","D","D","d","D","D","d",-0.452187808277505
95,11,9,"Aa",1,"bB",1,"CC",2,2281,1283,-1,-1,-1,-1,-1,1,-1,1,-1,-1,"D","d","d","D","D","d","d","d","d","d","D","D","D","d","d","D","d","d","d","d","d","d","d","d","D","D","D","d","d","d","d","d","d","D","D","D","D","D","d","d","d","d","D","d","d","d","d","D","d",1.54248687046282
100,11,10,"aa",0,"BB",2,"cC",1,1292,1596,1,-1,1,1,1,1,-1,-1,-1,-1,"d","d","D","D","D","d","d","D","d","D","d","d","d","d","d","D","d","D","D","D","D","d","D","d","D","D","D","d","d","d","d","d","d","D","D","d","D","D","d","d","d","d","d","d","d","d","D","D","d",0.658116658686146
96,11,12,"AA",2,"Bb",1,"CC",2,1517,1264,-1,-1,1,1,1,1,-1,-1,-1,-1,"D","D","D","D","D","d","d","d","d","d","D","D","D","d","D","d","d","d","D","D","d","D","D","D","D","D","D","d","d","d","D","d","d","D","D","D","d","d","d","D","d","D","D","d","D","d","D","D","d",-1.82523432738206
103,11,13,"AA",2,"BB",2,"Cc",1,71,1340,1,1,1,-1,-1,-1,1,1,1,-1,"d","D","d","D","D","d","D","d","d","d","D","d","D","d","d","d","D","D","D","d","d","D","d","D","d","D","D","d","d","d","d","D","D","D","d","D","D","D","D","d","d","d","D","d","D","d","d","d","d",1.28409793183184
98,11,14,"aa",0,"Bb",1,"CC",2,514,814,1,-1,-1,1,1,-1,1,-1,-1,-1,"D","D","D","D","D","d","D","d","d","D","d","D","D","d","d","d","d","D","d","d","D","d","d","D","D","D","D","d","d","d","D","D","D","D","D","D","D","d","d","d","D","d","d","d","d","D","d","d","d",0.602480527039474
96,11,15,"AA",2,"Bb",1,"cC",1,246,670,-1,1,-1,-1,-1,1,1,-1,-1,-1,"D","D","d","D","D","d","D","D","d","d","D","d","d","d","d","d","D","d","D","d","D","d","d","D","D","D","D","d","d","D","D","D","D","D","D","D","D","d","d","d","d","D","d","d","d","D","d","d","D",0.939932225472843
100,11,16,"aa",0,"BB",2,"cC",1,2175,697,-1,1,-1,1,1,-1,1,1,-1,-1,"D","D","D","D","D","d","D","d","d","d","d","d","d","D","D","D","D","D","D","D","d","d","D","d","d","D","D","d","d","D","d","D","d","D","D","d","d","d","d","D","d","D","d","d","D","d","D","d","d",0.583188984967291
97,11,17,"aA",1,"Bb",1,"cc",0,181,1372,-1,-1,-1,-1,-1,1,1,1,-1,1,"d","d","D","D","D","d","d","d","D","d","d","d","d","d","D","d","d","D","d","D","d","D","d","D","d","D","d","d","d","D","D","D","D","d","d","D","D","d","d","D","D","D","D","D","D","d","d","d","d",-0.320438277586729
95,11,18,"aa",0,"bb",0,"cC",1,2036,226,-1,1,1,-1,-1,-1,1,-1,-1,-1,"d","d","D","D","D","d","d","d","d","d","D","D","D","d","D","D","d","D","D","D","D","D","D","D","D","D","D","d","d","D","d","d","D","D","D","d","d","D","D","d","D","d","D","d","d","d","d","d","D",-0.114019504181541
92,11,19,"aA",1,"bB",1,"cC",1,1865,2402,-1,-1,-1,-1,-1,1,-1,-1,-1,-1,"D","D","D","D","D","d","d","D","d","D","d","d","D","D","D","d","d","D","D","D","d","d","D","d","D","D","D","d","d","D","D","d","D","d","D","D","D","D","d","D","D","d","D","d","D","d","d","d","d",0.341387322293451
94,11,20,"aa",0,"bb",0,"cC",1,961,685,-1,1,-1,-1,1,-1,-1,-1,-1,-1,"D","d","D","D","d","d","d","D","d","d","D","d","D","D","d","d","d","D","D","d","D","D","d","D","D","D","D","d","d","D","D","D","D","D","D","d","D","d","d","d","d","d","d","D","D","d","d","d","d",0.929736067443671
102,11,21,"AA",2,"BB",2,"CC",2,543,2012,1,-1,-1,-1,1,-1,1,1,-1,-1,"D","D","D","d","D","D","d","d","D","d","d","D","D","d","d","d","D","D","d","d","d","d","d","D","D","D","D","d","d","D","d","d","d","D","D","D","D","D","d","d","D","d","D","D","D","D","d","d","d",4.03833748731334
92,11,22,"AA",2,"bB",1,"cC",1,649,1607,-1,-1,-1,-1,-1,-1,1,-1,-1,-1,"D","D","D","D","d","d","d","d","D","D","D","D","d","d","d","d","d","D","D","d","D","d","d","D","D","D","D","d","d","D","d","D","D","D","D","d","D","D","d","D","d","D","D","d","d","D","D","d","d",0.48043551760256
94,11,23,"aA",1,"BB",2,"cc",0,838,1160,-1,-1,-1,-1,1,-1,1,-1,-1,-1,"d","d","D","d","D","d","D","D","d","D","d","D","D","d","d","d","D","d","D","D","d","d","D","D","D","D","D","d","D","d","D","d","d","D","d","D","D","d","D","d","d","D","D","d","d","d","d","d","d",0.407033979564611
98,11,24,"Aa",1,"bB",1,"cC",1,1160,1292,-1,1,-1,1,-1,1,-1,1,-1,-1,"D","D","d","D","D","d","d","d","D","d","d","D","d","d","d","D","D","D","D","d","D","D","d","D","d","D","D","D","d","D","d","d","d","d","D","D","d","D","d","d","d","D","d","d","d","D","d","d","D",0.746333573582775
100,11,25,"aA",1,"bB",1,"CC",2,1667,652,1,-1,-1,1,1,-1,1,1,-1,1,"d","D","D","D","D","d","d","d","D","D","D","D","d","D","d","d","d","d","d","d","d","d","D","D","D","D","D","d","d","D","D","D","D","d","D","d","d","d","D","D","D","d","d","d","d","d","d","d","d",-1.79786951575998
95,11,26,"AA",2,"BB",2,"cC",1,168,1110,-1,-1,1,1,-1,-1,-1,1,-1,-1,"d","D","D","D","D","d","d","d","D","D","D","D","d","d","D","D","D","D","D","D","D","d","d","d","D","D","D","d","d","D","D","D","d","D","D","D","d","D","d","d","d","d","d","d","d","D","d","D","d",-0.52233307055067
99,11,27,"aa",0,"BB",2,"cC",1,1257,150,-1,1,-1,1,1,1,-1,1,-1,1,"D","D","d","D","D","D","d","d","d","D","D","D","d","D","d","d","D","D","D","D","d","d","d","D","D","D","D","d","d","D","d","D","D","D","D","D","d","d","d","D","D","D","D","d","d","d","d","d","d",-2.1247801729541
93,11,28,"aa",0,"bB",1,"cC",1,1412,2325,-1,1,-1,-1,-1,-1,1,-1,-1,-1,"D","d","D","D","D","d","D","d","d","D","D","D","d","D","d","d","d","D","D","D","d","D","d","d","D","D","D","d","d","D","d","d","D","d","D","d","D","d","d","D","D","D","d","d","D","d","D","D","d",-0.936298546123421
99,11,29,"aa",0,"BB",2,"cC",1,2044,117,-1,1,-1,-1,1,1,1,1,-1,-1,"D","d","d","D","D","D","d","d","D","D","d","d","d","D","d","d","D","D","d","d","D","D","d","d","d","D","D","D","d","D","D","D","d","D","D","d","D","d","D","D","D","D","D","d","d","d","d","d","d",-0.286073505393696
97,11,30,"aA",1,"bb",0,"Cc",1,1861,2221,-1,-1,-1,-1,-1,1,1,1,-1,-1,"d","D","D","D","D","d","D","d","d","d","d","D","D","d","D","d","D","D","D","d","D","D","d","D","d","D","D","d","d","D","d","D","D","D","d","D","D","D","d","D","D","D","d","d","D","D","d","d","d",1.31084254561389
98,11,31,"aa",0,"Bb",1,"CC",2,2383,2416,-1,-1,1,-1,-1,-1,1,1,-1,-1,"d","d","D","D","D","D","D","d","D","d","D","D","d","D","d","d","d","D","d","D","d","D","D","D","d","D","D","D","d","d","D","d","D","D","d","D","D","D","d","d","D","d","d","d","D","D","D","D","d",2.72379805311993
93,11,32,"aa",0,"bB",1,"Cc",1,572,809,-1,-1,-1,-1,-1,1,1,-1,-1,-1,"D","D","d","d","d","d","d","D","d","d","D","d","D","d","D","d","d","D","D","d","D","D","d","d","d","D","D","d","d","D","D","D","D","D","d","d","d","d","D","d","D","d","D","d","D","d","d","d","d",-0.912832919006068
100,11,33,"aa",0,"BB",2,"CC",2,1884,2454,1,1,-1,-1,1,1,-1,-1,-1,1,"D","D","D","D","D","d","d","d","D","D","d","D","D","D","D","d","d","D","D","D","D","d","D","d","D","D","D","d","d","D","D","d","d","D","D","D","D","d","d","d","d","d","d","D","d","D","d","d","D",0.376057105562702
102,11,34,"aa",0,"Bb",1,"CC",2,1390,2047,-1,-1,1,1,-1,1,1,1,-1,-1,"D","d","D","D","D","d","D","d","d","d","D","D","D","d","D","D","d","D","D","D","d","D","d","d","D","D","D","d","d","D","D","D","d","D","D","d","d","D","D","D","D","d","d","d","d","d","d","d","d",2.85591547467669
97,11,35,"aA",1,"BB",2,"cC",1,2291,424,-1,-1,1,-1,-1,1,1,-1,-1,-1,"d","D","d","D","D","d","d","D","d","d","d","D","d","D","d","d","D","d","D","D","D","D","D","D","D","D","d","d","d","d","d","d","d","D","D","D","D","D","D","D","D","D","d","d","D","d","d","d","d",1.88782369585171
103,11,36,"AA",2,"BB",2,"CC",2,2375,2250,1,1,-1,1,1,1,-1,1,1,-1,"d","d","D","d","D","D","D","D","d","D","D","d","d","d","d","d","d","d","D","d","d","D","d","D","D","D","D","d","D","D","d","d","D","D","D","D","d","d","D","d","d","d","D","d","D","d","D","d","d",-0.544383234054842
93,11,37,"AA",2,"bb",0,"cC",1,1820,2079,-1,-1,-1,1,-1,-1,-1,1,-1,-1,"d","D","D","d","d","d","d","d","d","d","D","D","D","d","d","D","d","D","d","D","D","d","d","D","D","D","D","d","D","D","d","d","D","D","d","D","d","D","D","d","D","d","d","D","d","D","d","d","d",-0.138519186525408
104,11,38,"AA",2,"Bb",1,"Cc",1,943,2036,1,1,1,1,1,-1,1,1,-1,-1,"d","d","D","d","D","d","d","d","d","D","d","D","D","d","d","d","D","d","D","D","D","D","D","D","d","D","D","d","d","d","D","d","d","D","D","D","d","D","D","d","D","d","d","d","d","d","d","d","d",0.355646183977241
95,11,39,"AA",2,"BB",2,"cc",0,650,864,1,-1,-1,-1,1,-1,1,1,-1,-1,"d","D","d","D","D","d","D","d","D","d","d","d","D","D","d","d","d","D","D","D","d","D","d","D","D","D","D","d","D","d","D","D","D","D","D","D","D","d","D","d","d","D","D","d","D","D","d","d","d",-2.05767577278702
101,11,40,"aa",0,"BB",2,"cc",0,2435,498,1,-1,1,1,-1,1,1,1,-1,-1,"D","d","D","D","d","d","d","d","d","d","D","d","d","d","d","D","D","D","D","D","D","d","d","D","D","D","D","d","d","D","D","D","D","d","D","d","D","d","D","D","d","d","d","D","D","d","d","D","D",-0.897233710781788
94,11,41,"Aa",1,"BB",2,"CC",2,344,2488,-1,-1,1,-1,-1,1,-1,-1,-1,-1,"D","D","D","d","d","D","d","d","d","D","d","d","D","D","d","d","d","D","d","d","d","d","d","D","D","D","D","d","d","D","D","D","d","d","D","d","D","d","d","D","D","D","d","D","d","d","d","d","d",0.524462992351283
100,11,42,"aA",1,"BB",2,"Cc",1,1296,1600,1,-1,1,1,-1,-1,1,-1,1,1,"d","D","D","D","d","d","d","d","d","d","D","D","D","d","D","d","D","D","d","D","D","d","D","D","D","D","D","d","d","D","D","D","d","D","D","D","D","d","d","d","d","d","d","D","d","d","d","d","d",-1.60206401629893
97,11,43,"AA",2,"BB",2,"CC",2,31,1477,-1,-1,1,1,-1,1,1,-1,-1,-1,"d","D","D","D","D","d","d","d","d","d","D","d","d","d","d","D","D","d","d","D","D","d","D","D","d","D","D","d","d","D","D","d","D","d","D","D","D","D","D","d","d","D","D","D","d","d","D","d","d",-0.378378559041427
97,11,44,"Aa",1,"bB",1,"Cc",1,391,2136,-1,-1,-1,1,1,-1,1,-1,1,-1,"D","D","D","D","D","d","D","d","d","D","D","d","D","d","d","D","d","D","D","d","D","D","d","D","D","D","D","d","d","d","d","D","D","D","d","D","d","D","D","d","d","d","D","d","d","d","d","d","D",-0.869239620616575
105,11,45,"aA",1,"Bb",1,"cC",1,427,1797,1,-1,1,-1,1,1,1,1,-1,1,"D","D","d","d","d","d","D","D","d","D","d","d","D","d","d","d","D","D","D","d","D","D","d","d","D","D","D","d","d","D","d","D","D","D","D","D","d","D","D","D","d","d","d","d","D","D","d","d","d",1.13496423937608
106,11,46,"AA",2,"bb",0,"CC",2,1492,467,1,1,-1,1,1,1,1,1,1,-1,"d","d","D","D","D","d","D","d","d","d","d","D","d","d","d","D","d","D","D","D","D","d","d","D","D","D","D","d","d","D","D","d","D","D","D","D","D","d","d","d","d","D","D","d","d","D","d","d","d",0.944654215664299
99,11,47,"AA",2,"bb",0,"Cc",1,1960,975,-1,-1,1,-1,-1,1,1,1,-1,1,"d","d","d","D","D","d","d","d","d","D","D","d","D","D","d","d","d","D","D","d","d","D","d","d","D","D","D","d","d","D","D","d","D","d","D","D","d","D","D","D","d","D","d","d","d","D","d","d","D",-0.208073416682197
103,11,48,"AA",2,"bB",1,"cc",0,593,915,1,-1,1,1,1,1,1,1,1,-1,"D","D","D","D","D","d","d","d","D","D","D","D","D","d","d","D","D","D","d","D","d","d","D","D","D","D","D","d","d","D","D","d","D","d","D","D","D","D","D","d","D","d","D","d","d","d","d","D","D",-2.22201493333127
100,11,49,"AA",2,"BB",2,"CC",2,1624,1875,-1,-1,1,1,-1,-1,1,-1,1,-1,"D","D","D","D","D","D","D","D","D","D","D","d","d","d","d","D","D","D","D","d","d","D","d","D","D","d","D","d","d","D","D","D","d","d","d","D","D","D","D","d","d","D","D","d","d","d","d","d","d",2.71557684234375
96,11,50,"aA",1,"BB",2,"cc",0,1962,1968,1,-1,1,-1,-1,1,1,-1,-1,-1,"D","D","d","D","D","d","d","d","d","D","D","D","d","d","d","D","D","D","D","D","d","D","d","D","D","D","D","d","d","D","d","d","d","D","d","D","D","d","D","D","d","D","d","D","D","D","d","d","d",-1.177336583824
99,12,1,"aa",0,"BB",2,"cC",1,1449,1819,1,-1,-1,1,1,-1,1,1,-1,-1,"d","D","d","D","D","D","d","d","D","D","D","D","d","d","D","D","D","D","D","D","D","D","d","D","D","D","D","d","D","D","D","d","D","D","d","D","d","D","d","D","D","D","D","d","D","d","d","d","d",-0.741224152289473
92,12,2,"aa",0,"Bb",1,"cC",1,1262,1294,-1,-1,-1,-1,1,-1,-1,-1,-1,-1,"D","D","D","D","D","D","d","d","d","D","d","D","d","d","d","d","D","D","D","d","D","d","d","D","D","D","D","d","d","D","D","D","d","D","D","D","d","d","d","d","d","d","D","d","D","D","D","d","d",0.667622297399491
95,12,3,"aA",1,"BB",2,"cc",0,624,1773,-1,-1,-1,-1,1,-1,-1,1,-1,-1,"D","D","D","D","D","d","d","D","d","D","D","D","D","d","d","d","d","D","D","d","D","d","d","D","d","D","D","d","d","d","D","d","D","D","D","D","D","D","d","D","d","d","d","d","d","d","D","d","d",1.53130866297002
91,12,4,"aa",0,"bb",0,"Cc",1,305,1573,-1,-1,-1,-1,-1,-1,1,-1,-1,-1,"D","D","d","D","D","d","D","d","d","D","D","d","D","d","d","D","d","D","d","d","d","d","D","d","D","D","D","d","d","D","d","D","D","d","D","D","d","d","D","d","d","d","d","d","d","D","d","D","d",-0.674788251215049
99,12,5,"aa",0,"Bb",1,"cC",1,623,922,-1,-1,1,-1,1,1,1,1,1,-1,"D","D","D","D","D","d","d","d","D","d","D","D","D","D","d","D","d","D","d","d","d","d","D","D","D","D","d","d","d","D","D","d","d","D","D","d","d","d","d","D","d","d","d","d","D","D","d","d","D",-2.28211018069865
101,12,6,"aa",0,"bB",1,"Cc",1,1997,2430,1,-1,1,-1,-1,1,1,-1,-1,1,"d","D","d","d","D","d","d","D","D","D","D","d","d","d","d","D","D","d","D","D","D","D","d","D","D","d","D","d","d","D","d","d","D","d","D","d","D","d","d","D","D","D","D","d","D","D","d","d","D",1.45035911767597
102,12,7,"aA",1,"BB",2,"CC",2,34,224,-1,-1,1,1,1,1,-1,1,-1,-1,"d","d","d","d","d","d","d","d","d","d","D","d","d","d","d","d","d","D","D","d","D","D","D","D","D","D","D","d","d","D","D","D","d","d","D","D","D","D","d","D","d","D","D","d","d","d","d","d","d",2.24800158276864
102,12,8,"Aa",1,"Bb",1,"CC",2,1636,361,-1,-1,-1,1,1,1,1,-1,-1,1,"d","D","D","D","D","d","d","d","D","d","d","D","d","d","D","D","D","d","D","D","D","d","D","D","D","D","d","D","d","D","D","D","D","d","d","d","d","D","d","d","d","D","D","D","d","d","d","d","d",2.04926321906475
94,12,9,"Aa",1,"Bb",1,"CC",2,2394,2420,1,-1,-1,-1,-1,-1,1,-1,-1,-1,"D","D","d","D","d","D","d","D","d","D","d","d","d","D","D","D","d","D","D","D","d","D","D","D","D","D","D","d","d","D","D","D","D","d","D","D","D","d","D","d","D","d","d","D","D","d","d","D","d",0.0764136713019259
100,12,10,"Aa",1,"BB",2,"cc",0,1407,435,-1,-1,-1,1,1,-1,1,1,-1,1,"D","d","D","d","D","d","D","d","D","D","D","d","d","D","d","D","d","D","D","d","D","d","d","D","D","D","D","d","D","D","D","d","D","D","D","D","D","d","D","d","d","d","D","d","D","D","d","d","d",0.17579352549188
105,12,11,"aa",0,"bb",0,"Cc",1,1427,1529,1,-1,1,1,1,1,-1,1,-1,-1,"d","D","d","d","D","d","D","d","d","D","D","D","D","d","d","D","d","D","d","d","d","D","D","d","d","D","D","d","d","D","D","d","D","D","D","d","D","D","D","d","D","D","d","d","d","D","d","d","d",3.04754390351174
95,12,13,"aa",0,"BB",2,"Cc",1,2323,181,1,1,-1,-1,-1,-1,-1,1,-1,-1,"d","d","d","d","D","d","d","d","d","D","D","d","D","D","d","D","d","D","D","d","D","d","d","D","d","D","D","d","d","D","d","d","D","D","d","d","D","d","d","d","D","D","d","D","D","d","d","d","d",-0.0827892589397806
111,12,14,"aA",1,"BB",2,"cC",1,1065,1239,1,1,1,1,1,1,1,1,1,1,"D","D","d","D","D","d","d","d","d","D","d","d","D","d","d","D","D","D","D","D","D","D","d","D","D","D","D","d","d","D","D","D","D","D","D","D","d","d","D","d","D","D","D","d","D","D","d","D","d",1.05350988641345
110,12,15,"Aa",1,"bB",1,"CC",2,2426,2065,-1,-1,1,1,1,1,1,1,1,1,"D","D","D","D","D","D","D","d","d","D","d","D","d","d","d","d","d","D","D","d","d","D","d","D","d","D","D","d","d","D","D","D","d","D","D","D","D","D","d","d","d","D","d","d","d","d","D","d","d",4.04472060776768
99,12,16,"Aa",1,"BB",2,"cc",0,1501,570,-1,-1,1,-1,1,-1,-1,1,-1,1,"D","D","D","D","D","D","d","d","d","D","D","D","d","D","d","D","d","d","D","D","d","D","d","D","D","D","D","d","d","D","D","D","D","D","d","D","D","d","D","D","d","d","D","d","d","d","D","D","d",1.05002004482012
98,12,17,"Aa",1,"Bb",1,"CC",2,1130,847,-1,1,1,1,-1,1,1,1,-1,-1,"D","D","d","D","D","D","d","d","D","D","d","D","d","d","d","d","d","D","d","d","D","d","d","D","D","D","D","D","d","D","D","D","D","D","D","D","D","D","D","D","d","d","d","D","D","d","D","d","d",-3.23849872208293
98,12,18,"AA",2,"bb",0,"Cc",1,1920,102,-1,1,1,-1,-1,1,1,1,-1,-1,"d","d","d","D","D","d","d","D","d","d","D","d","D","d","d","D","D","D","D","d","d","D","d","D","D","D","D","d","d","D","D","D","d","D","D","d","D","D","d","D","d","D","d","D","d","d","d","d","D",-1.27091439663198
102,12,19,"AA",2,"bB",1,"cC",1,1192,645,-1,-1,1,1,1,1,1,1,-1,-1,"D","d","d","D","D","d","d","D","d","d","D","D","D","d","d","d","D","D","d","D","D","d","d","D","D","D","D","d","D","D","D","d","D","d","D","d","D","d","D","d","d","d","D","d","d","d","d","D","D",0.786142290705621
95,12,20,"Aa",1,"bb",0,"cC",1,2281,1283,-1,-1,-1,-1,-1,1,1,1,-1,-1,"D","d","d","D","D","d","D","d","d","D","D","D","D","d","D","D","d","D","D","d","D","d","D","d","D","D","d","d","d","D","d","d","d","D","D","D","D","D","d","d","D","d","d","d","d","D","d","D","d",-0.407321118333203
102,12,21,"aa",0,"Bb",1,"Cc",1,1088,610,-1,-1,1,1,1,1,1,1,-1,-1,"D","d","d","D","D","d","D","D","d","d","d","d","D","d","d","d","d","D","D","d","D","D","D","D","D","D","D","d","d","d","d","d","D","d","D","D","D","D","d","d","d","D","D","d","d","d","d","d","d",0.0914777328868688
97,12,22,"aA",1,"bb",0,"cc",0,1177,169,-1,-1,-1,-1,1,-1,1,-1,-1,1,"d","d","D","D","d","d","D","D","D","D","D","D","d","d","d","d","D","D","d","D","d","d","D","D","D","D","D","d","d","D","D","d","D","d","d","d","D","d","D","D","d","d","D","D","d","d","d","d","D",1.39598448001598
101,12,23,"aa",0,"Bb",1,"CC",2,2238,1421,-1,1,1,-1,1,-1,1,1,-1,-1,"D","d","D","d","D","d","D","D","d","D","D","d","D","d","d","D","d","D","d","d","d","d","d","D","D","D","D","d","d","D","d","D","D","D","D","D","d","d","D","D","D","d","d","D","d","d","d","D","d",1.35557659501399
102,12,24,"aa",0,"Bb",1,"CC",2,1413,122,-1,-1,1,1,1,1,1,1,-1,-1,"d","d","d","d","D","d","d","D","D","d","D","D","D","D","d","D","D","D","D","d","D","d","D","D","D","D","D","D","d","D","D","D","d","D","D","d","D","D","d","d","D","D","d","d","d","D","d","D","d",0.859812167225974
109,12,25,"aA",1,"Bb",1,"cc",0,1038,1137,1,1,1,1,1,1,1,1,1,1,"d","D","D","d","D","d","d","D","d","D","D","d","D","d","d","d","D","D","D","D","d","D","d","d","D","D","d","d","d","D","D","D","D","D","D","d","d","D","d","D","d","d","D","d","D","d","d","d","d",-0.867012681668791
93,12,26,"aA",1,"bB",1,"CC",2,1808,2394,-1,-1,-1,-1,-1,1,-1,-1,-1,-1,"D","d","D","D","D","D","D","d","D","d","D","d","d","d","d","d","d","D","d","d","d","d","d","D","D","D","D","d","d","D","d","d","D","D","D","d","D","D","d","d","D","d","d","d","D","d","d","D","D",1.0224010053189
103,12,27,"aA",1,"BB",2,"Cc",1,1675,717,1,-1,1,1,-1,1,1,1,1,-1,"D","D","d","D","D","D","d","d","d","d","d","d","D","d","d","d","d","d","D","d","d","D","d","D","d","D","d","D","D","D","D","d","d","d","D","D","D","d","d","d","d","d","d","d","D","d","d","d","d",-0.213655090184317
96,12,28,"Aa",1,"Bb",1,"cC",1,650,1034,-1,-1,-1,1,1,-1,1,-1,-1,-1,"D","D","D","D","D","d","d","D","d","D","d","d","D","D","D","d","d","D","D","D","D","D","d","D","D","D","D","d","d","d","d","D","d","D","D","d","D","d","D","d","d","D","d","d","d","d","D","d","d",0.504214449328332
98,12,29,"aa",0,"bB",1,"Cc",1,305,2048,-1,-1,-1,-1,1,1,1,1,-1,-1,"d","D","D","D","D","D","d","d","D","D","D","D","d","d","D","d","d","D","D","d","D","d","d","D","D","D","D","d","d","d","D","D","d","D","D","D","d","D","D","d","d","D","D","d","d","D","d","D","d",0.840260768846668
97,12,30,"aa",0,"bB",1,"cC",1,1965,38,-1,-1,-1,1,1,1,1,1,-1,-1,"D","D","d","D","d","D","D","D","d","d","d","D","d","d","D","d","D","D","D","d","D","D","d","D","D","D","d","D","d","d","d","D","d","d","D","D","D","D","d","D","D","D","D","d","d","d","D","D","d",-2.11112127159876
87,12,31,"aa",0,"Bb",1,"cc",0,226,944,-1,-1,-1,-1,-1,-1,-1,-1,-1,-1,"d","D","d","D","D","D","d","d","d","D","D","D","d","d","d","d","D","D","D","d","d","D","d","D","D","D","D","d","d","d","D","D","D","D","D","d","D","D","D","D","d","d","D","d","d","d","d","d","d",-2.68228071557443
99,12,32,"aA",1,"bb",0,"cC",1,230,794,-1,-1,1,1,-1,1,1,-1,1,-1,"d","d","d","D","D","d","D","d","D","d","d","d","D","D","d","D","D","d","D","d","D","D","d","D","d","D","d","d","d","D","d","d","D","D","D","D","D","d","d","D","d","d","d","D","D","d","D","d","d",-0.715699785515738
109,12,33,"aA",1,"bb",0,"cC",1,660,461,1,1,1,1,1,1,1,1,-1,-1,"D","d","d","D","D","d","D","D","D","D","d","D","D","d","d","d","D","D","D","D","D","D","d","d","D","D","D","d","d","D","D","D","D","D","D","D","D","D","D","d","D","D","d","d","d","D","d","D","d",3.0747083763713
92,12,34,"aA",1,"Bb",1,"Cc",1,2373,124,-1,-1,-1,-1,-1,1,-1,1,-1,-1,"d","D","d","D","D","d","d","d","d","d","D","D","D","d","d","d","D","D","d","D","D","D","D","D","d","D","D","d","d","D","d","d","d","D","D","D","D","d","D","d","d","D","D","d","D","d","d","d","d",-1.79477912062449
103,12,35,"Aa",1,"Bb",1,"CC",2,84,47,1,-1,1,1,1,1,1,-1,1,1,"D","d","d","D","D","D","D","D","d","D","D","D","D","D","d","d","d","D","D","D","d","D","D","D","D","D","D","D","d","d","D","D","d","D","D","d","d","D","D","d","d","D","d","d","d","d","d","d","D",-2.57661813208419
98,12,36,"aa",0,"BB",2,"CC",2,1055,1692,-1,-1,-1,1,-1,1,1,1,-1,-1,"d","D","D","D","D","d","D","d","D","D","D","D","d","d","d","D","d","D","D","D","d","d","d","D","D","D","D","d","d","d","D","D","D","D","D","D","D","D","d","d","d","d","d","d","d","D","D","d","D",0.959752901457814
95,12,37,"aA",1,"bB",1,"Cc",1,677,1746,-1,-1,-1,1,-1,1,-1,-1,-1,-1,"D","D","d","D","D","D","d","D","D","d","d","d","D","d","D","d","d","D","D","d","d","d","d","D","d","D","D","d","d","D","d","d","d","D","D","d","D","D","D","d","d","D","d","D","D","d","d","d","d",1.57458236074103
97,12,38,"Aa",1,"BB",2,"CC",2,2213,1877,1,-1,-1,-1,1,-1,-1,1,-1,-1,"d","D","D","D","D","D","d","D","d","d","d","D","d","d","d","d","D","D","D","D","d","D","d","D","d","D","D","d","D","d","D","D","D","D","d","D","d","d","d","D","D","d","d","d","D","D","d","D","d",1.53929222761212
94,12,39,"Aa",1,"bb",0,"Cc",1,2499,602,-1,-1,1,-1,-1,1,-1,1,-1,-1,"D","D","D","D","D","d","d","d","d","D","D","d","d","d","d","d","d","D","D","d","D","d","d","D","D","D","D","d","d","d","D","D","d","D","D","D","d","D","D","D","D","d","D","d","D","d","D","d","d",-1.84878970235397
98,12,40,"Aa",1,"BB",2,"cC",1,293,1085,1,-1,1,-1,-1,-1,1,-1,-1,1,"D","D","d","D","D","d","d","d","D","D","D","d","D","d","d","d","d","D","d","D","D","D","d","d","d","D","D","d","d","D","D","D","d","D","d","D","D","d","D","D","d","D","D","d","d","d","d","d","d",0.109932724729464
92,12,41,"aa",0,"bB",1,"cc",0,2256,2056,-1,-1,-1,1,-1,-1,-1,1,-1,-1,"D","D","d","D","D","D","d","D","D","D","d","D","D","d","d","D","D","D","D","D","D","D","D","D","D","D","d","D","d","D","d","D","D","D","d","d","D","d","d","d","d","D","D","d","d","d","d","d","D",-1.23444635888837
86,12,42,"aA",1,"BB",2,"CC",2,1235,751,-1,-1,-1,-1,-1,-1,-1,-1,-1,-1,"d","D","d","D","D","d","d","d","d","D","D","D","d","d","d","d","D","d","D","d","d","d","D","D","D","D","D","d","d","D","D","D","d","D","D","D","d","D","d","d","d","d","D","D","d","D","D","d","d",-3.42326737269935
96,12,43,"AA",2,"Bb",1,"CC",2,1893,93,-1,-1,1,-1,1,-1,1,-1,-1,-1,"D","d","D","D","D","d","D","d","D","D","D","d","D","d","D","D","d","D","D","d","d","d","D","D","D","D","D","D","d","D","D","D","D","D","D","D","d","d","D","D","D","d","d","D","D","D","d","d","D",0.143555011281395
99,12,44,"Aa",1,"bb",0,"Cc",1,1350,382,-1,-1,-1,1,1,1,1,1,-1,-1,"D","d","D","D","d","D","d","d","D","d","D","D","D","d","d","d","D","D","D","d","d","d","D","D","D","D","D","D","D","d","d","D","D","D","d","D","D","d","d","d","d","d","D","d","D","d","d","D","D",-0.210572570862767
96,12,45,"aa",0,"Bb",1,"cc",0,1862,833,-1,1,-1,-1,-1,-1,-1,1,1,-1,"D","D","d","D","d","d","d","d","d","d","D","D","D","D","d","d","D","D","D","d","d","d","D","D","d","D","D","d","d","D","D","d","d","D","D","D","D","D","D","D","D","d","d","D","d","d","d","d","d",0.227023941844594
96,12,46,"AA",2,"bB",1,"CC",2,1437,1934,-1,-1,-1,-1,1,1,-1,1,-1,-1,"D","d","D","D","D","D","d","D","D","D","d","d","D","D","D","D","d","d","d","d","D","D","D","D","d","D","D","d","d","D","D","D","d","d","d","d","d","D","d","d","d","d","d","D","d","d","d","d","d",0.174391346958309
104,12,47,"Aa",1,"Bb",1,"Cc",1,299,2493,-1,1,1,1,1,1,-1,1,1,-1,"D","D","D","d","D","d","d","d","d","D","D","d","d","d","D","D","d","d","D","d","D","D","D","D","D","D","D","d","d","d","d","D","d","D","D","d","d","D","D","d","d","D","d","d","d","d","D","d","d",0.882804543099085
109,12,48,"Aa",1,"Bb",1,"Cc",1,708,841,1,1,1,-1,1,1,1,1,1,1,"D","d","d","D","d","d","D","D","D","D","d","D","d","d","D","D","D","D","d","D","D","D","D","D","d","D","D","d","d","D","D","D","D","D","d","d","D","D","D","D","d","d","D","d","d","d","d","d","d",1.89660494105655
101,12,49,"aA",1,"BB",2,"Cc",1,1100,1884,-1,-1,-1,-1,1,1,1,1,1,-1,"d","D","D","d","D","D","d","d","d","D","D","d","D","d","D","d","d","D","D","D","D","d","d","d","d","D","d","d","d","D","D","D","D","D","D","D","d","d","d","d","d","d","D","d","d","D","d","d","d",1.39678411485492
102,12,50,"AA",2,"BB",2,"cC",1,155,782,1,1,1,-1,-1,1,1,1,-1,-1,"D","d","D","D","D","d","D","d","D","D","d","d","D","d","d","d","D","D","D","D","D","D","d","D","D","D","D","d","d","D","D","D","D","d","D","d","d","D","D","d","d","d","d","d","d","d","d","d","d",0.993164836049747
103,13,1,"AA",2,"Bb",1,"cC",1,717,2111,-1,-1,1,1,1,1,1,1,-1,-1,"d","d","D","D","D","d","d","d","d","d","d","D","D","d","d","d","D","D","D","d","D","d","d","d","D","d","D","d","d","d","D","d","d","D","d","D","D","d","D","d","D","D","d","D","d","d","d","d","D",1.66011306168836
102,13,2,"aA",1,"BB",2,"Cc",1,530,2338,-1,1,1,1,-1,1,1,1,-1,-1,"d","D","D","D","d","d","d","d","d","d","D","D","D","d","D","D","d","D","D","D","d","D","d","d","d","D","D","D","d","d","d","D","D","D","D","D","D","D","D","d","d","D","D","d","d","d","d","D","d",0.769993667342379
99,13,3,"aa",0,"bb",0,"cc",0,870,1814,-1,1,1,-1,1,-1,1,1,-1,-1,"D","d","D","D","D","d","D","d","D","d","D","D","d","D","d","D","d","D","D","d","D","d","d","D","D","D","D","d","d","D","D","d","d","D","D","d","D","D","d","D","d","d","d","D","d","D","D","d","D",-0.022004234595086
99,13,4,"aa",0,"Bb",1,"cc",0,1837,1962,-1,1,-1,1,-1,-1,1,1,-1,-1,"D","D","D","D","D","d","d","d","d","d","D","d","d","d","d","D","d","D","D","D","d","d","d","D","D","D","D","d","d","D","D","D","D","d","D","D","D","d","d","d","D","d","D","D","d","D","d","d","d",1.07614490469934
92,13,5,"AA",2,"Bb",1,"cC",1,1223,1063,-1,-1,-1,-1,-1,-1,-1,-1,1,-1,"D","D","d","D","D","D","D","D","d","D","D","d","D","d","d","d","d","D","D","D","d","d","d","D","D","D","D","d","d","D","d","D","d","d","D","d","d","D","d","D","D","D","D","d","d","d","d","d","d",0.889886466992291
99,13,6,"Aa",1,"bB",1,"cc",0,124,1904,-1,-1,1,1,1,-1,1,-1,-1,-1,"D","d","d","d","D","d","D","d","d","D","D","D","D","d","D","D","D","D","D","D","d","D","D","d","D","D","D","d","d","D","D","d","D","D","D","D","D","D","d","D","d","D","D","D","d","D","d","d","D",1.37075159563284
92,13,7,"aa",0,"bB",1,"cc",0,579,2309,-1,-1,-1,-1,-1,1,1,-1,-1,-1,"D","D","D","D","D","d","d","d","d","d","D","D","d","D","d","D","D","D","d","d","D","D","d","D","d","d","d","D","d","D","d","D","d","D","D","d","d","D","d","d","d","d","D","D","d","D","d","d","d",-1.7034111053285
97,13,8,"aA",1,"BB",2,"CC",2,2372,197,1,-1,-1,-1,-1,1,-1,1,-1,-1,"D","d","D","D","D","d","d","D","D","D","D","D","D","d","d","D","d","d","d","d","D","D","d","D","D","D","D","D","d","D","D","D","d","d","D","D","d","d","d","d","d","d","d","D","d","D","D","d","d",1.32030368248054
98,13,9,"AA",2,"Bb",1,"Cc",1,255,1521,1,-1,-1,-1,-1,-1,1,1,-1,-1,"d","D","d","D","D","D","D","d","d","D","d","D","D","d","d","d","D","D","D","d","d","d","d","D","D","D","D","d","d","D","d","d","D","d","D","D","D","d","d","d","d","d","d","D","D","d","D","D","d",2.17243463087436
91,13,10,"aA",1,"bb",0,"Cc",1,832,952,-1,-1,-1,-1,-1,-1,-1,-1,-1,-1,"D","D","D","D","d","d","d","D","d","D","D","D","d","D","d","d","d","D","d","D","d","d","D","D","D","D","D","d","d","D","d","d","d","D","D","D","D","d","d","D","d","d","d","d","d","D","D","d","d",1.37349663461283
92,13,11,"aA",1,"BB",2,"Cc",1,2187,2177,-1,-1,-1,1,-1,-1,-1,-1,-1,-1,"D","D","D","D","D","d","D","d","d","D","D","d","D","d","d","D","d","d","D","D","d","d","d","D","D","D","D","d","d","D","d","D","D","d","D","d","D","d","D","d","d","d","d","d","D","d","d","d","D",0.515460281643168
105,13,12,"AA",2,"BB",2,"CC",2,2042,1473,1,-1,1,1,1,1,1,1,-1,1,"D","d","d","d","d","D","d","d","d","D","d","d","D","d","d","d","d","D","d","d","d","D","d","D","D","D","D","d","d","d","d","D","d","d","D","d","D","d","D","d","D","D","d","D","d","d","d","d","D",-0.239578882845949
102,13,14,"AA",2,"BB",2,"CC",2,921,237,1,1,1,1,-1,-1,1,1,-1,-1,"D","D","D","D","D","d","d","d","D","d","D","d","d","d","d","D","D","D","d","D","D","D","d","D","D","D","D","d","d","D","D","D","D","D","D","D","D","D","D","d","D","D","d","d","D","D","d","d","D",0.339209308798361
100,13,15,"AA",2,"BB",2,"CC",2,1463,842,-1,-1,-1,1,-1,1,1,1,-1,-1,"d","D","d","D","D","D","d","D","D","D","d","d","d","d","d","d","D","D","d","D","d","d","d","D","D","D","D","d","d","D","d","D","d","D","D","d","D","d","D","D","d","d","d","d","d","d","d","D","d",2.25470625838751
96,13,16,"aA",1,"bb",0,"cc",0,981,1923,-1,-1,-1,-1,1,1,-1,1,-1,-1,"D","D","d","D","D","d","D","d","D","D","d","D","d","d","D","d","D","D","D","d","d","d","d","D","d","D","D","d","D","d","d","d","d","D","D","D","D","d","D","D","D","D","d","D","d","d","D","d","d",0.455522385279481
94,13,17,"Aa",1,"Bb",1,"CC",2,881,2371,-1,-1,1,-1,-1,-1,-1,1,-1,-1,"D","D","D","D","D","d","d","d","d","D","D","D","D","d","d","d","D","D","D","d","D","D","d","D","d","D","D","d","d","D","D","D","D","D","d","D","d","d","d","D","D","D","d","D","d","d","d","d","D",0.639978405811991
98,13,18,"aA",1,"bB",1,"cc",0,547,478,-1,-1,-1,1,1,1,-1,-1,-1,1,"d","D","d","d","D","D","d","d","D","D","D","D","D","d","D","d","D","D","d","d","D","d","d","D","D","D","D","d","d","D","D","D","D","D","D","D","D","D","d","d","d","D","d","D","d","d","d","d","d",0.444949890154714
98,13,19,"aa",0,"Bb",1,"Cc",1,922,1766,-1,1,1,-1,1,-1,1,1,-1,-1,"D","d","d","D","D","d","d","D","d","D","D","D","D","d","d","D","d","D","d","d","D","D","D","D","D","D","D","d","d","D","D","D","D","D","D","d","d","D","D","d","D","d","D","D","d","d","d","d","d",-1.06925128858264
99,13,20,"AA",2,"bB",1,"cC",1,1703,2110,-1,-1,-1,-1,-1,1,1,1,-1,-1,"D","D","D","D","D","d","d","d","D","d","D","D","D","D","d","D","D","D","D","D","d","d","D","D","D","D","D","d","d","d","d","d","d","D","D","D","D","D","d","d","D","d","d","d","d","d","d","d","d",3.56799818094161
95,13,21,"aA",1,"Bb",1,"Cc",1,1560,208,1,-1,-1,1,-1,-1,-1,1,-1,-1,"D","d","D","d","D","D","D","d","d","d","D","D","D","d","D","d","d","D","D","D","D","D","d","D","d","D","D","d","d","d","D","D","d","D","D","D","d","d","D","d","D","d","D","d","d","d","d","d","d",-0.731191371900607
96,13,22,"aa",0,"BB",2,"Cc",1,1987,221,-1,-1,1,-1,-1,-1,1,-1,-1,1,"D","D","d","D","D","d","D","d","d","D","D","d","d","d","D","d","d","d","D","D","d","d","D","D","D","D","D","d","D","D","d","d","d","d","D","d","d","D","d","D","d","D","d","D","D","d","d","d","d",0.399107509720899
102,13,23,"aA",1,"bB",1,"CC",2,750,163,-1,-1,1,-1,1,1,-1,1,-1,1,"d","d","d","d","D","D","d","D","d","D","D","D","D","d","d","d","D","D","D","d","D","D","d","D","D","D","D","d","d","D","D","D","d","D","D","D","D","D","d","d","D","d","d","D","d","D","d","d","d",2.11700661074323
97,13,24,"Aa",1,"Bb",1,"cC",1,2093,1930,-1,-1,-1,-1,-1,1,1,1,-1,-1,"D","D","D","D","d","d","d","D","d","d","D","D","D","D","d","D","D","d","D","d","d","d","d","D","D","d","D","D","d","D","D","D","D","D","D","D","d","d","d","d","d","d","d","d","d","D","D","d","d",1.81361481080603
101,13,25,"AA",2,"BB",2,"cc",0,1954,921,1,-1,1,1,1,-1,1,1,-1,-1,"D","D","d","d","D","d","D","d","d","d","d","d","d","d","d","d","D","D","d","D","D","d","D","D","D","D","D","d","d","D","D","D","D","d","D","d","D","d","D","D","d","d","d","d","d","d","D","d","d",-0.553410676553743
96,13,26,"Aa",1,"Bb",1,"CC",2,1390,139,-1,-1,1,-1,1,1,-1,1,-1,-1,"d","d","D","D","D","d","d","d","D","D","D","D","d","d","d","D","d","D","D","D","d","D","D","d","D","D","d","d","D","D","d","D","D","D","D","d","D","D","d","D","D","d","D","d","D","d","d","d","D",-1.67126611234185
91,13,27,"aa",0,"bb",0,"CC",2,507,2371,-1,-1,-1,-1,-1,1,-1,-1,-1,-1,"D","D","D","D","d","d","D","d","d","D","D","D","d","D","d","d","D","d","D","d","d","d","d","D","d","D","D","d","d","D","D","d","D","d","d","D","d","d","d","d","d","d","d","d","d","D","d","d","D",-0.211307280728741
103,13,28,"aA",1,"Bb",1,"cC",1,781,2500,1,-1,1,1,1,1,1,1,-1,1,"d","d","d","D","D","d","d","d","d","d","D","d","D","d","D","D","d","D","D","D","D","D","d","D","D","D","D","d","d","d","D","D","D","D","D","d","d","d","D","d","d","d","D","D","d","D","d","d","d",-2.28212160546597
102,13,29,"aa",0,"bb",0,"CC",2,360,2170,1,-1,1,1,1,1,-1,1,-1,1,"d","d","d","D","D","D","d","D","d","D","D","d","d","D","d","D","d","D","D","d","d","d","D","D","D","D","d","d","d","d","d","D","D","D","D","d","d","d","d","D","D","d","d","d","d","D","D","d","d",-1.20871767414145
95,13,30,"Aa",1,"BB",2,"cC",1,2226,964,-1,-1,1,-1,-1,1,-1,1,-1,-1,"D","d","D","d","D","D","D","d","D","D","D","D","d","D","d","d","D","D","D","d","D","d","D","d","D","D","D","d","d","d","D","d","d","d","D","D","D","D","d","D","D","d","D","d","D","d","D","d","d",-0.410555709358966
101,13,31,"Aa",1,"bB",1,"cC",1,1370,996,-1,-1,1,1,1,1,-1,1,-1,-1,"D","d","D","D","d","d","d","d","d","d","D","d","D","d","D","d","d","D","D","D","D","D","d","D","D","D","D","d","D","D","D","d","D","D","D","d","D","D","d","D","d","d","d","d","D","d","d","d","D",1.42222301418476
99,13,32,"aa",0,"bB",1,"CC",2,2064,1977,1,-1,-1,1,1,-1,1,-1,-1,-1,"d","D","D","D","D","d","d","d","d","D","D","d","d","d","d","d","d","D","D","d","d","d","D","D","D","D","D","d","d","D","D","D","D","D","d","D","d","D","d","d","D","d","d","d","D","d","d","d","D",1.04118329019652
102,13,33,"aa",0,"bB",1,"cc",0,1587,407,1,1,-1,1,-1,-1,1,1,-1,1,"d","d","D","D","D","d","d","d","D","D","d","d","d","D","D","d","d","D","d","D","D","D","D","D","d","D","D","d","d","D","D","D","d","D","D","d","d","D","D","d","D","d","D","d","d","D","d","d","d",0.626668408715881
95,13,34,"AA",2,"Bb",1,"cC",1,329,357,-1,-1,1,-1,-1,1,-1,-1,-1,-1,"D","D","D","D","D","D","d","D","d","d","D","D","d","d","D","D","D","D","D","d","D","d","d","D","D","D","D","d","d","D","D","d","D","D","D","D","d","D","d","D","D","d","d","D","d","d","D","d","d",1.85559080405235
95,13,35,"aA",1,"BB",2,"Cc",1,2168,789,-1,-1,1,-1,-1,-1,1,-1,-1,1,"d","D","D","D","D","D","d","D","d","D","D","D","D","d","d","d","d","D","D","D","D","d","d","D","D","D","D","d","d","d","d","d","D","D","D","D","D","D","D","D","d","D","d","D","d","d","D","D","d",-0.797933667369572
101,13,36,"Aa",1,"BB",2,"CC",2,316,2361,1,-1,1,1,1,-1,1,-1,-1,-1,"D","D","D","D","D","D","d","d","d","d","d","D","d","d","d","d","d","D","D","d","D","D","D","D","d","D","D","d","d","D","D","d","D","D","d","D","D","d","d","D","D","d","D","d","D","d","D","d","d",1.12118138102103
97,13,37,"aA",1,"Bb",1,"CC",2,55,2428,-1,-1,-1,-1,1,-1,1,1,-1,-1,"d","d","d","D","D","d","d","d","D","D","D","D","d","D","d","D","D","D","d","d","D","d","d","D","D","D","D","D","d","d","D","d","D","D","d","D","d","d","D","D","D","D","D","D","d","d","D","d","d",1.62606058856662
101,13,38,"AA",2,"Bb",1,"Cc",1,1576,108,1,-1,1,1,1,-1,1,1,-1,-1,"d","d","d","D","D","d","d","d","d","d","D","D","d","D","D","d","d","D","D","d","d","D","d","D","D","D","D","d","d","D","d","d","D","d","D","D","D","d","d","d","d","D","D","d","D","d","d","d","d",-0.376718856243661
99,13,39,"aA",1,"BB",2,"CC",2,1377,171,1,-1,1,1,-1,1,1,-1,-1,-1,"d","D","D","d","D","D","d","D","d","D","d","D","D","d","d","d","d","d","D","d","d","d","d","d","D","D","D","d","d","d","d","D","d","d","D","D","D","d","D","D","d","D","D","d","d","d","d","D","d",-0.519685715688485
97,13,40,"Aa",1,"BB",2,"cC",1,1931,1749,1,-1,-1,-1,-1,1,-1,1,-1,-1,"d","D","D","D","D","d","d","d","d","D","D","D","d","D","D","d","d","D","D","D","d","d","D","D","d","D","D","d","d","D","D","d","D","d","D","D","D","d","D","D","d","d","d","d","d","D","d","d","d",1.20685199469421
91,13,41,"Aa",1,"Bb",1,"cC",1,1228,999,-1,-1,-1,-1,-1,-1,1,-1,-1,-1,"d","d","d","D","D","d","d","d","D","d","D","d","d","d","d","d","d","D","D","D","D","d","d","D","d","D","d","d","d","d","D","d","D","d","D","D","d","d","d","d","d","d","D","D","d","d","d","d","d",-0.17315459533065
102,13,42,"Aa",1,"BB",2,"CC",2,64,656,-1,1,1,-1,1,1,-1,1,-1,-1,"d","d","D","D","D","d","D","d","d","D","d","d","D","d","d","d","D","D","D","D","d","d","d","d","D","D","D","d","D","D","D","D","D","d","d","D","d","D","d","D","D","d","D","d","D","D","d","d","D",2.48323590825104
101,13,43,"aa",0,"bB",1,"cC",1,2169,1765,1,-1,1,1,-1,1,-1,-1,1,-1,"d","d","D","D","D","d","d","d","d","d","D","d","D","D","d","d","d","D","d","D","d","D","d","D","D","D","D","d","d","D","D","d","d","d","D","d","d","d","d","D","d","d","d","d","d","d","d","d","d",1.56679812341517
92,13,44,"Aa",1,"BB",2,"Cc",1,2394,1794,-1,-1,-1,-1,-1,1,-1,1,-1,-1,"d","D","D","D","D","D","D","d","d","D","D","d","D","D","d","D","d","d","D","d","D","D","D","D","D","D","D","d","d","d","d","D","D","d","D","D","D","d","d","D","D","d","d","d","d","d","D","D","D",-1.40083410533743
95,13,45,"AA",2,"bB",1,"cc",0,510,538,1,-1,1,-1,-1,1,-1,-1,-1,-1,"D","d","D","D","D","D","D","D","d","D","D","d","D","d","D","d","d","D","D","D","D","D","D","D","D","D","D","d","d","d","D","D","D","D","D","D","D","d","d","d","d","d","D","d","d","d","D","d","d",-0.37868082877543
97,13,46,"aA",1,"bb",0,"CC",2,1312,1797,-1,-1,-1,-1,-1,1,1,1,-1,1,"D","d","D","D","D","d","D","d","d","D","d","D","D","D","d","d","D","D","D","d","D","d","d","D","D","D","D","d","d","d","d","D","D","d","D","D","D","d","D","d","d","d","d","d","d","d","d","d","d",-0.386577314006303
88,13,47,"AA",2,"bB",1,"CC",2,2132,1125,-1,-1,-1,-1,-1,-1,-1,-1,-1,-1,"d","D","D","D","D","d","d","D","D","D","d","D","D","d","D","d","d","D","d","D","D","D","d","D","D","D","D","d","d","D","D","D","D","D","D","D","D","D","d","D","d","D","D","d","D","d","d","d","D",-1.44659577011243
98,13,48,"Aa",1,"Bb",1,"cC",1,1120,1118,-1,-1,1,-1,-1,1,1,-1,-1,-1,"D","D","D","d","d","d","d","d","d","d","d","D","D","d","D","D","d","D","D","D","d","d","d","D","D","D","D","d","D","d","d","D","d","d","D","D","d","D","d","D","D","d","d","d","d","D","d","d","d",2.59319928510297
97,13,49,"aa",0,"BB",2,"cc",0,1610,57,-1,-1,-1,-1,-1,1,1,1,-1,-1,"D","D","D","D","D","d","d","d","D","D","d","D","d","d","d","d","d","D","D","D","d","d","D","D","D","D","D","d","D","d","d","D","D","D","D","D","d","d","d","d","D","D","d","d","d","d","d","d","d",1.82211972203062
92,13,50,"aa",0,"bB",1,"cC",1,1864,2361,-1,-1,1,-1,1,-1,-1,-1,-1,-1,"D","D","d","D","D","d","d","d","d","D","d","D","D","d","D","d","d","D","D","D","D","d","d","D","D","D","D","d","d","D","D","d","D","D","d","D","D","d","d","D","D","D","d","D","d","D","D","d","d",-1.27101396916573
105,14,1,"Aa",1,"bb",0,"cc",0,397,477,-1,1,-1,1,-1,1,1,1,1,1,"D","D","d","D","d","D","d","d","d","d","D","D","D","D","d","d","d","D","D","D","D","D","d","D","D","D","D","d","d","D","d","D","D","D","d","D","d","d","D","d","d","D","D","d","d","d","d","d","d",1.07046335598739
98,14,2,"Aa",1,"BB",2,"Cc",1,41,646,-1,1,1,-1,-1,-1,1,-1,-1,1,"d","D","d","D","d","d","d","D","D","D","D","D","D","d","d","D","d","D","D","d","D","d","d","d","D","D","d","d","d","D","d","D","d","D","D","D","D","D","D","D","D","d","D","d","d","d","d","d","d",0.969759932622506
97,14,3,"aA",1,"Bb",1,"cc",0,1928,261,-1,-1,-1,1,1,1,-1,1,-1,-1,"D","d","d","D","D","d","d","D","D","D","D","d","d","d","d","D","d","d","D","D","D","d","d","D","D","D","D","d","d","D","D","D","D","d","D","d","D","d","D","d","d","D","D","D","D","d","D","D","d",-0.50707923918069
96,14,4,"aa",0,"Bb",1,"CC",2,965,750,-1,-1,-1,1,1,1,1,-1,-1,-1,"d","D","D","D","d","D","D","d","d","D","D","D","D","d","d","D","D","d","D","D","D","d","D","D","D","D","D","d","d","d","D","D","d","D","d","D","d","D","D","D","d","d","D","D","D","d","D","d","d",-1.76015959588486
96,14,5,"aa",0,"bB",1,"CC",2,1879,1190,-1,-1,1,1,-1,-1,1,-1,1,-1,"D","d","D","D","D","D","d","d","D","D","D","D","D","D","d","d","d","D","D","D","D","D","D","D","D","D","D","d","D","d","D","D","d","D","D","D","D","d","D","d","d","d","d","d","d","d","d","D","d",-1.9937194251118
103,14,6,"Aa",1,"BB",2,"Cc",1,1291,919,1,1,1,1,1,1,-1,1,-1,-1,"D","D","d","D","D","d","d","D","D","D","D","d","d","d","d","d","d","D","d","D","D","D","D","D","D","D","D","d","d","D","D","d","D","D","D","D","D","d","d","D","d","d","D","d","d","d","d","d","d",-0.25888759913818
108,14,7,"aA",1,"BB",2,"CC",2,84,745,1,-1,1,1,1,1,1,1,-1,1,"D","d","D","D","D","d","d","d","d","D","D","d","D","d","D","D","d","D","d","D","D","D","d","d","D","D","D","D","d","d","d","d","D","D","D","d","D","D","D","D","D","D","D","d","d","d","d","d","d",2.59920862340291
96,14,8,"Aa",1,"BB",2,"Cc",1,528,95,-1,-1,-1,1,-1,-1,1,1,-1,-1,"D","d","D","D","D","d","d","D","d","D","d","D","D","d","d","d","d","D","D","d","D","d","d","D","D","D","D","d","d","D","d","D","D","D","D","d","D","D","d","d","D","d","d","d","d","d","d","d","d",0.671522829850058
91,14,9,"AA",2,"bb",0,"CC",2,158,1175,-1,-1,-1,-1,-1,-1,-1,-1,1,-1,"D","d","D","D","D","d","d","D","d","d","D","d","d","D","d","d","D","d","D","d","D","D","D","D","D","D","D","d","d","d","d","D","D","D","D","d","d","d","D","d","D","d","d","d","d","d","d","D","d",-0.0954073747943273
106,14,10,"aa",0,"bB",1,"cC",1,268,2365,1,1,1,1,1,1,1,1,-1,-1,"D","D","D","d","D","D","d","D","d","D","D","D","D","d","d","D","D","D","D","D","d","D","d","D","D","D","d","d","d","D","D","d","d","D","d","D","d","D","d","d","d","d","d","d","d","d","d","d","d",0.947120512911808
98,14,11,"Aa",1,"bB",1,"CC",2,541,131,-1,-1,1,1,-1,1,-1,1,-1,-1,"D","D","D","D","D","d","d","d","d","D","D","D","D","d","d","D","d","D","D","d","D","d","d","d","D","D","D","d","d","d","D","D","d","d","D","d","D","d","d","D","d","d","d","d","d","d","D","d","d",0.499398922744105
90,14,12,"Aa",1,"bb",0,"cc",0,1991,1161,-1,-1,-1,-1,-1,-1,-1,-1,-1,-1,"d","D","D","D","D","D","d","d","d","D","d","d","D","d","d","d","D","D","D","d","d","d","d","D","D","D","D","d","d","D","D","D","D","D","D","D","d","d","d","d","d","d","d","d","d","D","D","D","D",0.870363003002901
100,14,13,"aA",1,"bB",1,"CC",2,2444,1261,-1,1,1,1,-1,1,1,1,-1,-1,"D","D","D","D","d","D","d","D","d","d","d","d","D","D","d","d","D","D","D","D","d","d","d","D","d","D","D","d","d","d","D","d","d","D","D","D","D","d","D","D","d","D","d","D","d","d","d","d","d",-1.96419535884432
104,14,15,"AA",2,"Bb",1,"Cc",1,501,392,1,-1,1,1,1,1,1,1,-1,-1,"D","d","d","d","D","D","d","D","D","D","d","d","D","D","d","D","d","D","D","D","d","d","d","d","d","D","D","d","d","D","D","D","D","D","D","d","d","d","d","d","d","D","d","D","d","D","d","d","d",0.259909998498592
98,14,16,"Aa",1,"bb",0,"cC",1,682,2122,-1,1,1,1,-1,1,1,1,-1,-1,"D","D","D","D","D","d","d","d","D","D","D","d","d","d","D","d","D","D","D","d","d","D","d","D","d","D","D","d","d","D","D","D","d","D","D","D","D","D","D","D","d","D","d","d","d","d","D","d","d",-3.05462893159927
105,14,17,"AA",2,"bb",0,"cc",0,1898,2327,1,1,1,1,1,1,-1,1,-1,1,"D","D","d","D","D","d","d","D","d","D","D","D","D","D","d","D","d","D","d","D","d","D","D","D","D","D","D","D","d","d","d","d","d","D","D","D","D","D","d","d","d","d","d","d","D","D","D","d","D",-0.124740141917744
104,14,18,"aA",1,"Bb",1,"Cc",1,786,347,1,-1,1,1,1,1,1,1,-1,-1,"d","D","D","D","D","D","D","D","d","d","d","D","d","d","d","D","D","d","D","d","D","d","D","D","D","D","D","d","d","D","D","D","D","D","D","D","D","D","D","D","d","d","d","d","D","D","D","d","d",0.105340034092332
102,14,19,"aA",1,"bB",1,"cc",0,1391,1145,1,1,-1,1,1,-1,-1,1,1,-1,"d","D","d","D","D","d","d","d","d","D","D","d","d","D","D","d","d","D","D","D","d","d","D","D","D","D","D","d","d","d","d","d","D","D","D","d","D","D","d","D","D","D","D","D","d","d","d","d","d",0.752188312852429
93,14,20,"Aa",1,"bB",1,"Cc",1,1715,1621,-1,-1,-1,-1,1,-1,1,-1,-1,-1,"d","d","D","d","d","D","D","D","d","D","D","d","D","d","d","D","d","D","D","D","D","d","D","D","D","D","D","d","d","D","D","d","d","D","D","d","d","d","D","D","D","d","D","d","d","d","d","d","D",-0.532129547024438
95,14,21,"aa",0,"bB",1,"cC",1,1217,1692,-1,-1,-1,1,-1,1,1,-1,-1,-1,"d","D","d","d","D","D","D","D","D","D","D","D","d","d","d","d","d","d","D","d","d","d","d","d","D","D","D","d","d","D","D","D","D","d","D","D","D","d","D","D","d","D","d","d","d","d","D","d","d",-0.916851343234225
98,14,22,"aa",0,"bB",1,"Cc",1,235,73,-1,-1,1,1,1,-1,1,1,-1,-1,"d","D","D","D","D","d","D","d","d","D","D","d","d","d","D","d","D","d","d","D","D","D","d","d","D","D","D","d","d","D","D","D","d","D","D","d","D","d","D","d","d","D","d","d","d","d","d","d","d",-1.31740649095851
94,14,23,"Aa",1,"Bb",1,"CC",2,1015,2284,-1,-1,-1,-1,1,1,-1,-1,-1,-1,"d","D","D","d","D","d","d","d","D","d","D","D","D","d","d","D","D","D","D","d","d","d","D","D","D","D","D","d","d","D","D","d","D","D","D","d","D","D","D","d","d","d","d","D","d","D","d","d","D",0.307977326800922
94,14,24,"aa",0,"bB",1,"cC",1,898,2490,-1,-1,-1,-1,-1,1,1,1,-1,-1,"d","D","d","d","D","D","d","D","d","d","d","d","d","D","d","d","D","D","D","d","d","d","D","D","D","D","D","d","d","D","D","d","D","D","D","d","D","D","D","d","D","D","d","d","D","d","d","d","D",-1.64301243603661
96,14,25,"aA",1,"BB",2,"Cc",1,2220,189,-1,1,1,-1,-1,1,-1,1,-1,-1,"D","d","D","D","D","d","d","d","D","d","D","D","D","d","D","d","D","d","d","D","d","D","D","D","D","D","D","d","d","D","D","d","d","d","D","D","D","d","d","D","D","D","d","d","d","D","D","d","d",-1.14626648652448
99,14,26,"aa",0,"Bb",1,"cC",1,1730,707,-1,1,-1,1,-1,1,1,1,-1,-1,"d","d","D","d","D","d","D","D","D","D","d","D","D","d","d","d","d","D","D","D","d","d","d","D","d","D","D","d","d","D","D","D","D","D","D","D","D","D","d","d","d","D","d","d","d","d","D","d","d",-0.293470391323969
100,14,27,"aa",0,"bb",0,"cC",1,1314,1957,-1,-1,1,1,1,-1,-1,1,1,-1,"D","d","d","D","D","d","d","d","D","D","D","d","d","D","D","D","d","d","D","d","D","D","D","D","D","D","D","d","d","d","D","D","d","D","D","D","D","D","D","D","d","D","d","D","D","d","d","D","d",0.381169391462967
108,14,28,"Aa",1,"bb",0,"cC",1,1233,847,1,1,1,1,1,1,1,1,-1,1,"D","d","d","D","D","d","d","D","D","D","d","D","d","d","d","D","D","D","d","d","D","D","d","D","d","D","D","d","d","D","D","D","d","D","D","D","D","d","D","D","D","d","d","d","D","d","D","D","d",0.165813555079117
98,14,29,"aA",1,"Bb",1,"CC",2,2095,1836,-1,-1,1,-1,1,1,1,-1,-1,-1,"D","D","D","D","D","d","d","d","d","D","d","D","d","d","d","d","D","D","D","d","D","D","D","d","D","D","D","d","D","D","D","d","d","D","D","d","D","d","d","d","D","D","D","d","d","d","d","d","d",0.443396807062403
92,14,30,"aa",0,"bb",0,"cc",0,252,2280,-1,-1,-1,1,-1,-1,-1,-1,-1,-1,"D","d","D","D","D","D","d","d","d","d","D","d","d","d","d","D","d","D","D","D","d","d","d","D","d","D","D","d","D","D","D","D","D","d","D","D","d","d","d","d","D","d","D","d","D","d","d","d","d",0.417953976807971
96,14,31,"aa",0,"Bb",1,"Cc",1,1214,1798,-1,-1,1,-1,-1,1,-1,-1,-1,-1,"d","d","D","d","D","d","D","d","d","d","D","d","d","D","d","d","d","D","D","d","D","D","D","d","D","D","D","d","d","D","d","D","D","D","D","D","d","d","d","D","D","d","d","d","d","D","D","d","D",2.8945266371932
98,14,32,"aa",0,"bB",1,"cC",1,1401,2373,-1,-1,-1,1,1,1,-1,1,-1,-1,"d","d","d","D","D","d","d","d","d","D","d","d","D","d","d","d","D","D","d","D","D","d","D","D","D","D","D","d","d","D","D","d","d","D","D","d","D","d","d","d","D","d","d","d","d","d","d","d","D",0.623367567679192
94,14,33,"Aa",1,"BB",2,"Cc",1,1092,2413,-1,-1,1,-1,-1,-1,-1,-1,-1,-1,"D","D","d","d","d","D","D","d","D","D","D","d","D","D","d","D","d","D","D","D","D","d","d","d","D","D","D","d","d","d","d","D","D","d","D","D","d","D","D","D","d","d","d","d","d","D","d","d","d",2.78601550350189
94,14,34,"aa",0,"BB",2,"Cc",1,2223,816,-1,-1,-1,1,1,-1,1,-1,-1,-1,"d","d","D","D","D","d","d","d","d","D","D","D","D","D","d","D","d","D","d","d","d","D","d","d","D","D","D","d","d","D","D","d","D","D","D","d","D","D","d","D","D","D","D","d","d","d","D","D","d",-1.33117195776552
106,14,35,"AA",2,"bB",1,"CC",2,2142,1759,1,-1,1,1,1,1,1,1,-1,1,"D","d","d","d","D","d","d","d","d","d","D","D","D","d","d","d","D","D","D","D","d","D","D","D","D","D","D","d","d","D","D","d","D","D","d","d","D","d","D","D","d","d","d","d","D","d","D","d","d",0.609077814824971
89,14,36,"aa",0,"Bb",1,"cc",0,838,711,-1,-1,-1,-1,-1,-1,-1,-1,-1,-1,"D","d","D","d","D","D","d","D","D","D","D","d","D","d","d","d","d","d","D","D","d","D","d","D","D","D","d","d","d","d","d","D","D","D","D","D","D","d","d","d","d","D","d","d","d","d","D","d","d",-0.5701450765724
97,14,37,"aa",0,"BB",2,"CC",2,1450,1257,-1,-1,1,-1,-1,1,1,1,-1,-1,"d","D","D","D","D","d","D","d","d","D","D","D","d","d","D","d","D","D","D","D","d","d","d","D","D","D","D","d","d","D","d","D","D","D","D","d","D","d","d","D","d","d","D","d","D","D","d","D","d",-0.388121620765099
99,14,38,"aa",0,"Bb",1,"CC",2,1471,353,-1,-1,1,1,1,-1,1,1,-1,-1,"D","D","d","D","D","d","D","D","D","d","D","d","d","D","d","D","D","D","D","d","d","d","d","D","D","D","D","d","d","d","d","D","D","d","D","D","d","D","d","d","D","D","D","D","d","D","d","D","d",-0.865231512837527
90,14,39,"Aa",1,"Bb",1,"cc",0,1207,910,-1,-1,-1,-1,-1,1,-1,-1,-1,-1,"D","d","D","D","D","D","D","d","d","D","d","D","d","d","d","d","d","d","D","d","D","d","d","D","D","D","D","D","D","D","d","D","D","D","D","D","d","D","d","d","d","d","D","D","d","d","d","d","d",-1.63301268500665
93,14,40,"AA",2,"Bb",1,"cC",1,1131,2320,-1,-1,-1,-1,1,1,-1,-1,-1,-1,"d","d","D","D","D","d","D","D","D","d","d","D","d","d","d","D","d","D","d","D","D","d","d","D","D","D","D","d","d","D","D","D","D","D","D","D","d","d","d","d","d","D","D","d","d","d","d","D","d",-0.558711156520252
101,14,41,"Aa",1,"Bb",1,"CC",2,793,451,-1,1,-1,-1,1,1,1,1,-1,1,"D","D","d","d","D","d","d","d","d","D","d","d","D","d","d","d","D","d","D","d","d","d","D","d","D","D","D","d","d","D","d","D","D","d","D","D","D","D","D","D","D","D","d","d","d","D","d","d","d",-0.628864478789258
99,14,42,"Aa",1,"bB",1,"CC",2,2010,753,1,-1,-1,1,-1,1,1,1,-1,-1,"d","D","D","D","D","d","d","d","d","d","D","d","D","d","d","d","d","d","d","D","d","d","d","d","D","D","D","d","d","D","D","d","D","D","D","d","d","d","D","d","D","d","D","d","d","d","d","d","d",-0.393259368992481
99,14,43,"aA",1,"BB",2,"cC",1,199,1577,1,1,1,-1,1,-1,1,1,-1,-1,"D","D","D","D","D","d","d","d","d","D","D","d","d","d","d","D","D","D","D","d","D","d","d","D","D","D","D","d","d","D","D","D","D","D","D","d","d","d","d","d","D","D","d","D","d","D","d","D","D",-2.92661111339994
97,14,44,"AA",2,"bb",0,"cC",1,191,1699,-1,-1,1,1,-1,-1,1,1,-1,-1,"D","D","D","D","D","d","d","d","d","D","d","d","d","D","d","d","d","d","D","D","D","d","d","D","D","D","D","d","d","d","D","d","D","D","D","D","d","D","d","D","D","d","D","D","d","d","d","d","d",-0.923284596738876
96,14,45,"aa",0,"bb",0,"CC",2,2283,1710,-1,-1,-1,-1,-1,1,1,1,1,-1,"D","D","D","D","d","d","d","d","d","d","d","d","d","d","D","D","d","D","d","d","D","D","d","D","d","D","D","d","d","D","d","D","d","D","D","d","D","d","d","D","D","d","d","D","D","d","D","d","D",-1.01612518157371
95,14,46,"Aa",1,"Bb",1,"CC",2,1429,1353,-1,1,-1,-1,1,-1,-1,1,-1,-1,"d","D","D","D","D","d","d","D","d","D","D","D","D","D","d","D","d","d","D","d","D","D","d","D","D","D","D","d","d","d","D","d","D","d","D","D","d","D","d","D","D","D","d","d","D","d","d","d","d",-0.131175334575767
107,14,47,"Aa",1,"BB",2,"cc",0,1488,1925,1,1,1,1,1,1,1,1,-1,-1,"D","D","d","D","D","D","d","D","d","d","D","d","D","d","D","d","D","D","D","d","D","d","D","D","D","D","D","d","d","D","D","d","d","D","d","d","D","D","d","d","D","d","d","d","d","d","d","d","D",1.34399053789894
97,14,48,"aa",0,"BB",2,"cC",1,1223,1944,-1,-1,-1,1,-1,1,1,-1,1,-1,"d","D","D","D","D","D","d","D","d","D","D","d","d","d","d","d","d","D","d","d","D","d","d","D","D","D","D","d","d","D","D","D","d","d","D","d","d","D","d","D","d","d","d","d","D","d","D","d","d",-0.191445264025379
95,14,49,"aa",0,"Bb",1,"CC",2,1334,750,-1,-1,-1,1,1,1,-1,-1,-1,-1,"D","D","D","D","D","d","D","d","D","D","D","D","D","D","d","D","D","d","D","d","D","d","D","D","D","D","D","d","d","D","D","D","d","D","d","D","D","d","d","D","d","d","D","D","d","d","d","d","d",-0.377253667571542
103,14,50,"aA",1,"bb",0,"CC",2,707,886,1,1,1,-1,1,1,1,1,-1,-1,"D","D","D","D","D","d","D","D","d","d","D","D","d","d","d","d","D","D","D","d","d","d","D","d","D","D","D","d","d","D","D","D","D","D","D","D","D","d","d","D","D","d","D","d","d","D","d","d","D",-0.18840254857459
94,15,1,"Aa",1,"bb",0,"Cc",1,2357,582,-1,-1,-1,-1,1,-1,-1,1,-1,-1,"d","d","D","D","D","D","d","d","d","D","D","D","D","d","d","d","d","d","D","D","D","D","d","D","D","D","D","d","D","d","D","D","D","D","D","d","d","d","d","d","D","d","D","d","d","D","d","d","D",0.839165919963723
102,15,2,"aa",0,"bb",0,"Cc",1,1024,2137,-1,1,1,1,-1,-1,1,1,-1,1,"d","d","D","D","D","d","d","d","d","D","D","d","d","D","d","D","d","d","D","D","D","d","d","D","D","D","D","d","d","D","D","D","D","D","D","D","D","D","D","d","D","D","d","d","D","d","d","d","d",0.588040475285061
94,15,3,"aa",0,"BB",2,"cc",0,410,2467,-1,-1,1,-1,1,1,-1,-1,-1,-1,"d","d","D","d","D","d","d","d","d","D","D","D","d","D","d","d","D","D","D","d","D","d","d","D","D","d","D","d","d","D","d","D","d","d","D","D","D","d","D","d","D","D","d","D","d","d","d","d","d",-1.65448615449327
106,15,4,"AA",2,"Bb",1,"Cc",1,617,365,1,1,1,1,1,1,1,1,-1,-1,"d","d","D","D","D","d","d","D","D","D","D","d","d","D","d","D","D","D","D","d","D","D","D","d","D","D","D","d","D","D","d","d","d","D","d","D","d","d","D","D","D","d","d","D","d","d","d","d","d",0.979797378580091
99,15,5,"aa",0,"bB",1,"CC",2,1628,2448,-1,-1,-1,1,1,1,1,1,-1,1,"d","D","d","D","D","d","d","D","d","d","d","d","d","D","d","d","d","D","D","d","D","D","d","d","d","D","D","d","d","d","D","D","D","D","D","d","D","d","d","d","D","d","d","d","D","d","d","d","D",-2.16495743779284
105,15,6,"aA",1,"bB",1,"Cc",1,707,913,1,-1,1,1,1,1,1,1,-1,-1,"D","D","d","D","d","d","d","D","d","d","d","d","d","d","d","d","d","D","D","d","D","d","d","D","D","D","D","d","d","D","d","D","D","D","D","D","D","d","D","d","d","d","d","d","d","d","d","D","d",1.95809161740283
88,15,7,"aa",0,"Bb",1,"cc",0,2452,1808,-1,-1,-1,-1,-1,-1,-1,-1,-1,-1,"d","d","D","D","D","D","d","d","d","D","D","D","D","D","D","D","d","d","D","d","d","d","d","D","D","D","D","d","d","d","D","D","d","D","d","D","d","D","D","d","d","D","d","d","d","d","d","d","D",-1.40390773606336
90,15,8,"aA",1,"BB",2,"Cc",1,1937,1091,-1,-1,-1,-1,-1,-1,-1,-1,-1,-1,"D","d","d","d","D","D","D","D","D","D","D","D","d","d","d","D","D","D","D","d","D","d","d","D","D","D","D","d","d","d","D","d","D","D","d","D","D","D","D","d","D","d","D","d","d","D","d","d","D",0.398916476597377
104,15,9,"aa",0,"bb",0,"cC",1,2114,238,1,-1,1,1,1,1,1,1,-1,-1,"d","d","d","D","D","d","D","d","d","D","D","D","D","D","d","d","d","D","D","D","D","D","d","D","d","D","d","d","d","d","d","D","D","D","D","D","d","d","d","D","D","D","D","D","D","D","d","D","d",0.948245710327899
104,15,10,"aA",1,"Bb",1,"cC",1,1303,400,-1,-1,1,1,1,-1,1,1,1,-1,"d","d","D","D","D","D","d","d","D","d","D","d","d","D","d","d","d","d","D","D","d","d","D","d","D","D","D","d","d","d","D","D","D","D","D","D","d","D","d","D","d","d","d","d","d","D","D","D","d",2.47223462488758
96,15,11,"aa",0,"bb",0,"Cc",1,1190,142,1,1,1,-1,-1,1,-1,-1,-1,-1,"d","D","d","D","D","d","D","D","D","D","D","D","D","d","D","d","d","D","D","D","D","d","D","D","D","D","D","d","d","D","D","d","d","D","d","D","d","D","d","d","d","D","d","d","d","d","d","d","D",-1.58103332136812
93,15,12,"aA",1,"bb",0,"CC",2,2302,287,-1,1,1,1,-1,-1,-1,-1,-1,-1,"d","D","d","D","D","D","d","d","d","D","D","D","D","d","d","D","D","D","D","D","D","d","D","d","D","D","D","d","d","D","d","D","d","d","d","D","D","d","d","D","d","d","d","d","d","d","D","d","d",-2.54623040588571
95,15,13,"aa",0,"BB",2,"Cc",1,394,1266,-1,-1,-1,-1,-1,1,-1,-1,-1,1,"D","d","D","D","d","D","d","d","d","d","D","d","d","d","D","d","D","D","d","D","d","d","d","D","D","D","D","d","d","D","D","d","d","D","D","D","D","d","d","D","D","d","D","d","d","d","D","d","D",1.14591921453367
105,15,14,"AA",2,"BB",2,"cC",1,186,2343,-1,-1,1,1,1,1,-1,1,1,1,"d","D","D","d","D","D","d","d","D","D","d","D","d","D","d","d","d","D","D","D","d","d","D","D","D","d","D","d","D","d","D","D","D","D","D","D","d","d","D","d","D","D","D","d","D","D","D","d","D",1.24596099491204
90,15,16,"AA",2,"Bb",1,"CC",2,1234,1118,-1,-1,-1,-1,-1,-1,-1,-1,-1,-1,"D","D","D","D","d","d","d","d","d","D","d","d","d","d","d","D","d","d","D","d","d","D","d","D","D","D","D","d","D","D","D","D","D","D","D","D","d","d","D","d","D","D","D","D","d","d","d","d","d",0.190408058170983
96,15,17,"aa",0,"BB",2,"cC",1,716,1301,-1,-1,1,-1,-1,1,1,-1,-1,-1,"D","D","d","D","D","d","d","D","d","D","D","D","D","d","d","d","D","D","D","d","d","D","D","D","D","d","D","d","d","D","d","D","D","D","D","D","D","D","d","D","D","D","D","d","d","d","D","d","D",0.90844089645106
101,15,18,"AA",2,"BB",2,"cc",0,1366,1299,-1,-1,-1,1,1,1,1,1,-1,-1,"d","d","D","D","D","d","d","d","D","D","D","D","d","D","D","D","d","D","D","D","D","d","d","D","D","D","D","d","d","d","D","D","D","D","D","d","d","D","D","d","d","D","D","D","D","d","d","D","D",1.87854491043289
107,15,19,"aa",0,"bb",0,"Cc",1,1906,1540,-1,-1,1,1,1,1,1,1,-1,1,"D","D","D","D","D","d","d","D","D","D","d","d","D","D","d","D","D","D","d","d","D","d","D","d","D","D","D","D","D","D","D","D","d","D","D","d","D","D","D","d","d","d","D","d","D","d","d","d","d",3.82232528256339
90,15,20,"AA",2,"Bb",1,"Cc",1,2413,600,-1,-1,-1,-1,-1,-1,-1,-1,-1,-1,"d","d","d","d","D","D","d","D","d","D","D","D","d","d","D","d","D","d","D","D","D","D","d","D","D","D","D","D","d","d","D","d","D","D","d","d","D","d","d","d","D","d","d","d","d","d","d","D","d",0.708230979633101
92,15,21,"aa",0,"bb",0,"CC",2,899,140,-1,-1,1,-1,1,1,-1,-1,-1,-1,"D","D","d","D","D","D","d","d","D","D","D","d","d","d","d","D","D","D","D","D","d","D","d","D","D","D","D","d","D","D","D","D","d","D","d","D","D","d","D","d","D","d","D","D","D","D","d","D","D",-3.10146364654383
99,15,22,"AA",2,"bB",1,"CC",2,2112,1462,-1,-1,-1,-1,1,1,1,1,-1,-1,"d","D","D","D","D","D","d","d","d","d","D","D","d","d","d","D","d","d","D","D","d","d","D","D","D","D","D","d","d","D","D","D","D","d","D","D","D","d","d","d","d","D","D","D","d","D","d","d","D",1.4680600131567
104,15,23,"aA",1,"BB",2,"cc",0,2049,836,1,1,-1,1,-1,1,1,1,-1,-1,"D","D","D","D","D","d","D","d","d","D","D","D","d","d","d","d","d","d","D","d","D","d","d","D","D","D","D","d","D","D","D","D","d","D","D","D","D","d","D","d","d","d","D","d","D","D","D","d","D",2.01881854614521
102,15,24,"aA",1,"BB",2,"cC",1,126,2257,-1,-1,-1,1,1,1,1,1,-1,1,"d","d","d","D","D","d","d","d","D","d","D","D","D","D","D","d","D","d","d","D","D","d","D","D","d","D","d","d","d","D","d","d","d","D","D","D","D","d","d","d","D","d","d","d","d","D","D","D","d",0.553016513436789
98,15,25,"AA",2,"BB",2,"CC",2,2068,1912,1,-1,1,1,-1,-1,1,1,-1,-1,"d","d","d","D","d","d","D","d","d","D","d","d","D","D","d","D","d","d","D","d","d","d","d","D","D","D","D","D","d","D","D","D","D","D","D","D","D","D","D","D","D","d","D","d","D","d","D","d","d",-1.11378216164064
103,15,26,"aa",0,"BB",2,"CC",2,1639,1126,-1,1,1,1,1,-1,1,1,1,1,"d","D","d","D","D","D","D","d","D","D","d","D","D","d","d","d","D","D","d","d","D","D","d","D","D","D","d","d","d","D","D","D","d","D","D","D","d","D","D","d","D","D","d","D","D","d","D","d","d",-2.17738978864381
97,15,27,"aa",0,"bB",1,"Cc",1,878,638,1,-1,-1,-1,1,-1,-1,1,-1,-1,"d","D","D","D","D","d","d","D","d","D","D","d","d","d","D","d","d","D","D","D","D","D","D","D","D","D","D","d","d","D","D","D","D","D","D","D","D","D","d","d","D","d","d","D","d","d","D","d","d",1.32135643374309
92,15,28,"Aa",1,"BB",2,"cC",1,969,2200,-1,-1,-1,-1,-1,1,1,-1,-1,-1,"d","D","D","D","D","d","d","d","D","D","D","D","d","D","d","D","d","D","D","d","d","D","d","D","d","D","D","d","d","D","d","D","d","D","d","d","d","d","d","D","D","d","d","d","D","d","D","d","d",-1.84408068358015
96,15,29,"Aa",1,"Bb",1,"cC",1,1833,1353,-1,1,-1,-1,1,-1,1,-1,-1,-1,"d","d","d","D","D","D","d","d","d","d","D","D","D","d","d","d","d","D","D","d","D","D","d","D","D","D","D","D","d","d","D","d","D","d","D","D","d","d","D","D","D","d","d","d","D","d","d","D","d",0.317205187536396
93,15,30,"aA",1,"Bb",1,"CC",2,825,2349,-1,-1,-1,1,1,1,-1,-1,-1,-1,"D","D","d","d","d","d","d","D","D","D","d","D","d","d","d","d","d","d","D","D","d","D","d","d","D","D","D","d","d","d","D","d","D","D","D","D","D","D","d","d","d","d","D","d","D","d","d","d","d",-2.60749913650515
95,15,31,"aA",1,"Bb",1,"CC",2,2023,2242,-1,-1,-1,-1,-1,1,-1,1,-1,-1,"D","D","d","d","D","d","d","d","d","D","D","D","d","d","D","d","d","D","D","D","D","D","D","D","D","D","D","D","D","D","d","D","D","D","d","d","D","D","D","D","d","D","d","d","d","d","d","D","d",1.76972771676268
104,15,32,"aA",1,"bB",1,"Cc",1,368,108,1,-1,1,1,-1,1,1,1,-1,-1,"d","d","d","D","D","D","d","d","d","d","D","D","D","D","D","D","D","D","D","d","D","D","d","D","D","D","D","d","D","d","d","D","D","D","D","D","D","D","D","d","d","d","D","d","d","D","d","d","d",2.30940144931833
104,15,33,"aa",0,"bb",0,"cc",0,470,1167,1,-1,1,1,-1,1,1,-1,1,1,"D","D","D","D","D","D","d","d","d","D","d","d","D","d","d","d","d","D","D","d","d","D","d","D","D","D","D","d","d","D","D","D","D","D","D","D","d","d","D","d","d","D","D","D","d","D","d","D","d",0.510149679870248
94,15,34,"AA",2,"BB",2,"CC",2,101,777,-1,-1,-1,-1,-1,1,-1,-1,1,-1,"d","d","D","D","D","d","D","d","D","D","D","D","d","d","d","D","d","d","D","d","D","D","D","D","D","D","D","D","d","D","d","d","D","D","D","D","d","D","d","d","d","D","d","d","d","D","D","D","d",0.989573561003197
106,15,35,"aA",1,"bb",0,"cC",1,1382,38,1,1,1,1,1,1,1,1,-1,-1,"d","D","d","D","D","d","D","d","d","D","D","d","d","d","D","d","d","D","D","D","D","d","d","D","D","D","D","d","d","D","d","D","d","d","D","D","D","D","D","D","D","D","D","D","D","d","D","d","d",0.867798460842047
95,15,36,"Aa",1,"bB",1,"cC",1,337,751,-1,-1,-1,-1,-1,-1,1,1,-1,-1,"d","D","d","D","D","d","D","d","d","D","d","D","D","d","D","D","D","D","D","D","d","D","d","d","D","d","D","d","d","D","D","D","d","D","D","d","d","d","d","d","D","d","D","d","d","d","d","D","d",1.16069573582358
99,15,37,"aa",0,"BB",2,"CC",2,119,2238,-1,-1,1,1,1,1,-1,-1,-1,-1,"D","d","d","D","d","d","d","d","d","D","d","d","d","d","d","D","d","D","D","D","d","D","d","d","D","D","D","d","d","d","D","d","D","D","D","D","D","d","D","d","D","D","d","d","d","d","d","d","d",1.06532160822746
108,15,38,"aA",1,"BB",2,"cC",1,2429,1640,1,1,1,1,1,1,1,1,-1,1,"d","d","D","D","D","d","d","d","d","D","d","D","d","d","d","d","D","D","d","d","D","D","D","D","D","D","D","D","d","d","D","d","d","D","d","d","D","d","D","D","d","d","d","D","d","d","D","d","d",0.598769558868087
103,15,39,"aA",1,"BB",2,"CC",2,2115,2248,-1,-1,-1,1,1,1,1,1,-1,1,"d","D","d","D","D","d","D","d","D","D","d","D","D","d","d","D","d","d","d","D","D","d","d","D","D","d","d","D","d","D","D","D","D","D","d","D","D","d","D","d","d","d","d","D","d","D","d","d","D",1.72543231486179
92,15,40,"aA",1,"Bb",1,"cC",1,880,2242,-1,-1,-1,-1,1,-1,-1,1,-1,-1,"D","D","d","D","D","D","d","d","d","D","d","D","d","d","D","D","D","D","D","d","D","d","D","D","D","D","D","d","D","D","d","d","D","D","d","D","D","D","D","d","d","D","d","D","d","D","d","D","d",-1.05910284372547
96,15,41,"aa",0,"Bb",1,"cC",1,1053,1553,-1,-1,-1,-1,1,-1,1,-1,1,-1,"D","D","D","d","d","d","d","D","d","D","D","D","D","d","d","d","d","D","D","d","d","D","D","D","D","D","D","d","d","D","d","D","d","D","D","d","d","d","D","D","D","d","d","D","d","d","d","D","D",0.149873719304463
94,15,42,"aa",0,"bb",0,"cc",0,895,18,1,-1,1,-1,-1,-1,1,-1,-1,-1,"D","D","D","D","D","d","d","d","d","D","d","d","D","d","d","D","D","d","d","D","d","d","D","D","D","D","d","d","d","D","d","D","D","D","d","d","d","D","d","d","d","d","d","D","D","d","d","d","d",-1.30610992196379
96,15,43,"AA",2,"bb",0,"Cc",1,2400,1424,-1,1,1,-1,-1,-1,1,-1,1,-1,"d","d","D","D","D","D","D","D","d","D","D","d","D","d","d","d","d","d","d","d","D","d","D","d","D","D","D","d","d","D","D","d","d","D","D","D","d","D","d","d","d","d","d","D","d","d","d","d","d",-1.90987154686281
94,15,44,"aa",0,"Bb",1,"Cc",1,971,1555,-1,-1,-1,-1,-1,1,-1,-1,-1,-1,"D","d","D","D","D","d","d","d","d","D","D","D","d","d","d","d","d","D","d","d","D","d","D","D","d","D","D","d","d","d","D","D","D","D","D","D","d","d","d","D","d","D","d","d","D","d","d","d","D",2.0471824768583
102,15,45,"aa",0,"BB",2,"CC",2,543,1631,1,-1,-1,1,1,1,-1,1,-1,-1,"D","D","D","D","D","D","D","d","d","d","D","d","D","d","d","d","D","D","D","d","d","d","d","D","d","D","D","d","D","D","D","D","D","d","d","D","D","D","D","D","d","d","d","D","d","D","d","d","d",2.45969344715634
99,15,46,"AA",2,"Bb",1,"cC",1,2343,567,-1,-1,1,1,1,1,1,1,-1,-1,"d","D","D","D","d","d","D","D","d","D","d","d","d","D","d","D","D","D","D","D","d","D","D","D","D","D","D","d","d","d","D","D","D","D","D","D","D","D","d","D","d","D","d","D","d","D","D","D","d",-2.12754105435755
93,15,47,"Aa",1,"BB",2,"Cc",1,1736,1530,-1,-1,-1,1,-1,1,-1,1,-1,-1,"D","d","D","D","D","D","d","d","D","d","D","d","d","d","d","D","D","D","D","d","D","D","d","d","D","D","D","d","d","D","D","d","D","D","D","D","d","D","d","d","d","D","d","d","d","d","d","D","d",-2.24549725413669
103,15,48,"AA",2,"Bb",1,"Cc",1,2068,1299,1,-1,1,1,1,1,1,1,-1,-1,"d","D","d","D","D","d","d","d","D","d","D","d","D","D","d","d","D","D","D","d","D","d","d","D","D","D","D","d","d","D","D","d","D","D","D","D","d","d","D","D","D","d","D","d","D","d","D","d","d",-0.985052421804977
105,15,49,"Aa",1,"bb",0,"CC",2,36,746,-1,-1,1,1,1,1,-1,1,-1,1,"D","d","D","D","D","d","d","d","d","D","d","d","d","d","d","D","d","D","D","d","d","d","D","D","D","D","D","d","d","D","d","D","D","d","D","d","d","D","D","d","d","d","d","d","D","d","d","D","D",3.72387228208473
93,15,50,"aa",0,"bB",1,"CC",2,1330,1596,-1,-1,-1,1,-1,1,-1,-1,-1,-1,"d","d","D","D","D","d","d","d","d","D","d","d","d","d","d","d","D","D","D","d","D","d","D","D","D","D","D","d","d","D","d","d","d","D","D","D","D","D","d","d","d","D","d","d","D","d","D","d","d",-0.873511960780561
106,16,1,"AA",2,"bB",1,"cc",0,2217,1545,-1,1,1,1,1,1,1,-1,-1,1,"D","D","d","D","D","D","d","D","D","D","D","D","D","d","D","d","D","d","d","D","d","D","D","D","D","D","D","d","d","d","D","d","d","D","d","D","D","d","d","D","d","d","D","d","D","d","D","d","d",2.36942895522631
92,16,2,"aa",0,"bB",1,"Cc",1,1057,2027,-1,-1,-1,-1,-1,-1,1,-1,1,-1,"d","d","D","D","D","D","d","d","d","d","D","D","d","d","D","D","d","D","D","D","d","d","d","D","D","D","D","d","d","D","D","D","d","D","d","D","D","D","D","D","d","d","D","d","D","d","d","D","D",-1.37898125441946
103,16,3,"aa",0,"bB",1,"cc",0,2425,1106,-1,-1,1,1,1,1,1,1,-1,-1,"D","D","D","d","D","d","d","d","d","D","D","D","d","d","d","D","d","D","d","D","D","D","d","D","D","D","D","d","d","D","d","D","d","D","D","D","D","D","d","d","d","D","d","d","d","d","D","d","d",1.40013162613787
88,16,4,"AA",2,"BB",2,"cC",1,1214,789,-1,-1,-1,-1,-1,-1,-1,-1,-1,-1,"d","d","D","d","D","d","d","d","d","D","D","d","D","d","d","D","d","D","D","d","D","D","d","d","D","D","D","d","d","d","d","D","D","D","D","d","D","D","D","d","d","d","d","d","d","d","d","d","d",-1.93312155108822
98,16,5,"Aa",1,"Bb",1,"cc",0,957,878,-1,1,1,-1,1,-1,1,-1,-1,1,"D","D","D","D","D","D","d","d","D","D","D","d","d","D","D","d","D","D","D","D","d","D","D","d","d","D","D","d","d","D","D","d","D","D","D","d","D","d","d","D","d","d","d","d","D","d","d","d","d",-1.54237454677762
102,16,6,"AA",2,"BB",2,"cc",0,552,1850,-1,1,1,-1,1,1,1,1,-1,-1,"d","d","D","D","D","d","d","d","D","D","D","d","d","d","d","D","d","D","d","d","D","d","d","D","D","D","D","d","d","D","D","D","d","D","D","D","d","D","d","d","d","d","D","d","D","d","D","d","D",0.209820403557396
88,16,7,"Aa",1,"bb",0,"Cc",1,1356,616,-1,-1,-1,-1,-1,-1,-1,-1,-1,-1,"D","D","D","D","D","d","d","d","d","d","d","D","d","d","d","d","d","D","D","d","d","d","D","D","D","D","D","d","d","d","D","d","d","D","D","d","D","D","d","d","D","d","d","D","D","d","d","d","d",-1.91292131924389
96,16,8,"Aa",1,"bB",1,"cc",0,2281,1953,-1,-1,-1,-1,-1,1,-1,1,1,-1,"D","d","d","D","D","d","D","d","d","D","D","D","d","d","d","D","D","D","D","d","d","d","D","d","D","D","D","d","d","d","D","D","d","D","D","D","D","D","D","D","d","d","D","D","D","d","d","d","d",0.406193049001003
91,16,9,"AA",2,"bB",1,"cc",0,1242,289,-1,1,-1,-1,1,-1,-1,-1,-1,-1,"D","D","D","D","d","d","d","d","d","D","D","D","D","d","d","d","d","D","d","D","D","D","D","D","D","D","D","d","d","d","d","D","D","D","D","d","D","d","d","d","d","d","D","d","d","d","d","d","d",-2.19109573064911
98,16,10,"aA",1,"bB",1,"CC",2,1054,1171,1,-1,1,-1,-1,1,1,1,-1,-1,"d","D","D","D","D","d","D","D","d","D","D","D","d","D","D","d","d","D","D","D","d","d","d","d","D","D","D","d","d","D","D","D","D","d","D","D","D","d","d","D","d","d","D","D","d","d","d","d","D",-1.41580907885556
96,16,11,"aa",0,"bb",0,"Cc",1,1457,1594,-1,-1,-1,1,-1,1,-1,-1,-1,-1,"D","D","D","D","d","d","D","d","d","D","d","D","d","d","D","d","d","d","D","d","D","D","D","D","D","D","D","d","d","d","D","d","d","D","D","D","D","D","d","D","D","d","D","D","d","d","D","D","d",2.0758674051337
96,16,12,"aA",1,"Bb",1,"Cc",1,1578,1905,-1,-1,-1,1,1,-1,1,-1,-1,1,"D","d","d","D","d","D","D","d","d","d","D","D","D","D","d","d","D","d","D","D","d","D","d","D","D","D","d","d","D","D","d","d","D","d","D","D","D","d","D","d","d","D","D","d","d","d","D","D","d",-1.39069171882757
95,16,13,"AA",2,"BB",2,"cC",1,828,2368,1,-1,-1,-1,1,-1,1,-1,-1,1,"d","D","D","d","D","d","d","d","D","D","D","d","d","d","d","d","D","D","D","D","D","d","D","D","D","D","D","d","d","D","D","D","D","D","D","D","d","d","d","D","d","D","d","d","D","d","d","d","d",-2.00275107506789
101,16,14,"aa",0,"BB",2,"cC",1,2186,211,-1,-1,1,1,1,1,1,-1,-1,-1,"D","d","D","D","D","d","d","d","D","D","D","D","D","d","d","D","D","d","D","D","D","D","d","D","d","D","D","d","d","D","d","D","d","D","D","d","D","d","d","d","D","d","d","D","d","D","d","d","d",1.04846490094332
96,16,15,"AA",2,"bb",0,"CC",2,2172,370,-1,-1,-1,1,-1,1,1,1,-1,-1,"d","D","D","D","D","D","d","d","d","d","D","D","d","d","d","d","d","d","D","D","D","d","d","D","d","D","D","d","d","D","D","D","d","D","d","D","d","d","d","d","d","D","d","d","D","d","D","d","d",-1.48539095264913
91,16,17,"AA",2,"bb",0,"cc",0,91,1326,-1,-1,-1,-1,-1,-1,-1,-1,-1,-1,"D","D","D","d","D","d","D","D","D","D","D","D","d","d","d","D","d","d","d","d","d","d","d","D","D","D","d","d","d","D","d","D","D","D","d","D","d","d","D","d","d","d","d","d","d","d","d","d","D",1.08177106595712
97,16,18,"aa",0,"bB",1,"CC",2,1902,1174,-1,-1,-1,1,1,-1,1,1,-1,-1,"d","D","D","D","D","d","d","d","d","D","d","d","d","d","d","d","D","D","D","D","D","d","D","d","d","D","D","d","D","D","D","d","D","D","D","D","d","d","d","d","d","D","d","d","d","d","d","d","D",-0.00045741324678042
98,16,19,"Aa",1,"bB",1,"cC",1,438,1726,-1,-1,-1,1,1,1,1,1,-1,-1,"D","D","D","D","D","D","d","d","d","d","D","d","D","d","D","d","d","d","D","D","d","d","d","D","D","D","D","d","d","D","D","D","D","d","D","D","D","D","d","D","d","D","D","d","d","D","d","D","d",-1.00966495436628
97,16,20,"Aa",1,"bb",0,"CC",2,93,754,1,1,-1,1,1,-1,-1,-1,-1,-1,"D","D","D","D","d","D","d","D","d","d","D","d","d","D","d","d","d","D","D","d","D","D","D","D","D","D","D","d","d","D","d","d","d","D","D","D","D","D","D","D","d","D","d","D","d","d","D","D","d",-0.687394009457667
101,16,21,"aA",1,"bB",1,"CC",2,320,1461,-1,-1,-1,1,1,1,1,1,-1,-1,"D","D","D","D","D","D","D","d","d","D","d","d","D","d","d","d","D","D","D","D","d","d","D","D","D","D","D","d","d","d","D","D","D","D","D","D","d","d","d","d","D","D","D","D","D","d","D","d","D",1.65953788813291
98,16,22,"aa",0,"bB",1,"cC",1,1654,526,-1,-1,-1,1,1,1,1,1,-1,-1,"D","d","D","D","D","D","d","d","d","d","D","D","D","d","d","D","d","D","D","D","D","d","d","D","D","D","D","d","d","D","D","D","D","D","D","D","D","D","d","d","d","d","d","d","d","d","d","d","d",-1.68485998256198
102,16,23,"aa",0,"BB",2,"CC",2,2379,2195,-1,1,1,-1,1,-1,1,-1,1,-1,"D","D","d","d","D","d","d","d","d","d","D","D","d","D","D","D","d","d","D","D","d","d","d","D","D","d","D","d","d","d","D","d","d","D","D","D","D","D","D","d","d","d","d","d","D","d","d","d","d",2.27511423172096
104,16,24,"AA",2,"bB",1,"cc",0,2139,39,-1,-1,1,1,1,1,1,1,1,-1,"D","D","d","D","D","d","D","D","d","d","D","D","D","D","d","D","d","D","D","d","D","d","d","D","D","D","D","d","d","D","D","d","D","d","D","d","D","d","D","D","d","d","d","d","d","d","d","D","d",0.996720228793062
102,16,25,"Aa",1,"BB",2,"CC",2,1810,620,-1,-1,1,-1,1,1,-1,1,1,-1,"D","D","d","d","D","d","d","D","D","d","D","D","d","d","d","d","d","D","D","D","D","D","d","d","d","D","D","d","d","d","D","d","D","D","D","d","D","d","D","d","D","D","d","d","d","d","D","D","d",2.23940645695227
99,16,26,"aA",1,"BB",2,"Cc",1,1389,255,1,1,-1,-1,1,-1,1,1,-1,-1,"D","d","D","D","D","D","D","d","d","D","d","d","D","d","D","d","d","D","D","d","D","D","D","D","d","D","D","D","d","D","D","D","d","D","D","D","D","D","d","D","d","d","D","D","D","d","d","D","d",-0.282251805223897
95,16,27,"aA",1,"Bb",1,"cC",1,1775,839,-1,-1,-1,1,1,1,-1,-1,-1,-1,"d","d","d","d","D","D","D","D","D","d","d","d","D","d","d","D","d","D","D","D","D","d","D","D","D","D","D","D","d","D","D","D","d","D","D","d","D","d","d","D","d","d","d","d","d","d","d","d","d",-0.856822139879195
98,16,28,"aa",0,"bb",0,"cc",0,1614,581,1,-1,1,1,1,-1,-1,-1,-1,-1,"D","d","d","D","D","d","D","d","d","D","D","d","D","d","d","D","d","D","d","D","D","D","D","D","D","D","D","d","d","D","D","D","D","D","D","D","D","d","d","d","d","d","d","D","D","d","d","d","d",0.432666240469304
106,16,29,"aa",0,"Bb",1,"Cc",1,804,1216,-1,-1,1,1,1,1,1,1,1,-1,"d","D","D","D","D","d","D","d","d","D","d","d","D","d","D","d","d","D","D","d","D","D","d","D","D","D","D","d","d","d","D","D","D","D","D","d","d","D","d","d","d","D","D","d","D","d","d","d","d",2.31194874699053
93,16,30,"Aa",1,"BB",2,"Cc",1,281,307,-1,1,-1,-1,1,-1,-1,-1,-1,-1,"D","D","d","D","D","d","d","d","d","D","D","d","D","D","d","d","d","D","D","d","D","D","D","D","D","D","D","d","d","d","d","D","D","D","D","d","D","D","D","d","D","D","d","d","d","d","d","d","d",-0.168281493822815
98,16,31,"aa",0,"BB",2,"Cc",1,1739,1840,1,-1,-1,1,1,-1,1,1,-1,-1,"d","D","D","D","d","d","D","d","D","D","D","D","d","d","d","d","D","D","D","D","D","d","d","D","D","D","D","d","d","D","D","d","d","D","D","D","d","d","d","D","d","d","d","D","D","D","d","d","D",-1.37922928407704
98,16,32,"Aa",1,"bb",0,"cc",0,124,1709,-1,1,-1,1,1,-1,1,-1,-1,-1,"D","d","D","D","D","d","d","d","d","D","D","D","d","D","D","D","d","d","D","D","D","D","D","d","D","D","D","d","d","d","D","d","d","D","D","D","D","D","D","D","D","d","d","d","D","d","d","d","d",0.987426500290602
103,16,33,"Aa",1,"bb",0,"Cc",1,680,2330,1,1,1,1,1,-1,1,1,-1,-1,"d","d","D","D","d","d","D","d","d","D","d","d","d","d","d","d","d","D","D","d","D","D","d","D","D","D","D","d","d","d","D","d","D","D","d","d","D","D","D","D","D","D","d","D","D","d","d","d","d",-0.425637736193734
103,16,34,"Aa",1,"Bb",1,"cc",0,347,2356,-1,-1,1,-1,1,1,1,1,1,-1,"D","D","d","D","D","D","d","d","d","d","D","D","d","d","d","D","d","D","D","D","D","D","d","D","D","D","D","d","d","D","D","d","D","d","d","D","D","d","D","d","d","D","D","d","d","D","d","d","d",1.54055311958706
96,16,35,"aa",0,"BB",2,"Cc",1,2427,880,-1,-1,-1,-1,1,-1,-1,1,1,-1,"d","d","d","D","D","D","D","d","d","D","D","d","d","d","d","d","D","D","D","D","d","d","d","D","D","D","D","D","d","D","D","d","d","D","D","D","D","D","D","d","d","D","D","d","D","d","D","d","D",0.173564905583994
98,16,36,"Aa",1,"bB",1,"cc",0,1072,724,-1,-1,-1,1,1,1,1,-1,1,-1,"D","d","d","D","D","d","d","D","d","D","D","D","d","d","D","d","D","D","d","d","d","d","D","D","D","D","D","d","D","d","D","D","D","D","d","D","D","d","d","D","D","D","D","d","D","d","D","D","d",-1.2567955946029
103,16,37,"aa",0,"bb",0,"CC",2,1807,845,1,-1,1,1,1,1,1,-1,-1,-1,"D","D","d","D","D","d","D","d","d","D","d","D","D","D","d","D","D","d","D","d","D","D","D","D","D","D","D","d","d","D","D","D","D","d","d","D","D","d","D","d","d","D","D","D","D","D","D","d","D",1.04280380270749
101,16,38,"Aa",1,"BB",2,"cc",0,670,57,1,-1,-1,-1,1,-1,1,1,-1,-1,"D","d","D","D","D","D","d","d","D","D","d","d","d","d","D","D","d","D","d","D","d","d","d","D","D","D","D","d","D","D","d","D","d","D","D","d","d","d","D","d","d","d","d","d","d","d","d","D","d",3.41554068077772
103,16,39,"AA",2,"bb",0,"cC",1,1886,1014,-1,-1,1,1,1,1,-1,1,-1,-1,"D","D","D","D","D","D","D","d","d","D","d","d","D","d","d","d","D","D","D","D","D","D","d","D","d","d","D","d","D","D","D","D","D","D","D","D","D","D","D","d","D","d","d","d","d","d","d","d","D",3.4908485783011
94,16,40,"aA",1,"BB",2,"CC",2,1967,690,-1,1,1,-1,-1,-1,1,-1,-1,-1,"d","D","d","D","d","d","D","D","d","d","d","D","D","d","d","D","d","D","D","D","D","d","D","D","d","D","D","d","d","D","d","d","d","d","D","d","D","d","D","D","d","d","d","d","d","D","D","d","d",-1.84757306555559
97,16,41,"aa",0,"Bb",1,"cc",0,1057,249,-1,1,-1,-1,1,-1,1,1,1,-1,"D","d","d","D","D","D","d","d","D","d","D","D","d","d","d","D","D","D","d","D","D","d","d","D","D","D","D","d","D","D","D","D","D","D","D","d","D","D","D","D","d","d","D","D","d","d","d","d","D",-2.67300055472206
94,16,42,"aA",1,"BB",2,"cc",0,2085,2177,-1,-1,1,1,1,-1,-1,-1,-1,-1,"D","D","D","D","D","d","D","d","D","d","D","d","D","d","d","d","d","D","D","D","D","d","d","D","D","D","D","d","d","d","d","d","D","D","D","d","D","D","D","d","d","D","d","d","d","D","d","D","d",-1.67616737165626
102,16,43,"aa",0,"BB",2,"Cc",1,1151,533,1,-1,1,1,-1,1,1,1,-1,-1,"D","d","D","d","d","d","d","d","d","D","D","D","d","d","d","D","D","D","D","d","D","D","D","D","d","D","D","d","d","d","d","D","d","D","D","D","d","D","D","d","d","D","D","d","d","d","D","d","d",0.196655936322841
96,16,44,"aA",1,"bB",1,"CC",2,1518,1625,-1,-1,1,1,1,-1,-1,1,-1,-1,"d","D","d","D","D","D","d","d","D","D","d","d","d","D","d","D","d","D","D","D","d","D","d","d","D","D","D","d","d","D","d","D","d","D","d","d","D","D","d","D","D","D","D","d","D","D","d","D","d",-1.54969844141093
103,16,45,"AA",2,"bb",0,"CC",2,2202,675,-1,-1,1,1,1,-1,1,1,1,-1,"D","d","D","D","D","d","d","D","D","D","d","D","D","D","d","D","d","d","D","D","d","D","d","D","D","D","D","d","d","D","d","d","D","D","D","D","d","D","D","d","D","d","d","d","d","d","D","d","d",1.01540944577841
100,16,46,"AA",2,"Bb",1,"CC",2,2180,721,1,1,1,-1,-1,1,1,-1,1,-1,"D","D","d","D","D","D","d","D","d","D","D","d","D","d","d","D","D","D","D","D","D","D","d","D","D","D","D","D","D","D","d","d","D","D","D","d","D","D","d","d","d","D","D","D","d","D","d","d","d",-1.28120583735676
97,16,47,"aA",1,"BB",2,"cC",1,1772,2332,-1,-1,-1,-1,1,-1,1,1,-1,-1,"D","d","d","D","d","d","d","d","d","d","D","D","D","D","d","d","D","d","D","d","D","d","D","D","D","D","D","d","d","d","D","D","D","D","D","D","D","d","d","D","d","d","d","d","d","d","D","D","d",1.76870939775662
96,16,48,"Aa",1,"BB",2,"CC",2,2073,1228,-1,-1,1,-1,-1,-1,1,1,1,-1,"d","D","d","D","D","d","d","d","d","D","d","D","d","d","d","d","d","D","D","D","d","d","d","D","D","D","D","d","d","d","D","d","D","D","d","d","D","d","d","d","d","D","d","d","d","d","d","d","d",-1.88712221189683
96,16,49,"aa",0,"bB",1,"Cc",1,895,1840,-1,-1,1,-1,-1,-1,1,1,-1,-1,"D","D","D","D","d","d","d","d","D","D","D","d","D","d","d","D","D","D","D","D","d","D","D","D","D","D","D","d","d","D","D","d","d","D","D","d","D","D","d","d","d","d","d","d","d","d","d","d","D",0.90205871040149
98,16,50,"aA",1,"bB",1,"cC",1,681,2149,-1,-1,1,-1,1,1,-1,-1,-1,-1,"d","D","D","d","d","d","D","d","d","d","d","D","d","D","D","d","d","D","D","D","d","D","d","D","D","D","D","d","d","D","D","D","D","D","d","d","d","d","D","d","D","d","D","D","D","D","d","d","d",2.06366094894342
94,17,1,"aa",0,"BB",2,"cc",0,11,977,1,-1,-1,-1,1,-1,-1,-1,-1,-1,"D","D","D","d","D","d","d","d","d","d","D","D","d","d","D","d","d","D","D","D","D","d","D","D","D","D","D","d","d","d","D","D","D","d","D","d","D","D","D","D","d","d","D","D","d","d","d","d","D",0.299837682502884
102,17,2,"aA",1,"bB",1,"cc",0,2491,2454,-1,1,1,-1,1,1,1,-1,-1,1,"D","d","D","D","D","D","d","d","D","D","d","d","D","d","D","d","D","d","D","d","D","d","D","d","D","d","D","d","d","D","D","d","d","d","D","D","D","D","d","d","d","d","d","d","d","d","D","d","D",0.966209595093033
106,17,3,"AA",2,"BB",2,"cc",0,190,1698,1,1,1,1,1,1,-1,1,1,-1,"d","D","d","D","D","D","d","d","d","D","D","d","D","D","d","D","D","D","D","D","d","D","d","D","d","D","D","d","d","d","D","D","D","D","D","D","D","d","D","d","D","d","d","D","D","d","D","d","d",0.171695302137118
93,17,4,"aA",1,"bb",0,"CC",2,2066,1627,-1,-1,-1,-1,-1,1,-1,-1,-1,-1,"D","D","d","D","D","D","d","D","d","d","d","d","D","d","d","d","D","D","D","d","d","d","D","D","d","D","D","d","d","D","D","D","D","D","D","d","D","D","d","D","D","d","d","d","d","D","d","d","d",1.43162811743641
95,17,5,"AA",2,"bb",0,"cc",0,103,2421,-1,1,-1,1,-1,1,-1,-1,-1,-1,"D","D","D","D","D","d","d","d","d","d","d","D","d","d","d","D","d","D","D","d","d","D","D","D","D","D","D","D","d","D","D","D","D","D","d","D","D","D","D","D","d","d","d","D","d","D","d","D","d",-0.694156979409404
97,17,6,"aa",0,"BB",2,"CC",2,2095,2373,-1,-1,-1,-1,1,1,1,1,-1,-1,"d","D","D","D","D","D","d","d","d","d","d","D","D","D","d","D","d","D","d","d","D","d","D","d","D","D","D","d","d","D","D","d","d","D","D","d","D","d","d","d","d","d","d","d","d","d","d","d","D",-0.191651223322767
97,17,7,"Aa",1,"BB",2,"Cc",1,1914,13,-1,-1,1,-1,-1,1,1,-1,1,-1,"D","D","D","D","d","D","d","d","D","D","D","d","d","d","d","d","D","D","D","d","D","D","d","d","D","D","D","d","d","d","D","D","D","D","D","D","D","D","d","D","D","d","D","D","D","d","D","d","d",-0.288947781623348
97,17,8,"Aa",1,"bb",0,"CC",2,183,590,-1,-1,-1,-1,1,-1,1,1,-1,-1,"D","d","d","D","D","d","D","D","d","D","D","d","d","d","d","d","d","D","D","D","d","d","d","D","D","D","D","d","d","D","D","D","D","D","D","D","D","D","D","d","d","D","d","d","D","D","d","d","d",1.2577180865096
96,17,9,"aa",0,"Bb",1,"CC",2,135,1555,-1,-1,1,-1,-1,1,1,-1,-1,-1,"D","d","D","D","D","d","d","D","d","D","D","d","d","D","d","d","d","D","D","D","D","d","D","d","d","D","D","d","d","D","D","d","D","D","D","d","d","D","d","D","d","D","d","D","d","d","d","d","D",0.204979411813161
96,17,10,"aa",0,"BB",2,"CC",2,908,927,-1,-1,-1,1,1,-1,-1,-1,-1,1,"d","d","D","D","D","D","d","d","d","d","D","d","D","d","d","d","d","D","D","D","d","d","D","D","D","d","D","d","d","D","D","D","d","D","D","d","d","D","d","D","d","D","D","D","D","D","d","d","d",0.767404200427163
103,17,11,"AA",2,"Bb",1,"cc",0,1005,990,-1,-1,1,-1,1,1,1,1,1,-1,"d","D","d","D","D","d","d","d","d","D","D","D","D","d","d","D","D","d","d","D","D","d","d","D","D","D","D","d","d","D","D","d","d","d","D","d","d","d","d","d","D","D","D","D","d","d","d","d","d",1.31682593456398
99,17,12,"aa",0,"bB",1,"Cc",1,2437,1984,-1,-1,1,1,-1,-1,1,1,-1,-1,"D","d","d","D","d","d","d","d","d","D","d","d","D","D","d","D","D","D","d","d","D","d","d","D","d","D","D","d","d","d","D","d","D","d","d","d","D","D","D","D","d","D","D","d","d","d","D","D","d",1.70585643403554
92,17,13,"Aa",1,"bb",0,"CC",2,1426,1190,-1,1,-1,1,-1,-1,-1,-1,-1,-1,"d","d","D","D","D","d","d","d","D","D","D","D","d","D","d","d","d","D","D","D","D","D","d","D","D","D","D","d","D","d","D","d","D","d","D","D","d","D","D","D","d","d","d","d","d","D","d","d","d",-1.53375258779027
104,17,14,"Aa",1,"bb",0,"CC",2,163,707,-1,1,1,1,1,1,-1,1,1,-1,"d","d","D","D","D","d","D","d","D","D","d","D","D","d","d","d","D","D","D","D","D","d","d","D","D","D","D","d","d","D","D","d","D","D","d","D","D","d","d","D","d","d","d","d","d","D","D","d","D",0.0958683240553358
94,17,15,"aa",0,"BB",2,"CC",2,1074,160,-1,-1,1,1,-1,-1,-1,1,-1,-1,"d","D","D","D","D","d","D","d","D","D","d","d","d","D","d","D","d","D","D","D","d","D","d","D","d","D","D","d","d","D","d","d","d","D","d","D","D","d","d","D","d","d","d","D","d","D","D","d","d",-1.02552038901809
97,17,16,"aa",0,"bB",1,"CC",2,515,575,-1,-1,-1,-1,1,1,-1,1,-1,1,"D","d","d","D","D","D","d","D","d","D","D","d","D","D","D","D","d","D","D","D","d","D","d","D","D","D","D","d","d","D","d","d","D","d","D","D","D","D","d","D","D","d","d","d","D","d","D","d","d",-0.69728268277436
107,17,18,"aA",1,"BB",2,"cC",1,251,1616,1,-1,1,1,1,-1,1,1,1,1,"D","d","D","D","d","d","d","d","d","d","d","D","d","D","D","D","d","D","d","d","d","d","d","D","d","D","D","d","d","D","d","d","D","D","d","d","d","D","D","d","d","D","d","d","d","d","D","d","D",1.2785767846055
88,17,19,"aA",1,"BB",2,"Cc",1,81,1051,-1,-1,-1,-1,-1,-1,-1,-1,-1,-1,"D","d","D","D","D","d","d","d","D","D","D","d","d","D","d","d","d","d","D","D","d","D","d","D","d","D","D","d","d","d","d","D","D","D","D","D","D","d","d","d","d","d","d","d","d","d","D","d","D",-1.47231201175192
100,17,20,"Aa",1,"Bb",1,"Cc",1,2089,1060,-1,-1,1,-1,1,1,1,1,-1,1,"d","d","D","d","D","D","D","D","d","d","D","D","d","D","d","D","d","D","D","D","d","D","D","D","D","D","D","d","d","d","d","D","D","D","D","d","d","D","d","d","D","d","D","d","d","D","d","d","D",-1.74676918382842
96,17,21,"aA",1,"bb",0,"cC",1,2062,799,-1,-1,-1,1,-1,1,1,1,-1,-1,"D","D","D","d","d","d","D","d","d","D","D","D","D","d","d","d","D","D","D","d","d","D","D","d","D","D","D","D","d","d","d","D","D","D","d","d","D","D","D","d","d","d","d","d","d","d","d","d","d",-1.54022090837465
95,17,22,"aa",0,"BB",2,"cc",0,1387,2104,-1,-1,1,1,1,1,-1,1,-1,-1,"D","D","d","D","D","d","d","d","d","d","d","D","D","D","D","D","d","D","d","d","d","d","d","D","D","D","D","d","d","d","D","d","d","D","D","d","D","d","D","d","D","D","D","d","d","D","D","d","d",-4.16412394480879
98,17,23,"aa",0,"bB",1,"CC",2,836,591,1,1,1,-1,1,-1,1,-1,-1,-1,"d","D","D","D","D","D","d","d","d","D","D","d","d","d","D","d","d","D","D","D","d","D","D","D","D","D","D","d","d","D","d","D","D","d","D","D","D","d","d","d","d","D","d","D","D","D","d","D","d",-1.47503010255267
104,17,24,"AA",2,"bB",1,"cC",1,2268,887,-1,1,1,1,1,1,1,1,-1,-1,"D","d","d","D","D","D","d","d","d","d","D","d","d","D","D","D","D","D","D","d","d","d","d","D","d","D","D","d","d","d","D","D","D","d","d","D","D","d","d","d","d","d","D","d","d","d","D","d","d",0.197234896780386
96,17,25,"aA",1,"Bb",1,"CC",2,160,2199,-1,-1,1,1,-1,-1,-1,1,-1,1,"d","D","d","D","D","D","D","D","d","d","d","d","d","D","D","D","D","D","D","d","D","d","D","D","D","D","D","d","d","D","D","D","d","d","D","d","d","D","d","D","D","d","d","d","D","D","d","d","D",-1.08302000599016
99,17,26,"aa",0,"bb",0,"cC",1,1871,349,-1,-1,1,1,1,-1,1,1,-1,-1,"d","D","d","D","D","D","D","d","d","D","D","d","d","d","d","d","d","D","D","d","d","d","d","D","D","D","D","D","D","D","D","d","D","D","d","d","D","d","D","d","D","D","d","d","D","d","D","D","d",-0.345562375510521
97,17,27,"aA",1,"Bb",1,"cC",1,170,1755,-1,-1,-1,-1,1,1,1,1,-1,-1,"d","D","D","D","D","d","D","d","d","D","d","D","d","d","d","d","D","D","D","D","d","D","d","d","D","D","D","d","d","d","D","D","d","D","D","D","d","d","D","d","D","d","D","d","D","D","D","d","d",-0.0483809994298151
101,17,28,"AA",2,"bB",1,"cc",0,1581,530,1,-1,1,1,1,-1,1,1,-1,-1,"d","d","D","D","D","D","d","d","d","D","d","d","D","d","d","d","D","d","d","D","d","d","D","D","D","D","D","d","d","D","d","D","D","D","D","D","D","D","D","D","D","d","d","D","d","d","d","D","d",-0.788019360721656
97,17,29,"aA",1,"BB",2,"Cc",1,736,478,-1,-1,1,1,1,1,1,-1,-1,-1,"D","d","D","D","D","D","d","d","d","D","D","D","D","d","d","d","D","D","d","D","D","D","d","D","D","d","D","d","d","D","D","d","D","D","D","D","D","d","d","D","D","D","d","d","d","d","d","d","d",-2.51612571952591
99,17,30,"aa",0,"bb",0,"CC",2,233,1518,-1,-1,1,1,1,1,-1,-1,-1,-1,"D","d","D","D","D","d","D","D","d","d","D","D","d","d","d","d","d","D","D","D","d","d","d","D","d","D","D","d","d","d","D","d","D","D","D","D","d","D","D","d","D","d","D","d","d","d","D","D","d",1.8157419498304
103,17,31,"aa",0,"Bb",1,"cc",0,1685,888,1,-1,1,1,-1,1,-1,1,1,1,"D","D","D","D","D","d","d","d","D","d","D","D","d","d","d","d","d","d","D","d","D","D","d","D","D","D","D","d","d","D","d","D","D","D","D","d","D","d","D","d","D","d","d","d","D","D","d","D","d",-0.765617084426356
99,17,32,"Aa",1,"bB",1,"cc",0,1654,2291,-1,-1,-1,1,1,1,1,1,-1,-1,"d","d","d","D","D","d","d","d","D","D","D","D","d","d","d","D","d","D","d","D","D","d","D","D","D","D","D","d","d","D","d","D","d","D","D","D","d","D","d","d","d","d","d","d","d","d","d","d","d",-0.479786850296516
89,17,33,"Aa",1,"bb",0,"CC",2,534,2488,-1,-1,1,-1,-1,-1,-1,-1,-1,-1,"d","D","D","D","D","d","d","d","d","d","D","D","d","d","D","d","d","d","d","d","d","d","d","D","D","d","D","d","d","d","D","D","D","D","D","D","D","d","d","D","D","D","d","D","d","d","d","d","d",-2.26755155519952
100,17,34,"aA",1,"Bb",1,"cC",1,1269,163,-1,-1,1,1,-1,1,-1,-1,-1,1,"D","d","d","D","D","D","d","d","d","D","D","D","d","D","d","d","D","D","D","d","D","D","d","D","D","D","D","d","d","D","D","d","d","D","d","d","d","d","d","D","D","d","d","D","d","D","D","d","d",2.05855905269419
94,17,35,"aA",1,"bb",0,"cC",1,2396,262,-1,1,-1,-1,-1,-1,1,1,-1,-1,"D","d","D","d","D","d","D","D","d","D","D","d","D","d","d","d","d","D","D","d","D","D","d","D","D","D","D","d","d","D","d","D","D","d","D","D","D","D","D","D","D","D","d","d","d","d","d","d","d",-1.62763568454122
95,17,36,"Aa",1,"bb",0,"cC",1,2453,1283,-1,-1,1,-1,-1,1,1,1,-1,-1,"D","d","D","D","D","d","D","d","d","D","D","d","D","d","d","d","D","d","D","D","D","d","d","D","D","D","D","d","d","D","d","D","d","D","D","d","D","D","d","d","D","d","d","d","d","D","d","d","d",-2.55244104564381
94,17,37,"Aa",1,"bB",1,"cc",0,1414,1173,-1,-1,-1,-1,-1,1,-1,1,-1,-1,"D","D","d","D","D","d","d","d","d","d","D","d","d","d","d","D","D","D","D","D","d","d","d","D","D","D","D","d","D","d","d","d","d","D","D","D","d","D","d","d","d","d","D","d","d","D","d","d","D",0.690251274728214
96,17,38,"aa",0,"bb",0,"Cc",1,1342,122,-1,-1,1,1,1,1,-1,-1,-1,-1,"d","d","d","D","D","d","d","d","D","D","D","D","D","d","d","d","D","D","d","D","D","D","D","D","D","D","d","d","d","d","D","d","d","D","D","D","d","D","d","d","D","d","d","d","d","d","d","d","d",-1.16621231384543
93,17,39,"Aa",1,"Bb",1,"CC",2,2394,1222,-1,-1,-1,-1,-1,1,1,-1,-1,-1,"d","D","d","D","D","D","d","d","d","D","D","d","d","D","D","d","d","d","d","d","D","d","D","D","d","D","D","d","d","D","D","D","D","D","d","D","D","d","d","D","d","d","d","d","d","d","D","D","d",-0.317515828173001
105,17,40,"aa",0,"bB",1,"CC",2,342,2194,-1,-1,1,1,1,1,1,1,-1,1,"D","D","D","D","D","d","d","D","D","D","d","d","D","D","d","D","d","D","D","D","d","D","d","d","D","D","D","d","d","D","d","d","D","d","D","D","D","D","D","D","D","d","d","d","D","d","D","D","d",1.07717853634553
97,17,41,"Aa",1,"BB",2,"cC",1,2479,1113,-1,-1,1,-1,1,1,1,-1,-1,-1,"D","D","D","D","D","D","d","d","D","D","D","D","D","d","D","D","D","D","D","D","D","d","d","D","D","D","D","d","d","d","D","D","d","D","D","D","D","d","d","d","d","d","d","D","D","D","d","d","d",-0.657860121566611
97,17,42,"aA",1,"bB",1,"cC",1,1536,1800,-1,-1,1,-1,1,1,-1,1,-1,-1,"d","D","D","D","D","d","d","d","d","D","D","D","D","d","d","D","D","D","d","d","d","d","D","d","D","D","D","d","d","d","d","D","D","D","D","D","D","d","d","d","d","d","D","d","d","D","d","D","d",-0.800065421661237
97,17,43,"Aa",1,"bb",0,"cc",0,1478,833,-1,-1,-1,-1,1,-1,1,1,-1,1,"D","D","D","d","d","D","D","d","d","D","D","D","D","D","d","d","D","D","D","D","D","d","D","D","D","D","D","d","d","D","D","d","d","D","D","D","D","d","D","d","D","d","D","D","d","D","d","d","d",-0.352089360450691
99,17,44,"aa",0,"BB",2,"cC",1,983,2149,1,-1,-1,-1,1,1,1,-1,-1,1,"d","D","D","D","d","d","D","d","d","D","d","D","D","D","D","D","d","D","D","D","d","D","d","D","D","D","D","d","d","d","D","D","D","D","D","d","D","d","D","D","D","D","D","d","D","D","d","d","d",-0.579218397545471
100,17,45,"AA",2,"BB",2,"cC",1,299,852,-1,-1,-1,1,1,1,1,1,-1,-1,"d","D","d","D","D","d","d","d","d","d","D","D","D","d","d","d","d","D","D","d","d","D","d","D","D","D","D","d","d","D","d","D","D","D","D","d","D","D","d","D","D","D","d","d","D","d","d","d","d",0.0505749087912472
95,17,46,"aa",0,"bB",1,"cc",0,584,838,1,-1,1,-1,-1,1,1,-1,-1,-1,"D","D","D","d","d","d","d","d","D","d","d","D","d","D","d","D","d","D","d","d","d","d","d","D","D","D","D","d","d","d","D","D","d","D","D","D","D","D","d","d","d","d","d","d","d","d","d","d","d",-2.83770879266537
98,17,47,"aa",0,"bB",1,"Cc",1,1599,1638,-1,-1,1,1,1,-1,1,-1,-1,1,"D","D","D","D","D","d","D","d","D","D","d","D","D","d","d","D","d","D","D","D","d","d","D","d","D","D","D","d","d","D","d","D","D","D","D","D","D","d","d","D","D","d","d","D","d","d","D","D","D",-1.96701804784893
95,17,48,"Aa",1,"bB",1,"Cc",1,1317,1490,1,-1,-1,-1,-1,-1,-1,-1,-1,1,"d","D","D","D","D","D","d","d","d","d","D","D","D","d","d","D","D","D","D","D","d","D","D","D","D","D","d","d","d","d","D","D","D","d","D","D","D","d","d","d","D","d","D","d","d","d","d","d","D",1.6038910381782
100,17,49,"aa",0,"Bb",1,"CC",2,706,1869,-1,-1,1,1,1,1,1,-1,-1,-1,"D","D","d","D","D","d","d","d","d","D","D","d","d","d","D","d","D","D","D","D","d","D","d","D","D","D","D","d","d","D","D","D","D","D","D","D","d","D","D","d","d","D","d","d","D","d","D","D","d",0.566018901106752
103,17,50,"aA",1,"Bb",1,"CC",2,237,318,1,-1,1,-1,-1,-1,-1,1,-1,1,"D","D","d","D","D","d","d","d","D","D","d","d","D","d","d","d","d","D","D","D","D","D","d","d","D","D","D","d","d","D","D","D","d","D","D","D","D","D","D","d","D","d","d","D","d","d","d","D","D",5.34617987048368
102,18,1,"aA",1,"bb",0,"Cc",1,1518,1795,1,-1,1,1,1,1,1,1,-1,-1,"d","D","D","D","D","D","d","d","d","D","d","d","D","d","d","d","d","D","D","d","D","d","D","D","D","D","D","d","d","D","d","D","d","D","D","d","d","d","D","D","d","D","d","d","D","D","D","D","D",-1.9995170251936
96,18,2,"aa",0,"BB",2,"cc",0,631,1743,-1,1,1,-1,-1,-1,1,-1,1,-1,"D","d","D","D","D","D","d","d","d","d","d","d","d","D","D","d","d","D","D","d","D","D","d","d","D","D","D","d","d","d","D","D","d","D","D","D","D","D","D","D","D","D","D","d","D","d","d","d","d",-1.6814042074909
93,18,3,"AA",2,"bB",1,"cC",1,1250,875,-1,-1,-1,-1,1,-1,1,1,-1,-1,"d","d","d","D","D","d","d","d","D","d","D","d","d","d","d","D","d","D","D","D","d","D","d","D","D","D","D","d","d","D","d","d","d","d","d","d","D","d","d","d","d","D","d","d","D","d","D","d","d",-2.62834013751956
94,18,4,"aa",0,"bb",0,"cC",1,2094,2362,-1,-1,-1,1,-1,-1,1,1,-1,-1,"D","D","d","D","D","D","d","d","D","D","D","D","d","d","d","D","d","D","D","d","d","d","d","D","D","D","D","d","d","D","D","D","D","D","D","d","d","D","D","d","d","d","d","D","d","d","d","d","D",-1.19014804534095
95,18,5,"AA",2,"BB",2,"cC",1,1443,662,-1,-1,-1,1,-1,-1,-1,-1,-1,-1,"D","D","D","D","D","d","D","d","d","d","d","D","D","d","d","D","d","D","D","D","d","D","d","D","D","D","D","D","d","d","D","D","d","d","D","D","d","D","D","D","d","d","D","d","D","d","d","D","D",3.89126480395847
97,18,6,"aa",0,"BB",2,"CC",2,2161,2051,-1,-1,-1,1,1,1,-1,1,-1,-1,"d","D","D","D","D","d","d","d","d","d","D","D","d","d","d","d","d","D","D","d","D","d","D","D","D","D","D","d","d","D","D","d","D","d","D","D","D","D","D","D","d","d","D","D","D","d","d","D","D",-0.177165510019574
102,18,7,"aa",0,"bB",1,"CC",2,1086,2203,-1,-1,1,1,1,1,1,1,-1,-1,"D","D","d","D","D","D","d","d","d","D","d","D","D","d","d","D","D","D","D","d","D","D","D","D","D","D","D","d","d","D","D","D","D","D","D","d","D","D","d","d","D","d","D","d","d","d","d","d","D",0.158511924941544
95,18,8,"AA",2,"bB",1,"cC",1,1218,219,-1,-1,-1,-1,1,1,-1,-1,-1,1,"d","D","D","D","D","d","D","D","D","d","D","D","d","d","d","D","D","D","D","D","d","d","D","D","D","D","D","D","d","D","D","d","d","D","D","D","d","D","D","d","D","D","D","d","d","D","d","D","d",-0.305860873238368
98,18,9,"aa",0,"BB",2,"CC",2,1345,168,1,1,-1,1,1,-1,-1,-1,-1,-1,"d","d","d","D","D","d","d","D","D","D","D","D","D","d","d","D","D","d","D","D","d","D","d","d","d","D","D","D","D","D","D","d","D","D","D","D","D","d","D","d","d","d","d","d","d","D","D","d","D",0.39274063861477
110,18,10,"Aa",1,"bB",1,"Cc",1,1657,1097,-1,1,1,1,1,1,1,1,1,1,"d","d","d","D","D","d","d","D","D","d","D","D","d","D","d","D","d","D","D","D","d","D","d","D","D","d","d","d","d","d","d","D","d","D","D","D","d","D","d","d","d","d","d","D","d","d","d","d","D",2.20130942861067
94,18,11,"aA",1,"bb",0,"Cc",1,318,534,-1,-1,-1,1,1,-1,-1,1,-1,-1,"D","d","D","D","D","d","d","D","d","d","d","D","D","d","d","d","D","D","d","D","d","d","d","D","D","D","d","d","d","D","D","D","D","D","d","D","D","D","d","d","D","d","D","D","D","D","D","D","d",-1.10903302841946
96,18,12,"aa",0,"Bb",1,"cC",1,714,779,-1,1,-1,1,-1,1,-1,1,-1,-1,"d","D","D","D","D","D","D","d","d","D","D","D","d","d","d","d","D","D","D","d","d","d","d","D","D","D","D","d","d","d","D","d","d","D","D","d","d","D","d","D","d","d","D","d","d","d","d","d","d",-1.39531295747823
93,18,13,"aA",1,"BB",2,"cc",0,1320,185,-1,1,-1,-1,-1,-1,-1,-1,-1,-1,"d","d","d","D","D","d","D","D","d","d","d","d","d","D","d","d","d","D","D","D","D","D","d","D","d","D","D","d","d","d","D","D","D","D","D","d","D","d","d","d","D","d","d","D","D","d","D","d","d",1.19989887323613
95,18,14,"aa",0,"bB",1,"cC",1,2483,1432,-1,-1,1,-1,-1,1,-1,-1,-1,1,"D","D","D","D","D","D","D","d","d","d","d","D","d","d","D","d","D","d","d","d","D","D","d","D","D","d","D","d","d","d","d","D","D","D","D","D","D","D","d","d","D","d","D","d","D","D","d","d","d",-0.388353393872149
99,18,15,"AA",2,"BB",2,"cC",1,382,666,-1,-1,1,1,1,1,-1,1,-1,-1,"d","d","D","d","D","D","D","d","d","D","D","D","D","d","d","d","d","D","d","D","D","D","d","d","D","D","D","d","D","D","d","D","D","d","D","D","d","D","d","D","d","D","D","d","d","d","D","d","d",-0.714866789672353
96,18,16,"Aa",1,"Bb",1,"Cc",1,751,636,-1,-1,-1,-1,-1,1,-1,-1,-1,1,"d","d","D","D","d","D","d","d","d","d","D","D","D","d","d","d","d","D","D","d","d","d","D","D","D","D","D","d","d","D","D","d","d","D","D","d","D","D","D","d","D","D","D","d","D","D","d","d","d",2.62997841712276
102,18,17,"aA",1,"BB",2,"cc",0,2244,1698,1,1,-1,1,1,1,1,1,-1,-1,"D","D","D","D","D","d","d","d","d","D","D","D","D","d","d","D","D","D","D","D","d","d","d","d","D","D","D","d","d","d","D","d","D","D","D","D","D","d","D","d","D","d","d","d","D","d","D","d","d",-1.17798335993523
91,18,19,"Aa",1,"Bb",1,"cc",0,1258,1573,-1,-1,-1,-1,-1,-1,-1,-1,-1,-1,"D","D","D","d","d","d","d","D","d","D","D","D","D","d","d","D","d","D","d","d","d","d","D","D","D","D","D","D","d","d","d","d","D","D","D","D","d","D","D","D","d","D","d","d","d","d","d","d","d",1.7098825070071
103,18,20,"aA",1,"Bb",1,"Cc",1,2479,2444,-1,-1,1,1,1,1,1,1,-1,-1,"D","D","d","D","D","D","D","D","D","D","d","D","d","D","D","D","d","D","D","D","D","d","d","d","D","D","D","d","d","d","D","D","D","D","D","d","d","d","d","d","D","d","D","D","D","D","d","d","d",1.03352434944042
94,18,21,"aa",0,"bb",0,"Cc",1,334,1831,1,-1,-1,1,1,-1,-1,-1,-1,-1,"d","d","d","d","D","D","D","D","D","D","d","D","D","d","d","d","d","D","D","D","d","d","D","D","d","d","D","D","d","D","d","D","d","D","D","D","D","D","D","d","d","d","d","d","D","d","d","d","d",-1.38472682161642
99,18,22,"aa",0,"bB",1,"CC",2,1475,291,-1,-1,-1,1,-1,1,1,1,-1,-1,"D","D","D","D","d","d","d","d","d","D","D","d","D","D","D","d","D","D","D","d","D","d","d","D","D","D","D","d","d","D","D","D","D","D","D","D","D","D","D","D","D","d","d","d","d","d","d","d","d",1.70520031395351
110,18,23,"Aa",1,"bb",0,"cC",1,2057,72,1,1,1,1,1,1,1,1,1,1,"D","D","d","D","D","D","d","d","d","D","d","D","D","D","d","d","D","D","D","D","d","D","D","D","d","D","D","d","d","D","D","D","d","D","D","D","d","d","D","D","D","d","D","D","d","D","d","D","D",0.427262814484092
98,18,24,"aa",0,"bB",1,"Cc",1,1941,2041,-1,-1,1,1,1,-1,-1,1,-1,-1,"d","D","D","D","D","d","d","d","d","d","D","d","D","D","d","D","D","D","D","d","D","D","d","D","D","D","D","d","d","d","d","D","d","D","D","D","D","d","d","d","D","d","d","d","D","D","d","d","d",0.334550801618855
95,18,25,"aa",0,"bB",1,"CC",2,441,2324,-1,-1,-1,-1,1,1,1,-1,-1,-1,"D","D","D","D","d","D","d","D","D","d","D","D","D","D","d","D","d","D","D","D","D","d","D","D","D","D","D","d","d","d","D","d","D","D","D","d","D","D","d","d","d","D","d","d","d","d","D","d","d",-0.680367469011824
100,18,26,"AA",2,"Bb",1,"cc",0,443,1775,-1,-1,-1,1,1,1,1,1,-1,-1,"D","D","D","D","d","d","d","D","D","D","D","D","d","d","d","D","D","D","D","D","d","D","d","D","D","D","D","d","D","D","D","D","D","D","D","D","D","d","d","D","D","d","D","d","d","D","D","d","d",0.531097526708014
108,18,27,"Aa",1,"bb",0,"cc",0,2124,72,1,-1,1,1,1,1,1,1,1,1,"d","D","D","D","D","D","d","D","D","d","D","D","D","d","d","d","d","d","D","D","d","d","D","d","D","D","D","d","d","D","D","d","d","D","D","d","D","d","d","d","D","d","d","d","d","D","d","d","d",0.375832981994508
95,18,28,"aA",1,"bB",1,"Cc",1,41,91,-1,-1,-1,-1,1,-1,1,1,-1,-1,"D","D","D","D","d","d","d","D","D","D","D","D","D","d","d","D","d","D","D","D","D","d","d","d","D","D","D","D","d","d","D","D","D","D","D","D","D","D","d","D","D","D","d","d","D","D","d","D","d",-0.0317409216578553
104,18,29,"aa",0,"Bb",1,"Cc",1,1503,1413,1,-1,1,1,1,1,1,1,1,-1,"d","d","d","D","d","d","d","d","D","D","d","d","d","d","D","D","D","D","D","D","d","d","d","D","D","D","D","D","d","D","D","d","d","D","d","d","D","d","d","d","d","d","D","d","d","d","d","D","D",-1.74214806122539
93,18,30,"Aa",1,"Bb",1,"cc",0,1928,2201,-1,1,-1,-1,-1,-1,-1,-1,-1,1,"d","D","D","D","D","d","d","d","D","D","d","d","d","d","d","D","d","D","d","d","D","d","d","D","D","D","D","d","d","D","d","D","d","d","D","D","d","d","d","d","d","D","d","d","d","d","D","D","d",-0.556275354786071
101,18,31,"Aa",1,"Bb",1,"CC",2,309,1168,1,1,1,1,1,1,-1,-1,1,-1,"D","D","d","D","D","d","d","d","D","D","d","d","D","d","D","d","D","D","D","D","d","D","d","D","D","D","D","d","d","D","d","d","D","D","D","d","D","d","d","D","d","D","D","D","d","d","d","d","D",-2.78590449982437
93,18,32,"aA",1,"BB",2,"cc",0,1083,1501,-1,-1,-1,1,-1,1,-1,-1,-1,-1,"D","D","D","D","D","d","D","D","d","D","D","D","D","d","d","d","D","D","d","D","D","d","D","D","D","D","D","d","d","D","D","D","D","D","D","d","D","d","d","D","D","D","d","d","D","d","d","d","D",-0.707787444994868
91,18,33,"Aa",1,"bB",1,"cC",1,1424,465,-1,-1,-1,-1,-1,-1,1,-1,-1,-1,"d","D","d","D","d","d","D","d","d","d","D","D","d","d","d","d","d","d","D","d","D","d","d","D","d","D","D","d","d","D","D","d","D","D","D","D","d","d","d","d","d","D","d","d","d","d","d","d","D",-0.896274457938857
95,18,34,"aa",0,"BB",2,"Cc",1,855,1005,-1,-1,-1,1,-1,-1,-1,1,-1,1,"d","D","D","D","D","d","d","D","D","D","D","D","D","d","d","d","D","D","d","D","D","d","D","D","D","D","D","d","d","d","D","D","D","D","d","D","D","d","d","d","d","D","d","d","D","d","d","D","d",-0.727582612928878
93,18,35,"AA",2,"BB",2,"Cc",1,1053,1602,-1,1,1,-1,-1,-1,-1,-1,1,-1,"D","D","d","d","D","d","D","D","d","d","D","D","D","d","d","d","d","D","D","d","D","D","d","D","D","D","D","d","d","D","D","D","d","d","D","d","D","d","d","d","D","d","d","D","d","d","d","d","D",-2.03038460706299
101,18,36,"Aa",1,"BB",2,"cc",0,807,1647,-1,1,-1,1,1,1,1,-1,-1,1,"D","D","D","D","D","d","d","d","d","D","D","D","D","D","d","D","d","D","D","D","d","D","d","D","D","D","D","d","d","D","d","d","D","D","d","D","D","d","d","D","D","D","d","D","d","d","D","d","d",-0.770880095066902
103,18,37,"aA",1,"BB",2,"cc",0,132,1120,1,-1,-1,1,1,-1,1,1,-1,-1,"d","d","D","D","d","d","d","d","d","D","D","D","d","d","D","D","d","D","D","d","D","d","d","D","D","D","D","d","d","d","D","D","D","D","D","D","D","d","D","d","D","d","D","d","D","d","D","D","d",3.21110360965422
93,18,38,"Aa",1,"Bb",1,"cc",0,1773,944,-1,-1,-1,-1,-1,-1,1,-1,-1,-1,"d","D","D","D","D","d","d","d","d","D","D","d","d","D","D","d","D","d","D","D","d","d","d","d","D","D","D","d","d","d","D","D","D","D","D","D","D","d","D","D","d","d","D","d","d","D","d","d","d",1.20519288519589
89,18,39,"Aa",1,"bB",1,"cC",1,1359,158,-1,-1,-1,-1,-1,-1,-1,-1,-1,-1,"D","d","d","d","D","D","d","d","D","D","d","d","D","d","d","d","d","D","d","D","d","d","d","D","D","D","D","d","D","D","D","d","D","D","d","D","d","D","d","D","d","d","D","d","d","d","d","d","D",-0.737280298438978
101,18,40,"AA",2,"Bb",1,"Cc",1,2288,1924,1,-1,1,1,-1,1,1,1,-1,-1,"D","d","D","D","D","d","d","d","D","d","d","D","d","d","d","d","d","D","D","d","d","d","d","D","d","D","D","D","d","d","D","d","d","D","D","D","d","D","d","D","d","d","d","D","d","d","d","D","d",-0.805642661853757
106,18,41,"aa",0,"bB",1,"cC",1,941,1561,1,1,1,-1,-1,1,1,1,1,1,"D","d","D","D","D","d","d","d","d","D","D","D","D","d","d","d","D","D","D","D","D","d","D","D","D","D","D","D","d","D","D","d","d","D","D","D","d","d","d","d","d","D","d","d","d","d","D","d","d",0.0181262149804075
97,18,42,"aa",0,"BB",2,"cC",1,1771,976,1,1,-1,-1,-1,1,1,-1,-1,-1,"d","D","d","D","D","d","d","D","d","D","d","D","D","d","d","D","D","D","D","D","d","d","D","D","D","D","D","d","d","d","D","d","D","D","D","d","D","D","d","D","D","D","d","D","d","d","D","d","d",-0.413330572350301
93,18,43,"Aa",1,"bB",1,"cc",0,2045,1207,1,-1,-1,-1,-1,-1,-1,-1,1,-1,"d","d","d","D","D","d","D","d","d","D","d","D","D","d","d","d","d","D","d","d","d","D","d","D","D","D","D","d","D","d","D","D","D","D","D","D","D","d","D","d","d","D","d","D","D","d","d","d","d",-0.12986674095821
96,18,44,"aa",0,"BB",2,"CC",2,282,344,-1,-1,1,1,-1,-1,-1,1,-1,-1,"d","d","D","D","D","D","d","d","d","D","D","D","d","d","D","d","d","d","D","d","d","D","d","D","D","D","D","d","d","D","D","D","D","D","d","D","d","D","d","d","D","D","D","D","d","d","d","d","d",0.997170311294154
98,18,45,"aa",0,"bB",1,"Cc",1,727,359,1,-1,-1,-1,1,1,1,-1,-1,-1,"D","d","D","D","D","D","d","d","d","d","d","d","d","d","D","d","d","d","D","D","d","d","d","D","D","d","D","d","D","D","d","D","d","d","D","D","d","D","d","D","d","D","d","D","d","d","d","d","d",0.319876992188554
97,18,46,"aA",1,"Bb",1,"Cc",1,1577,762,1,-1,-1,-1,-1,1,1,1,-1,-1,"D","D","d","D","D","d","D","d","d","D","D","d","D","d","D","D","d","D","D","D","d","d","d","D","D","D","D","d","d","D","D","D","D","d","D","d","D","d","D","D","D","d","D","D","d","d","d","D","d",-0.595164403652715
108,18,47,"Aa",1,"bb",0,"cC",1,775,1046,1,-1,1,1,1,1,1,1,-1,1,"D","D","d","D","D","d","D","d","d","d","d","D","D","d","d","D","d","D","D","d","d","D","D","D","d","D","D","D","d","D","D","d","d","D","D","D","d","d","D","d","D","d","D","d","D","d","d","d","d",2.53173240297836
102,18,48,"aa",0,"BB",2,"CC",2,1701,122,-1,1,1,1,1,1,1,-1,1,-1,"d","D","d","D","D","d","d","d","D","d","D","d","D","D","d","D","D","D","D","d","D","D","D","D","D","D","D","d","d","D","D","d","d","d","D","D","D","D","d","d","D","D","d","D","d","d","D","d","d",-1.10674102970998
101,18,49,"aa",0,"Bb",1,"cc",0,1667,661,1,-1,-1,1,1,1,1,1,-1,-1,"D","D","d","D","D","D","d","d","d","D","d","D","d","D","D","d","D","D","D","D","D","D","d","D","D","D","D","d","d","D","D","d","d","D","D","d","D","D","d","d","d","d","d","d","d","d","d","d","d",-0.984901770126725
101,18,50,"AA",2,"bB",1,"cc",0,2163,2247,1,-1,1,-1,-1,-1,1,1,1,-1,"D","D","D","D","D","d","D","d","d","d","D","D","D","d","d","D","d","D","d","D","D","d","D","D","D","D","D","d","d","D","D","D","d","d","D","d","D","D","d","D","d","d","D","d","D","D","d","d","d",1.42844504991286
94,19,1,"Aa",1,"Bb",1,"cc",0,290,833,-1,1,1,-1,-1,1,-1,1,-1,-1,"D","D","D","d","d","D","d","d","d","D","D","d","D","D","D","d","D","D","D","D","D","d","D","D","D","D","D","d","d","D","D","D","d","D","D","D","D","D","D","D","D","d","d","d","d","D","d","d","d",-3.94894273097218
96,19,2,"AA",2,"bB",1,"cc",0,1218,2399,-1,-1,-1,-1,1,1,1,1,-1,-1,"D","d","D","D","D","d","d","D","d","D","D","D","d","D","d","D","d","d","D","D","D","d","D","D","D","D","D","d","d","D","D","d","d","d","d","D","d","D","d","d","d","D","d","d","D","D","d","D","d",-1.31188689488262
101,19,3,"aa",0,"BB",2,"cc",0,2230,1285,-1,1,1,-1,1,1,1,1,-1,-1,"d","d","d","d","D","D","d","d","d","D","D","D","D","d","d","d","d","d","D","D","d","D","D","D","D","D","D","d","d","d","d","D","D","D","D","D","D","d","D","D","D","d","D","d","D","d","d","d","d",-0.334796587014989
107,19,4,"AA",2,"bb",0,"Cc",1,2202,1060,1,-1,1,-1,1,1,1,1,1,1,"D","D","d","D","D","d","d","d","d","D","D","d","d","D","d","d","d","D","D","D","d","D","D","D","D","D","D","d","d","d","d","d","D","D","D","d","d","d","d","D","D","d","d","D","D","d","d","d","D",1.47352664447961
107,19,5,"Aa",1,"Bb",1,"Cc",1,134,1789,1,1,1,1,1,1,1,1,-1,1,"d","D","D","D","D","d","D","d","d","D","D","D","D","d","D","D","d","D","D","d","d","D","D","D","D","D","D","d","d","D","D","D","d","d","d","D","d","d","d","d","d","d","d","d","D","d","D","d","d",-0.59443986122555
96,19,6,"Aa",1,"Bb",1,"Cc",1,1412,945,-1,-1,1,1,-1,-1,1,-1,-1,-1,"d","d","D","D","d","d","D","d","d","D","d","d","d","d","D","D","d","D","D","d","D","D","d","d","D","D","D","d","d","D","d","D","d","D","D","D","d","d","D","D","D","d","d","d","d","d","D","D","d",0.566135435655437
96,19,7,"aa",0,"BB",2,"Cc",1,1901,716,-1,-1,-1,-1,1,-1,1,1,-1,-1,"D","D","d","d","D","d","d","d","D","D","D","D","D","d","d","D","d","D","D","D","d","D","D","D","D","d","D","d","d","D","D","D","d","D","D","D","d","D","D","d","D","d","D","d","d","d","d","d","d",0.44561545282401
92,19,8,"Aa",1,"BB",2,"cC",1,329,2412,-1,-1,-1,-1,-1,-1,-1,-1,-1,-1,"d","D","D","D","D","d","d","d","D","d","D","D","D","d","d","D","D","D","D","d","d","d","D","D","D","D","D","d","d","D","D","d","D","D","D","D","d","d","D","d","d","D","d","D","d","d","d","d","d",2.25365509199686
101,19,9,"aa",0,"BB",2,"cc",0,1899,1272,-1,-1,1,1,1,1,1,1,-1,-1,"D","D","d","D","D","D","d","d","D","D","D","d","d","D","d","d","d","D","D","D","D","d","d","D","D","D","D","d","d","D","D","D","d","D","D","D","D","d","D","D","D","d","D","d","d","d","D","D","D",-0.916527454673246
96,19,10,"Aa",1,"bB",1,"cc",0,1370,1238,-1,1,1,-1,-1,1,-1,1,-1,-1,"d","d","D","D","D","d","d","d","D","d","D","d","D","d","d","D","d","D","D","D","d","D","D","D","D","D","D","d","d","D","d","D","d","D","D","d","d","D","d","D","d","d","D","d","d","d","d","d","d",-1.3391136877789
102,19,11,"aa",0,"BB",2,"CC",2,186,1176,-1,1,1,-1,1,1,-1,1,-1,1,"d","d","D","D","d","D","d","d","D","D","d","d","D","d","D","D","d","D","d","D","d","d","d","D","D","D","D","d","d","d","D","D","D","D","D","d","D","d","d","D","d","D","D","D","d","d","d","D","d",0.196529640360259
101,19,12,"aa",0,"Bb",1,"cC",1,2365,2457,-1,1,-1,1,1,1,1,1,-1,-1,"D","D","D","D","D","D","d","d","d","D","D","D","D","d","D","D","d","D","D","d","D","d","D","D","D","D","D","d","d","d","D","d","d","D","D","D","D","d","d","d","d","d","d","D","d","D","d","d","d",-0.868423396016747
94,19,13,"aA",1,"Bb",1,"cc",0,535,2181,-1,-1,-1,-1,-1,-1,1,1,-1,-1,"D","d","D","D","D","D","D","D","D","D","d","d","d","D","D","d","D","D","d","D","D","D","D","D","D","D","D","d","d","d","D","D","D","d","D","D","D","D","d","d","d","d","D","D","d","d","D","d","d",0.119575030249733
96,19,14,"aa",0,"BB",2,"cC",1,1019,321,-1,-1,1,1,-1,1,1,-1,-1,-1,"D","D","D","D","D","d","D","d","d","d","d","d","D","d","d","d","d","d","D","d","d","d","D","D","D","D","D","d","D","d","d","D","D","D","D","D","D","D","D","d","d","D","d","D","d","d","D","d","d",-1.78358075051406
106,19,15,"aA",1,"bB",1,"cc",0,1842,192,1,1,1,1,1,1,1,1,1,-1,"D","D","D","D","D","D","d","d","d","D","d","d","D","d","d","D","d","d","D","d","D","d","D","D","D","D","D","d","D","d","D","d","D","D","D","D","d","D","D","D","d","D","D","d","D","D","d","d","d",-1.08292013483976
89,19,16,"AA",2,"bB",1,"cc",0,204,2309,-1,-1,-1,-1,-1,-1,-1,-1,-1,-1,"d","d","D","D","d","d","D","d","d","D","D","D","d","D","d","d","D","D","d","d","d","D","D","D","d","D","D","d","D","d","d","D","d","D","D","D","d","D","d","d","d","d","D","d","d","d","d","D","d",-0.377194761241669
94,19,17,"AA",2,"BB",2,"cc",0,909,1824,-1,-1,-1,-1,-1,-1,1,-1,1,-1,"D","d","D","D","D","d","d","d","D","D","D","D","D","d","d","d","D","d","D","d","D","D","d","D","D","D","D","d","d","d","D","d","d","D","D","D","D","D","d","D","d","D","d","d","D","D","d","d","d",0.272415070491984
102,19,18,"Aa",1,"BB",2,"CC",2,2359,2283,1,1,-1,1,-1,-1,1,1,-1,-1,"D","d","D","D","d","d","D","d","d","d","D","d","d","D","d","d","D","D","D","D","d","d","D","D","D","D","D","D","d","d","D","d","D","D","D","D","D","d","d","D","D","d","d","D","D","d","d","d","d",2.45541468608185
89,19,20,"AA",2,"bB",1,"cc",0,952,1202,-1,-1,-1,-1,-1,-1,-1,1,-1,-1,"d","d","d","d","D","d","D","d","D","D","D","d","d","d","d","D","D","d","D","D","d","D","d","D","D","D","D","d","d","D","D","d","d","d","D","D","d","D","d","D","D","D","d","D","d","d","d","d","d",-2.07163048463311
95,19,21,"aa",0,"BB",2,"CC",2,2316,700,-1,-1,1,-1,-1,-1,1,1,-1,-1,"d","D","D","D","D","d","d","d","d","d","D","d","D","d","d","d","D","d","D","D","D","d","d","d","D","D","D","d","d","D","D","D","d","D","d","D","d","d","d","D","D","d","d","d","D","D","d","d","d",-0.759369964496509
104,19,22,"aA",1,"bB",1,"cC",1,2451,2486,1,-1,1,1,1,1,1,1,1,-1,"d","d","D","D","D","d","d","d","d","D","D","D","D","d","d","D","d","D","D","d","D","D","d","D","D","D","D","d","d","d","D","D","D","d","d","D","D","d","d","d","d","d","d","d","d","d","d","D","d",-1.39278611045949
105,19,23,"aA",1,"bB",1,"CC",2,2137,2392,1,-1,1,1,-1,1,1,1,1,-1,"d","D","d","D","D","d","d","d","D","D","d","d","D","d","D","D","D","D","D","D","D","d","D","D","d","D","D","d","d","D","D","D","d","D","D","D","D","D","d","d","d","d","D","d","d","d","D","d","d",1.77743009814863
93,19,24,"Aa",1,"Bb",1,"CC",2,1607,2120,-1,-1,1,-1,-1,-1,-1,-1,-1,1,"d","D","D","d","D","d","d","D","d","d","d","d","D","d","D","D","d","D","d","D","d","d","D","D","d","D","D","d","d","d","D","D","d","D","D","D","D","d","D","d","D","D","d","d","d","D","d","d","d",-0.593842593887548
98,19,25,"aa",0,"bB",1,"cC",1,2043,2032,1,-1,1,-1,1,1,1,-1,1,-1,"D","D","d","d","D","D","d","d","D","d","d","d","d","d","d","D","D","D","D","d","D","D","d","D","D","D","D","d","d","d","D","d","D","d","D","D","D","D","d","d","D","d","D","D","D","d","d","d","D",-3.10051953674062
100,19,26,"aa",0,"bB",1,"cc",0,2003,1913,-1,1,1,1,-1,-1,1,-1,-1,1,"d","D","D","D","D","d","d","d","d","D","D","d","D","D","d","D","D","D","d","D","d","D","d","D","d","D","D","d","d","D","D","D","d","d","D","D","D","D","d","d","d","d","d","d","d","d","D","d","D",0.0469517242593577
93,19,27,"Aa",1,"BB",2,"CC",2,696,1069,-1,1,-1,-1,-1,-1,-1,-1,-1,-1,"d","D","D","D","D","D","D","d","d","D","D","D","D","d","d","D","d","D","d","D","d","d","d","d","D","D","D","d","d","d","D","d","D","d","D","D","D","D","d","D","D","D","D","D","D","d","D","d","D",1.53372710490321
100,19,28,"aa",0,"Bb",1,"Cc",1,533,1691,-1,-1,1,-1,1,-1,1,1,1,-1,"D","D","d","D","d","d","d","D","d","D","D","D","d","D","d","D","D","D","d","D","d","D","D","D","D","D","D","d","d","d","d","D","D","D","d","d","D","D","D","d","d","d","d","D","d","d","d","d","d",0.274164866262562
96,19,29,"aa",0,"BB",2,"cC",1,1684,1563,-1,-1,-1,1,-1,-1,1,1,-1,-1,"D","d","D","D","d","D","D","d","d","D","D","d","D","D","d","d","D","D","D","d","d","d","d","D","D","D","D","D","d","D","D","D","D","D","D","D","D","d","D","d","d","D","D","D","d","d","d","d","d",0.608471272961235
95,19,30,"aa",0,"bB",1,"CC",2,92,827,-1,-1,1,1,-1,1,-1,-1,-1,-1,"D","D","D","D","D","d","D","d","d","D","d","D","D","D","d","D","D","D","D","d","d","d","d","D","D","D","D","d","d","D","d","d","D","D","D","D","D","d","d","d","d","d","d","d","d","D","d","d","d",-0.571379223113294
104,19,31,"Aa",1,"BB",2,"cc",0,542,1398,1,1,-1,1,1,1,1,-1,1,-1,"d","d","D","D","D","d","d","d","D","D","D","D","D","D","D","D","d","d","D","D","D","D","D","D","D","D","D","d","D","d","d","d","d","D","D","d","d","d","D","D","d","D","d","d","D","d","D","D","d",0.265365124149206
91,19,32,"Aa",1,"Bb",1,"CC",2,755,2463,-1,-1,1,-1,-1,-1,-1,1,-1,-1,"D","d","D","D","d","d","d","d","d","d","D","d","d","D","d","d","D","D","D","D","D","d","d","D","D","D","D","d","D","D","D","D","D","D","D","D","D","D","D","d","d","D","d","d","d","d","D","d","d",-2.28118591104347
98,19,33,"aa",0,"BB",2,"cC",1,343,2089,1,1,-1,1,-1,-1,1,-1,-1,-1,"d","D","D","D","d","d","d","d","D","D","d","D","d","d","D","d","D","d","D","d","d","d","d","D","d","D","D","d","d","D","d","d","D","D","D","D","d","d","D","D","D","D","d","d","d","d","D","d","D",0.567692207238637
101,19,34,"AA",2,"bb",0,"cc",0,1331,1465,-1,1,-1,1,1,-1,1,1,-1,-1,"d","D","d","d","D","D","d","d","d","D","D","d","D","D","d","d","D","D","D","d","d","D","d","D","D","D","D","d","d","d","d","D","d","D","D","d","d","D","d","d","d","d","d","d","d","d","D","d","d",1.64960189630171
96,19,35,"aa",0,"Bb",1,"cc",0,2117,582,-1,-1,1,-1,-1,1,-1,-1,-1,-1,"d","D","d","d","D","D","D","d","d","D","D","D","D","d","d","D","d","D","D","d","d","D","d","D","D","d","D","d","D","d","D","d","D","D","D","D","d","d","d","d","D","D","D","d","d","D","d","D","D",2.58576727000907
101,19,36,"AA",2,"bb",0,"cC",1,1693,2432,1,-1,-1,-1,1,-1,1,1,-1,-1,"d","D","D","D","D","D","D","d","d","D","D","D","D","d","d","D","D","d","D","d","D","d","d","D","D","D","D","d","d","d","d","D","d","D","d","d","D","d","d","d","d","D","D","D","D","d","D","d","d",3.59320094368519
98,19,37,"aA",1,"BB",2,"CC",2,496,2499,1,-1,-1,1,1,1,-1,-1,-1,-1,"d","d","D","D","D","D","d","d","d","D","D","D","d","d","d","d","d","D","D","D","D","d","d","D","D","D","D","d","d","D","D","d","D","d","D","d","D","d","D","d","D","d","d","d","d","D","d","D","d",0.0166046644206117
95,19,38,"AA",2,"bb",0,"cc",0,974,1690,-1,-1,-1,1,-1,1,1,-1,1,-1,"d","D","D","D","d","d","D","D","d","D","D","D","D","d","D","D","D","d","D","D","d","d","D","D","D","D","D","d","D","d","d","d","d","D","D","D","d","d","D","d","d","D","d","d","D","d","d","d","d",-2.07206750060255
95,19,39,"aA",1,"BB",2,"Cc",1,1651,1975,-1,1,-1,-1,-1,1,1,-1,-1,-1,"d","D","d","D","D","D","d","d","d","d","d","d","d","D","d","D","D","D","D","D","d","D","D","d","D","D","D","d","d","D","D","d","D","d","d","D","D","d","D","d","d","d","D","d","d","d","d","D","D",-0.43447277306777
90,19,40,"aa",0,"BB",2,"cC",1,1643,566,-1,-1,1,-1,-1,-1,-1,-1,-1,-1,"D","d","D","D","D","D","D","D","d","D","D","d","D","d","d","d","d","d","D","D","d","D","d","D","D","D","D","d","D","D","D","D","d","d","D","D","D","d","D","D","D","d","d","d","d","d","d","D","D",-1.9363250890639
96,19,41,"aA",1,"BB",2,"Cc",1,2054,1191,-1,-1,-1,1,-1,1,1,-1,-1,-1,"d","D","D","D","D","d","d","d","D","D","D","D","D","d","d","D","D","D","D","D","D","D","d","D","D","D","D","d","d","D","D","D","d","D","d","d","D","D","D","D","D","d","d","d","D","d","d","d","d",0.0634928545217863
102,19,42,"aa",0,"Bb",1,"Cc",1,2253,2043,1,-1,-1,1,1,-1,1,1,-1,1,"d","D","D","D","d","d","d","d","d","d","d","D","d","D","d","D","D","d","D","d","d","d","d","D","D","d","D","d","d","D","D","d","d","D","d","d","D","D","d","d","D","d","d","D","d","d","D","d","D",0.511578171239174
91,19,43,"aa",0,"bB",1,"CC",2,252,26,-1,-1,-1,-1,-1,-1,-1,1,-1,-1,"d","d","d","D","D","D","D","d","d","d","D","d","D","d","d","D","d","D","D","D","D","d","d","D","D","D","D","d","d","d","D","D","d","d","D","D","d","d","d","d","d","d","D","d","d","d","d","d","D",-0.655959572314086
97,19,44,"aA",1,"bB",1,"cC",1,2025,1605,-1,1,1,1,-1,1,-1,-1,-1,-1,"D","d","d","D","d","d","D","D","D","D","D","D","D","D","d","d","d","d","D","d","d","d","d","D","D","D","D","d","d","d","D","d","d","D","d","D","D","D","d","d","D","D","d","d","d","d","d","D","D",-0.912329824211197
103,19,45,"AA",2,"BB",2,"Cc",1,995,1702,-1,1,1,1,1,-1,1,1,-1,-1,"d","D","D","D","d","d","D","D","d","D","d","d","D","d","d","D","D","d","D","D","D","D","d","D","D","D","D","D","d","d","D","d","d","d","D","d","d","d","D","d","d","d","d","D","D","d","d","D","d",1.21521619281623
92,19,46,"Aa",1,"Bb",1,"cC",1,1584,2324,-1,-1,-1,-1,-1,1,-1,-1,-1,-1,"D","d","D","D","d","d","d","d","D","D","D","D","D","d","d","d","D","d","D","D","D","d","D","D","D","D","D","d","D","D","D","D","D","d","D","D","D","d","d","D","d","d","d","d","d","d","D","D","d",0.965569742832993
100,19,47,"Aa",1,"bB",1,"cc",0,644,2396,-1,1,-1,-1,1,-1,1,1,-1,-1,"D","D","d","d","d","D","d","d","d","D","D","D","d","d","D","d","D","D","D","d","d","D","d","D","D","D","D","d","d","D","D","D","D","D","d","D","D","d","d","d","D","D","D","D","d","D","d","d","d",2.27276985836489
102,19,48,"aA",1,"bB",1,"Cc",1,727,1018,1,-1,-1,1,1,1,1,1,-1,-1,"D","d","D","d","D","d","d","d","D","d","d","d","d","d","d","d","D","d","D","d","D","d","d","D","D","D","D","d","d","D","d","D","D","D","d","d","D","D","d","d","D","d","d","d","D","d","d","d","D",0.0487435928298001
99,19,49,"Aa",1,"bB",1,"Cc",1,36,342,-1,1,1,1,-1,1,-1,1,-1,-1,"d","d","d","D","D","d","D","D","D","D","D","d","D","D","D","D","D","D","d","d","D","d","d","D","d","D","D","d","d","D","D","D","d","d","D","d","D","D","D","d","D","d","d","d","d","d","d","d","D",-0.0807282235372265
92,19,50,"Aa",1,"BB",2,"cC",1,789,1087,-1,-1,-1,-1,-1,-1,-1,1,-1,-1,"d","D","d","D","d","d","D","D","d","D","d","D","D","d","D","d","d","D","d","D","d","d","D","D","D","D","D","d","d","D","D","D","D","D","d","d","D","D","d","d","D","d","D","d","D","D","d","d","D",0.238219955950491
95,20,1,"aA",1,"bb",0,"Cc",1,1360,1824,-1,-1,-1,1,-1,-1,-1,1,-1,-1,"D","D","D","D","D","D","d","d","D","D","D","D","D","d","d","d","D","D","D","D","D","d","d","D","D","D","D","d","d","D","D","D","d","d","D","d","D","d","d","d","d","d","d","d","D","d","d","D","d",1.03838845033557
95,20,2,"AA",2,"Bb",1,"cc",0,1318,1557,-1,-1,-1,1,-1,1,-1,1,-1,-1,"d","D","D","D","D","D","d","D","D","d","D","d","d","d","d","D","D","D","D","D","d","D","d","D","D","D","D","d","d","D","D","d","D","D","D","D","D","d","d","d","d","D","D","d","d","d","d","D","d",-0.380044302628027
92,20,3,"Aa",1,"bb",0,"cC",1,1658,634,1,-1,-1,-1,-1,-1,-1,1,-1,1,"d","d","d","D","D","D","d","D","d","D","D","D","D","D","d","d","d","d","d","d","d","D","d","D","D","D","D","d","d","D","D","d","d","D","D","D","D","d","d","d","D","D","D","D","D","d","d","D","d",-3.05897813886486
99,20,4,"aa",0,"bB",1,"cC",1,2272,764,1,1,1,1,-1,1,-1,-1,-1,-1,"D","D","d","D","D","d","D","d","d","D","D","D","D","d","D","d","D","D","D","d","D","d","d","D","d","D","D","D","d","d","d","d","d","D","d","d","d","d","D","D","d","d","d","d","d","D","d","d","d",-0.510510080149396
87,20,5,"AA",2,"bB",1,"cC",1,537,1195,-1,-1,-1,-1,-1,-1,-1,-1,-1,-1,"d","D","d","d","D","D","D","D","d","d","D","d","d","d","D","D","D","D","D","D","d","D","D","D","D","D","D","d","d","D","d","D","D","D","d","D","D","d","D","d","d","D","d","d","d","d","d","D","D",-2.20479250704907
105,20,6,"aA",1,"BB",2,"cC",1,314,886,-1,1,1,-1,1,1,1,1,1,-1,"D","D","D","D","D","d","d","D","d","d","D","D","D","d","d","D","d","d","D","D","d","D","D","d","D","D","D","d","d","D","D","d","D","D","d","d","D","d","d","d","d","d","D","d","D","D","d","d","D",1.08661404401027
100,20,7,"aA",1,"bB",1,"cC",1,1105,873,-1,1,1,1,1,-1,1,1,-1,-1,"D","D","d","d","d","D","D","D","d","D","D","d","d","d","d","d","D","d","d","d","d","d","d","D","D","D","D","d","d","D","d","D","D","D","D","d","D","d","D","d","d","D","d","d","d","d","D","d","d",-1.58631800771374
99,20,8,"aa",0,"bB",1,"cC",1,993,1590,1,1,1,-1,1,1,1,-1,-1,-1,"D","D","d","D","D","D","D","D","D","D","d","d","d","d","D","D","d","d","D","D","D","d","d","D","D","D","D","d","d","d","D","d","D","d","D","d","D","D","D","d","D","d","d","d","D","d","d","d","D",-2.96608078121448
102,20,9,"Aa",1,"bb",0,"cC",1,2338,1708,1,-1,1,1,1,1,1,1,-1,-1,"D","D","d","d","D","d","d","d","d","D","D","D","d","d","d","d","d","d","D","d","D","d","D","d","D","D","D","d","d","d","D","D","d","D","D","D","D","D","D","d","d","D","D","D","d","d","d","D","D",-1.10352254657931
104,20,10,"AA",2,"bb",0,"CC",2,520,1719,1,-1,1,1,1,1,1,1,-1,-1,"d","d","D","D","d","d","D","d","d","D","D","D","d","d","d","d","D","D","d","D","d","d","d","D","D","D","D","d","D","d","D","d","D","d","D","D","d","d","D","D","D","d","d","D","d","d","d","d","D",0.882839580854677
94,20,11,"aA",1,"Bb",1,"CC",2,963,643,-1,-1,-1,1,1,1,1,-1,-1,-1,"d","d","D","D","d","D","d","D","d","D","D","D","d","D","d","D","D","D","d","d","d","D","D","d","D","D","D","D","d","D","d","d","d","d","D","D","D","d","d","D","d","d","d","d","D","d","D","d","d",-3.32046356631924
91,20,12,"aA",1,"bB",1,"CC",2,142,30,-1,-1,-1,-1,-1,-1,-1,-1,-1,-1,"d","D","D","D","D","d","d","D","d","D","D","D","d","D","D","D","D","D","D","D","d","d","d","D","D","D","D","d","d","d","d","D","D","d","D","D","D","d","d","d","d","d","d","d","d","d","D","D","d",1.52813914760848
100,20,13,"Aa",1,"BB",2,"Cc",1,2296,1514,-1,-1,1,1,-1,1,1,1,-1,-1,"d","D","D","D","D","D","D","D","d","D","D","D","d","D","d","d","D","D","d","d","D","d","D","D","D","D","D","d","d","D","D","D","D","D","D","D","D","D","D","d","D","d","D","d","d","d","d","d","D",0.178157212554923
101,20,14,"aA",1,"BB",2,"Cc",1,2102,1141,-1,1,-1,1,1,-1,-1,-1,-1,-1,"d","d","D","D","D","d","d","d","d","d","D","D","d","d","d","d","d","D","D","d","d","D","D","d","D","D","D","d","D","D","D","D","d","D","D","D","D","D","d","d","D","d","d","d","d","d","d","d","d",5.30434122088614
98,20,15,"aa",0,"Bb",1,"cc",0,2056,136,-1,-1,-1,1,-1,-1,1,1,-1,1,"D","d","d","D","d","d","d","D","d","d","D","D","d","d","d","D","D","D","D","D","d","D","D","d","D","d","D","d","d","d","D","D","d","D","D","D","D","d","D","d","d","D","D","d","d","d","d","D","D",0.481584820802489
102,20,16,"Aa",1,"Bb",1,"Cc",1,1410,1832,-1,-1,1,1,1,1,1,1,-1,-1,"d","d","D","d","d","d","d","d","d","D","D","D","d","d","d","D","d","D","D","d","D","D","D","D","d","D","D","d","d","D","d","D","d","D","D","d","D","D","D","d","D","d","D","D","d","D","d","d","d",0.395740192907213
101,20,17,"AA",2,"BB",2,"Cc",1,228,1498,-1,1,-1,1,-1,1,1,1,-1,-1,"d","d","d","d","D","D","d","d","d","D","D","D","d","d","D","d","D","D","d","d","d","d","d","D","D","D","D","d","d","d","D","D","D","D","D","D","D","D","d","D","d","D","d","D","d","d","d","d","d",1.5778434626826
103,20,18,"AA",2,"BB",2,"CC",2,553,1220,-1,-1,1,1,1,1,1,-1,1,-1,"D","D","D","D","D","d","d","d","d","D","D","d","d","d","d","D","d","D","D","d","d","D","d","D","D","D","D","d","D","d","D","d","d","D","D","D","D","d","D","d","d","d","D","D","d","d","d","D","d",1.15695217669083
95,20,19,"aa",0,"bb",0,"cC",1,1728,2286,-1,1,-1,-1,1,-1,-1,1,-1,1,"d","D","D","D","D","D","d","d","D","D","d","D","D","d","d","D","d","D","d","d","d","D","D","D","d","D","D","d","D","D","d","D","D","d","d","d","D","d","d","d","D","D","d","D","D","d","D","d","D",-2.02275278870756
100,20,21,"Aa",1,"Bb",1,"Cc",1,1963,1832,-1,-1,1,1,1,1,1,1,-1,-1,"d","d","D","D","d","d","d","d","D","D","D","D","d","D","D","D","d","d","D","d","D","D","D","D","D","D","D","d","d","D","d","D","D","D","D","D","d","d","D","D","D","D","D","d","d","D","d","D","d",-1.28102073255716
102,20,22,"Aa",1,"bb",0,"CC",2,1337,1236,1,-1,-1,1,1,1,1,1,1,-1,"d","D","D","D","D","D","d","d","d","d","D","D","D","d","d","d","D","D","D","d","D","d","D","D","D","d","D","d","d","d","d","D","d","D","D","D","D","D","D","d","D","d","d","d","d","d","d","d","D",-1.41767564530712
100,20,23,"Aa",1,"bb",0,"Cc",1,316,350,1,-1,1,1,1,1,-1,-1,-1,-1,"d","D","d","d","d","d","d","d","D","D","d","D","D","d","d","d","d","D","D","d","d","D","d","D","D","D","D","d","d","d","D","d","d","D","d","d","d","d","D","D","D","d","D","D","d","d","d","d","d",0.188959554251671
101,20,24,"AA",2,"bb",0,"cc",0,1137,37,1,-1,1,-1,1,-1,1,1,1,-1,"d","D","d","D","D","d","d","D","d","d","d","d","D","D","d","D","D","D","D","D","d","d","D","D","d","d","D","d","d","d","d","D","D","D","D","d","D","d","D","D","d","D","d","D","D","D","D","d","d",-0.139701108670485
95,20,25,"Aa",1,"BB",2,"cc",0,1400,2431,-1,-1,1,-1,1,-1,-1,1,-1,-1,"D","d","d","D","D","D","D","d","D","D","D","d","D","D","d","D","d","d","D","D","D","D","D","D","D","D","D","d","d","D","D","d","D","D","D","D","D","D","D","D","D","D","d","D","D","D","d","D","D",-0.648700847422465
93,20,26,"aa",0,"bB",1,"cc",0,1398,1894,1,-1,1,-1,-1,-1,-1,1,-1,-1,"d","D","D","D","D","d","d","d","d","D","D","d","d","d","d","D","D","D","D","D","D","D","D","D","D","D","D","d","d","d","d","D","D","d","D","D","d","D","D","d","d","d","d","D","d","d","d","d","d",-2.47200311822742
94,20,27,"AA",2,"bB",1,"Cc",1,399,2464,-1,-1,1,-1,-1,1,-1,-1,-1,-1,"D","D","d","D","d","d","D","d","d","d","d","d","D","D","d","D","D","D","d","d","d","D","d","D","D","D","D","D","d","D","D","d","d","D","D","D","D","d","D","D","d","d","d","d","D","d","d","d","D",0.0780795886048476
105,20,28,"aA",1,"bB",1,"CC",2,746,1379,-1,-1,-1,1,1,1,1,1,1,1,"D","D","D","D","d","d","D","d","d","d","D","d","D","d","d","d","D","D","D","d","D","D","d","D","D","D","D","d","d","d","D","D","D","D","d","D","D","d","D","d","D","D","d","d","D","d","d","D","D",1.37219916360302
92,20,29,"AA",2,"bB",1,"CC",2,527,2165,-1,-1,-1,-1,-1,1,-1,-1,-1,-1,"d","D","D","D","D","d","d","d","D","D","d","d","D","D","D","d","D","D","D","d","d","d","d","d","D","D","d","d","d","D","D","d","D","d","d","D","d","D","D","d","d","D","d","d","D","d","D","D","d",0.440242716981913
99,20,30,"Aa",1,"BB",2,"CC",2,22,2158,-1,-1,-1,1,1,-1,1,-1,-1,-1,"d","D","d","D","d","d","d","d","d","D","d","D","D","d","D","d","D","d","D","d","D","d","d","D","D","D","D","d","d","D","d","D","D","d","D","d","D","D","D","D","d","d","D","d","d","D","d","d","d",3.68425017174443
98,20,31,"aA",1,"bB",1,"cc",0,2102,51,-1,-1,-1,-1,1,1,-1,1,-1,1,"d","d","D","D","d","D","d","d","D","d","d","D","D","d","d","D","d","D","D","d","D","D","D","d","D","D","D","d","d","D","d","d","D","D","D","D","D","d","D","d","D","D","d","d","d","d","d","d","d",0.527921873246755
97,20,32,"aA",1,"bB",1,"CC",2,67,1733,-1,-1,-1,1,1,-1,1,1,-1,-1,"D","d","D","d","D","d","d","D","d","D","D","D","D","d","D","d","D","D","D","d","d","d","d","D","D","D","D","d","d","d","D","d","D","D","D","D","d","D","D","D","d","d","d","d","D","d","D","D","d",-0.241957572982825
98,20,33,"AA",2,"bb",0,"cC",1,1441,1188,-1,1,-1,-1,1,-1,-1,1,1,-1,"d","d","D","D","D","d","d","D","d","D","D","D","d","d","d","d","D","d","d","d","D","D","D","D","D","D","d","d","d","D","D","D","D","d","D","D","D","D","d","d","d","D","D","D","D","d","D","d","d",0.165996013715367
91,20,34,"aA",1,"Bb",1,"Cc",1,1439,1507,-1,-1,1,-1,-1,-1,-1,-1,-1,-1,"D","D","d","D","D","d","D","D","d","D","D","d","D","d","d","d","d","D","D","d","D","D","d","D","D","D","D","d","d","d","d","d","d","D","d","d","d","d","D","D","d","D","D","d","D","d","d","d","D",-0.608662642930646
99,20,35,"aA",1,"bb",0,"cC",1,1182,1734,1,1,-1,1,-1,-1,1,-1,-1,-1,"d","d","D","D","d","D","d","D","d","d","D","D","d","d","d","d","D","D","D","D","d","D","d","D","d","D","D","d","d","D","d","D","D","D","D","D","D","D","d","D","D","D","D","D","d","d","D","d","d",1.07383722214068
98,20,36,"aa",0,"bB",1,"cc",0,2064,1459,1,-1,-1,-1,1,-1,1,1,-1,-1,"d","d","D","D","D","D","d","D","d","D","D","D","d","d","d","D","d","d","D","d","d","d","D","D","d","D","d","d","d","D","d","D","D","D","d","D","D","d","d","d","d","d","D","d","D","D","D","D","D",0.302576519598966
94,20,37,"Aa",1,"BB",2,"cc",0,880,989,-1,1,-1,-1,1,-1,-1,-1,-1,-1,"D","d","D","D","d","D","d","d","d","D","D","d","d","d","D","d","d","D","D","d","D","d","D","D","D","D","D","d","D","D","D","d","D","D","D","D","D","d","d","d","D","D","D","D","d","D","D","D","d",0.450576679604466
97,20,38,"Aa",1,"Bb",1,"CC",2,663,1968,-1,-1,-1,1,1,1,-1,1,-1,-1,"D","d","d","D","D","d","d","d","d","D","d","D","d","D","d","d","D","D","D","d","d","D","d","D","D","D","D","d","d","D","d","D","d","D","D","D","d","d","D","d","D","d","d","d","D","d","d","d","d",-0.308563932124211
91,20,39,"aA",1,"BB",2,"cc",0,480,1202,-1,-1,-1,-1,-1,-1,-1,1,-1,-1,"d","d","d","D","d","D","d","d","D","D","D","d","d","d","D","d","D","D","d","d","d","d","d","D","D","D","D","d","d","D","D","D","D","D","d","D","d","D","d","d","D","D","d","D","D","d","D","d","d",-0.0898478054835806
103,20,40,"aA",1,"BB",2,"cC",1,523,1776,-1,1,1,1,-1,1,1,1,1,1,"D","D","D","D","D","d","d","d","d","d","d","D","d","d","d","D","D","d","d","d","D","d","d","D","D","D","D","d","d","D","D","d","D","D","D","d","D","D","D","d","D","d","D","d","d","d","D","d","d",-2.70182158788305
90,20,41,"aA",1,"BB",2,"CC",2,394,1753,-1,-1,-1,-1,-1,-1,-1,-1,-1,-1,"d","d","d","D","D","D","D","d","d","D","D","D","D","d","d","d","D","D","d","d","d","d","d","D","D","D","D","d","d","D","D","d","d","d","D","d","D","d","D","D","D","d","d","d","d","d","D","D","d",0.193191307185769
97,20,42,"Aa",1,"BB",2,"CC",2,2032,1271,-1,-1,-1,-1,1,1,-1,1,1,-1,"D","d","D","D","D","D","d","D","d","D","d","d","d","d","D","D","d","D","D","D","D","d","D","D","D","d","d","d","d","D","D","d","D","D","d","D","D","D","D","D","d","d","d","d","d","d","d","D","d",-0.71362262652738
107,20,43,"aA",1,"BB",2,"Cc",1,954,790,1,-1,1,1,1,1,1,1,1,1,"D","D","D","D","D","D","d","d","d","D","d","d","D","D","d","D","D","D","D","D","d","D","d","D","D","D","D","d","d","D","D","D","d","d","D","D","D","d","d","D","d","D","d","D","D","d","d","d","d",-0.382363015714841
93,20,44,"aA",1,"bb",0,"CC",2,1580,1414,-1,-1,1,-1,-1,-1,1,-1,-1,-1,"D","D","D","D","D","D","d","d","d","D","D","d","d","d","d","d","D","d","D","d","D","D","d","d","D","D","D","d","d","d","d","D","d","d","D","d","d","D","d","d","d","d","d","D","d","d","D","D","d",-0.445097927595819
100,20,45,"Aa",1,"Bb",1,"CC",2,2032,1518,-1,1,-1,1,1,-1,-1,1,-1,-1,"D","D","D","D","D","d","D","D","d","D","D","d","d","d","D","D","d","d","D","D","d","d","D","D","D","D","D","d","d","D","D","d","D","d","D","D","d","D","d","D","D","d","D","D","d","d","D","D","d",2.06357835287962
100,20,46,"aa",0,"BB",2,"Cc",1,827,277,1,-1,1,1,1,1,1,-1,-1,-1,"D","D","d","D","D","d","D","d","d","d","D","d","D","d","d","D","D","D","D","d","d","d","D","D","D","D","d","d","d","d","D","D","D","D","D","d","D","d","D","d","D","d","d","D","D","d","D","D","d",-1.99894427954224
100,20,47,"Aa",1,"bb",0,"CC",2,2153,1085,-1,-1,1,-1,1,-1,1,-1,-1,1,"D","D","d","D","D","d","d","d","D","d","D","D","D","d","D","D","d","D","d","D","D","d","D","D","D","D","D","d","d","D","D","d","d","d","d","d","D","d","D","d","d","d","D","D","D","d","d","d","d",2.21454045183387
109,20,48,"AA",2,"Bb",1,"Cc",1,933,647,1,1,1,1,1,1,1,1,1,-1,"d","D","D","d","D","d","d","D","d","D","D","d","d","D","d","D","d","D","D","D","d","d","D","D","D","d","D","D","d","d","D","D","d","D","D","D","D","d","D","D","D","d","D","d","d","d","D","d","D",1.09984195728042
96,20,49,"aA",1,"bb",0,"cC",1,41,1496,-1,-1,1,-1,1,-1,1,-1,-1,-1,"D","D","D","D","D","d","D","D","d","D","D","D","D","d","D","D","D","D","D","d","D","d","D","D","D","D","D","d","d","D","d","D","D","D","D","D","D","D","d","D","D","D","d","d","d","d","D","d","D",0.152849944522923
99,20,50,"AA",2,"Bb",1,"Cc",1,2287,2458,-1,-1,1,-1,1,1,1,1,-1,-1,"d","D","d","D","D","d","d","d","D","D","D","D","d","d","d","D","d","D","d","D","d","d","d","D","D","D","D","d","d","D","d","D","d","D","D","D","D","d","D","d","d","d","d","D","d","d","d","d","D",-0.760356451691639
101,21,1,"Aa",1,"bb",0,"CC",2,946,1446,-1,1,1,-1,1,-1,1,-1,-1,1,"d","D","D","D","D","D","d","d","d","d","d","D","D","d","d","d","D","D","D","d","d","d","d","d","d","d","D","d","D","d","d","d","d","D","d","D","D","D","d","d","d","D","D","d","D","D","D","D","D",1.73751873458571
98,21,2,"Aa",1,"bb",0,"cC",1,1538,1247,-1,-1,1,1,1,-1,-1,1,-1,-1,"d","d","D","D","d","D","D","d","d","D","d","d","D","D","d","D","d","D","D","D","d","D","D","D","D","D","D","d","d","d","d","d","D","D","D","D","D","D","d","d","D","d","d","d","D","d","D","d","d",0.473583029677984
97,21,3,"aa",0,"bb",0,"Cc",1,1294,1401,-1,-1,-1,-1,-1,1,1,1,-1,-1,"d","D","d","D","D","d","d","d","D","D","D","d","D","d","D","D","D","D","D","d","d","d","d","D","D","D","d","d","d","D","D","d","d","D","d","d","d","d","d","d","d","d","d","D","d","D","d","d","D",1.62469950910936
90,21,4,"aA",1,"BB",2,"cC",1,945,2321,-1,-1,-1,-1,-1,-1,-1,-1,-1,-1,"d","D","d","d","D","D","D","d","d","D","D","d","D","d","D","d","D","D","D","d","D","D","d","D","D","D","D","d","d","d","d","d","D","d","d","D","D","D","D","D","D","d","D","d","d","d","D","d","d",0.18750533388355
96,21,5,"aA",1,"bb",0,"Cc",1,1566,1693,-1,1,1,-1,1,1,-1,-1,-1,-1,"d","d","d","D","D","D","D","d","d","D","d","d","D","d","d","d","D","D","d","D","d","d","D","d","D","D","D","d","d","d","d","d","d","d","D","D","d","d","d","D","d","d","D","D","D","d","D","d","d",-1.98956178199505
96,21,6,"AA",2,"bb",0,"CC",2,1658,2479,-1,-1,1,1,1,1,-1,-1,-1,-1,"D","D","D","D","D","d","D","D","D","D","D","D","D","D","d","d","D","d","D","d","D","D","d","D","d","D","D","d","d","D","d","d","D","D","D","d","d","d","d","d","d","D","d","D","d","d","D","d","d",-1.91285755420287
89,21,7,"Aa",1,"Bb",1,"cc",0,2406,778,-1,-1,-1,-1,-1,-1,-1,-1,-1,-1,"D","d","d","D","D","d","D","D","D","D","D","D","d","d","d","D","d","D","d","D","D","D","D","D","d","D","D","d","d","D","D","D","d","D","D","d","D","d","D","d","D","d","d","d","d","D","d","d","d",-0.934944103241538
100,21,8,"aA",1,"bb",0,"CC",2,495,921,-1,-1,1,1,1,-1,-1,1,1,-1,"D","D","d","D","D","d","d","d","d","D","d","D","d","D","d","d","D","D","D","d","D","D","D","D","D","D","D","d","d","D","D","D","D","D","D","D","D","D","D","d","d","D","D","D","d","D","d","D","d",0.711215077915618
103,21,9,"aa",0,"BB",2,"cC",1,427,887,1,1,1,1,1,1,-1,1,-1,-1,"D","d","d","d","D","d","d","D","D","D","D","d","d","d","D","d","D","D","D","d","D","D","d","D","d","D","D","d","d","D","D","D","D","D","d","D","D","d","d","d","D","d","D","d","D","d","D","d","d",-0.0718853739985693
98,21,10,"aA",1,"BB",2,"CC",2,1463,1454,-1,-1,-1,1,-1,1,1,1,-1,-1,"D","D","D","D","D","d","d","d","d","D","D","d","D","d","D","D","d","D","D","D","d","d","D","D","D","D","D","d","d","D","d","D","D","D","D","D","d","d","d","D","d","d","D","d","D","d","d","d","d",0.391499325074715
109,21,11,"Aa",1,"bb",0,"cC",1,1805,1910,1,1,1,-1,1,1,1,1,1,1,"d","D","D","d","D","d","d","d","d","d","D","d","d","D","d","d","d","D","D","d","d","D","D","D","D","D","D","D","d","D","D","D","d","D","D","D","D","D","D","d","D","d","D","D","D","d","d","D","d",1.24893136724119
92,21,12,"aa",0,"bB",1,"Cc",1,500,259,-1,-1,-1,-1,-1,-1,1,1,-1,-1,"d","D","D","D","D","D","d","d","d","d","d","d","D","d","D","d","D","d","D","d","D","D","d","D","D","D","d","d","d","D","d","D","D","D","D","D","d","D","d","D","D","D","D","d","D","D","D","d","d",-1.18038505897152
99,21,13,"aA",1,"bB",1,"cC",1,2436,1996,1,1,-1,-1,-1,1,1,1,-1,-1,"d","D","D","D","D","d","D","d","D","D","D","D","d","d","D","d","d","D","d","D","D","D","d","D","D","D","D","d","d","d","D","d","D","D","D","d","D","D","d","D","d","D","D","D","d","d","D","D","D",-0.172757210786455
96,21,14,"Aa",1,"bB",1,"Cc",1,831,1769,-1,-1,1,-1,1,-1,1,-1,-1,-1,"d","d","D","D","D","d","d","d","d","d","D","d","D","D","d","D","d","D","D","D","D","D","D","D","D","D","D","d","d","D","D","D","d","D","D","d","d","D","D","D","D","D","D","D","d","d","d","d","D",0.471975476876266
94,21,15,"Aa",1,"Bb",1,"cC",1,1324,1445,-1,-1,-1,-1,-1,-1,-1,1,-1,-1,"D","D","d","D","D","d","d","d","d","d","D","D","D","d","d","D","D","D","D","d","D","d","d","D","D","D","D","d","d","D","D","D","D","d","D","d","D","d","d","d","d","D","D","D","d","d","d","d","d",2.70997162325967
105,21,16,"aa",0,"bb",0,"Cc",1,546,1210,1,1,-1,1,1,1,-1,1,1,-1,"D","D","D","D","D","D","d","d","d","D","d","d","D","d","D","d","D","D","D","d","D","D","D","D","d","D","D","d","d","D","D","d","d","D","d","D","d","d","D","D","d","d","d","d","D","D","D","d","d",1.07662483702756
100,21,17,"aA",1,"BB",2,"CC",2,1792,1739,-1,1,1,-1,-1,1,1,1,-1,-1,"d","D","d","D","D","D","d","d","D","D","D","D","D","d","D","d","d","D","D","D","D","d","d","D","D","D","d","d","D","D","D","d","d","D","D","D","D","d","D","d","d","D","D","D","d","d","D","d","d",0.443406503060691
98,21,18,"Aa",1,"bB",1,"cC",1,826,253,-1,-1,-1,1,-1,1,-1,1,-1,-1,"d","D","d","D","D","D","d","d","d","d","D","d","D","d","d","d","D","D","D","D","D","d","D","D","D","D","D","d","d","d","D","d","d","D","d","D","D","d","D","d","d","D","d","d","d","d","D","d","d",2.03889768661186
94,21,19,"AA",2,"bb",0,"cC",1,1801,318,-1,-1,1,-1,-1,1,-1,1,-1,-1,"D","D","D","D","D","d","d","d","D","D","d","D","d","d","d","d","d","D","D","d","D","d","d","D","D","D","D","d","d","d","D","d","D","D","D","D","d","D","D","D","d","D","D","d","D","d","D","d","D",-1.65970901167844
108,21,20,"AA",2,"bB",1,"cc",0,2261,1608,1,1,1,1,1,1,1,1,-1,-1,"D","d","D","D","D","d","D","d","d","d","d","d","D","d","d","d","D","D","D","D","d","D","D","D","D","d","D","d","d","D","D","D","d","D","d","D","D","d","d","d","d","D","d","D","D","d","D","D","d",2.15739509503479
99,21,22,"aa",0,"BB",2,"cC",1,676,1816,-1,-1,1,-1,-1,1,-1,1,-1,-1,"D","d","d","D","D","d","D","d","D","D","D","D","D","d","d","d","d","D","D","D","D","D","d","D","D","D","D","d","d","d","d","D","d","d","d","D","D","d","D","d","d","d","d","D","d","d","d","d","d",3.36531977796732
102,21,23,"AA",2,"Bb",1,"Cc",1,24,2164,-1,1,1,1,1,1,1,1,-1,-1,"d","d","D","D","D","d","d","d","D","D","D","d","D","D","d","d","d","D","D","d","d","D","D","D","D","D","D","d","d","d","D","d","D","D","d","D","D","D","d","d","d","D","d","D","D","d","d","D","D",-1.8807371202219
92,21,24,"Aa",1,"BB",2,"cC",1,1223,1388,-1,-1,-1,-1,-1,-1,1,-1,-1,-1,"d","D","D","D","D","D","d","d","d","D","d","d","D","d","d","d","D","d","D","d","D","d","d","D","d","D","D","d","d","D","D","D","D","d","D","d","D","D","D","D","D","d","d","d","d","d","d","d","d",0.511743148271427
103,21,25,"AA",2,"BB",2,"Cc",1,493,2261,-1,1,1,1,1,1,1,1,-1,-1,"D","D","d","D","D","D","d","D","D","D","D","D","d","d","d","D","d","D","D","D","d","d","D","D","D","D","d","D","d","D","D","D","D","d","D","D","D","D","D","D","D","d","d","d","d","d","D","d","D",-0.250723592183766
98,21,26,"Aa",1,"Bb",1,"Cc",1,200,1095,-1,-1,-1,1,1,1,-1,1,-1,-1,"d","d","d","D","D","D","d","d","D","D","D","D","d","d","D","d","D","D","D","d","D","d","d","D","D","D","D","d","d","d","D","d","d","D","d","D","D","d","D","d","d","d","d","d","d","D","d","d","d",0.656057315511364
100,21,27,"aa",0,"BB",2,"Cc",1,339,82,-1,-1,-1,1,-1,1,1,1,-1,-1,"d","D","D","D","D","D","d","d","d","D","D","D","d","d","d","d","d","d","D","D","D","D","d","D","D","D","D","d","d","D","D","D","D","D","d","D","D","d","D","D","d","D","d","D","D","d","d","d","d",2.32561945894796
100,21,28,"aa",0,"BB",2,"CC",2,294,2131,-1,-1,1,1,1,1,1,-1,-1,-1,"D","D","D","D","D","d","d","d","d","D","D","d","D","d","d","D","D","d","D","d","D","D","D","d","D","d","D","d","d","d","D","d","d","d","d","d","D","D","D","D","D","D","d","d","D","D","d","D","d",0.385650162264944
95,21,29,"aA",1,"BB",2,"Cc",1,2054,416,-1,-1,-1,1,1,-1,-1,-1,-1,-1,"d","D","D","D","d","d","d","d","d","D","D","D","D","d","d","D","d","D","D","D","d","D","d","D","D","D","d","d","d","d","D","D","D","D","d","d","D","D","d","D","d","d","d","d","d","d","d","d","d",1.3805581618556
102,21,30,"Aa",1,"Bb",1,"CC",2,1921,280,1,-1,-1,1,1,-1,1,1,1,-1,"d","D","D","D","D","d","d","d","d","D","D","D","d","D","d","D","d","D","D","D","D","D","d","D","d","D","D","d","D","d","D","D","D","D","d","D","D","D","d","D","d","D","d","d","D","D","d","d","D",0.630646390880462
95,21,31,"AA",2,"BB",2,"cc",0,877,1159,-1,-1,-1,-1,-1,1,-1,1,-1,-1,"d","D","d","D","D","D","D","D","d","D","D","d","D","D","d","d","d","d","D","D","D","d","d","d","D","D","D","d","d","D","d","D","D","D","D","d","D","D","D","D","d","d","D","d","D","D","D","d","d",1.4687419334217
99,21,32,"aa",0,"Bb",1,"cC",1,1164,895,-1,-1,-1,1,1,-1,1,1,-1,-1,"D","d","D","D","D","d","d","d","d","d","D","D","D","d","d","d","D","D","D","d","d","d","D","D","D","D","D","d","d","d","D","d","D","d","D","D","d","d","D","D","d","D","d","d","D","D","d","d","d",1.13534857120671
89,21,33,"aa",0,"bb",0,"Cc",1,363,1057,-1,-1,-1,-1,-1,-1,-1,-1,-1,1,"d","d","d","D","D","d","d","d","d","d","d","d","D","d","d","D","d","D","D","d","D","D","D","D","D","D","D","d","d","D","D","D","D","d","D","D","D","d","D","d","D","d","D","d","D","d","d","d","D",-2.51658158774263
93,21,34,"aa",0,"Bb",1,"cC",1,1491,363,-1,-1,-1,1,1,-1,-1,-1,-1,-1,"d","D","D","D","D","d","d","d","d","D","D","D","d","D","d","d","d","D","D","D","d","d","d","D","D","D","D","D","d","D","d","D","D","D","D","d","D","D","d","d","d","d","d","d","d","d","D","d","d",-0.557402133853971
104,21,35,"Aa",1,"bb",0,"cC",1,257,596,-1,1,1,1,1,1,1,1,-1,-1,"D","D","d","D","D","d","d","d","d","D","D","D","d","d","d","d","d","d","D","d","d","D","D","D","D","D","D","d","d","D","d","D","d","D","D","D","d","d","d","D","D","d","d","D","d","d","d","d","d",0.568309184175998
96,21,36,"Aa",1,"Bb",1,"cC",1,1551,2200,-1,-1,-1,-1,1,1,-1,1,-1,-1,"d","D","D","D","D","d","d","d","d","d","D","D","d","d","d","d","d","D","D","d","D","D","d","D","D","D","D","D","d","D","d","D","d","d","d","d","D","d","d","D","d","d","d","D","D","D","d","d","d",0.353226829471714
94,21,37,"aa",0,"Bb",1,"Cc",1,451,1870,-1,-1,-1,-1,1,-1,-1,1,-1,-1,"D","D","D","D","d","d","D","d","d","d","D","d","d","d","d","D","d","D","D","d","d","D","D","D","D","D","D","d","d","D","d","D","D","D","d","D","D","D","D","D","d","D","d","D","d","d","d","d","d",0.75024728014795
98,21,38,"aA",1,"BB",2,"CC",2,1528,549,1,-1,1,-1,1,1,-1,-1,-1,1,"D","d","D","D","D","d","D","d","d","d","D","d","d","d","d","d","D","D","D","D","d","D","D","D","D","D","D","d","d","D","D","d","D","D","D","D","D","D","D","D","D","d","D","D","d","d","d","d","d",-1.9348389447943
93,21,39,"aa",0,"BB",2,"CC",2,958,926,-1,-1,-1,-1,-1,1,-1,-1,-1,-1,"d","D","D","d","D","D","d","d","d","d","D","D","D","d","D","d","d","D","D","D","d","d","d","D","D","d","d","d","d","D","D","D","d","D","D","D","d","d","D","D","d","D","d","D","D","D","D","d","d",1.2333024677001
100,21,40,"AA",2,"Bb",1,"cC",1,1018,1462,-1,-1,1,-1,1,1,1,1,-1,-1,"d","D","D","D","D","d","d","D","d","d","D","d","d","d","d","d","d","D","D","d","D","d","D","D","D","D","D","d","D","d","D","D","D","d","D","D","D","d","d","d","d","d","D","D","d","d","D","d","D",0.904336222816024
101,21,41,"Aa",1,"BB",2,"cC",1,2042,2484,-1,-1,1,1,1,1,1,1,-1,-1,"d","D","D","D","D","d","D","d","D","D","d","D","d","d","D","d","D","D","D","d","D","D","D","D","D","D","D","d","d","d","D","d","d","d","d","D","d","d","D","d","D","d","d","D","d","d","d","d","d",-0.279296017078585
94,21,42,"aa",0,"Bb",1,"cc",0,227,931,-1,-1,1,-1,-1,1,-1,1,-1,-1,"D","D","D","D","D","D","d","D","d","D","D","D","D","D","d","D","d","D","D","D","d","d","D","D","D","D","D","D","d","D","D","D","d","d","D","D","D","d","D","d","d","D","D","d","d","D","d","d","d",-1.17848885360032
98,21,43,"aA",1,"bb",0,"cC",1,1186,636,-1,-1,1,-1,1,1,1,-1,-1,1,"d","D","D","D","D","D","d","d","d","D","D","d","D","D","d","D","d","D","d","D","d","D","D","D","D","D","D","d","d","D","D","D","D","d","D","d","D","D","D","d","D","D","D","d","d","d","d","d","D",-1.73308740822119
95,21,44,"Aa",1,"BB",2,"CC",2,1738,434,-1,-1,-1,-1,-1,-1,1,1,-1,1,"D","D","D","D","D","d","d","d","d","D","D","d","d","d","d","D","D","D","D","d","d","D","d","D","D","D","D","d","D","D","D","D","D","d","D","d","d","D","d","D","D","d","d","D","d","d","D","d","d",-0.982866653962334
101,21,45,"aA",1,"Bb",1,"Cc",1,1315,1382,1,1,1,-1,-1,-1,1,1,1,-1,"d","d","D","D","D","d","d","D","d","d","D","d","D","d","d","D","d","D","D","d","D","d","d","D","D","D","D","d","d","D","D","D","D","D","d","D","D","D","D","d","d","d","D","d","d","D","d","D","d",-0.191163949652119
98,21,46,"aa",0,"Bb",1,"cC",1,1975,1941,-1,-1,-1,-1,1,1,-1,-1,1,1,"d","D","D","D","D","d","d","d","D","d","D","d","d","d","D","D","d","D","D","d","d","d","D","D","D","D","D","d","d","D","d","D","D","d","D","D","D","D","d","D","D","D","D","d","d","d","D","D","D",0.250140313462374
107,21,47,"AA",2,"BB",2,"CC",2,792,385,1,1,1,1,1,1,1,1,1,-1,"d","D","D","D","D","D","d","d","D","d","D","D","D","d","D","d","d","d","D","D","D","D","d","d","d","D","D","d","D","D","D","d","d","d","D","d","D","d","D","D","d","D","d","d","D","d","D","d","d",-0.130280250613734
98,21,48,"Aa",1,"Bb",1,"cC",1,1348,331,1,-1,-1,1,1,1,-1,-1,-1,-1,"D","d","d","D","D","D","d","d","d","d","D","D","D","D","D","D","d","D","d","D","D","d","d","d","D","D","d","d","d","d","D","d","D","D","D","d","D","D","D","D","d","d","d","D","d","d","D","d","d",0.00360966718780565
97,21,49,"aa",0,"bB",1,"Cc",1,201,1069,-1,-1,1,-1,1,1,-1,-1,1,-1,"d","D","D","D","D","d","d","d","d","d","D","d","D","d","d","d","D","d","D","d","D","D","d","D","D","D","D","d","d","D","D","D","D","D","D","D","D","D","d","d","D","d","D","D","D","d","d","d","D",-0.0994296232483645
92,21,50,"aa",0,"bB",1,"CC",2,1375,1562,-1,-1,-1,1,1,-1,-1,-1,-1,-1,"d","D","d","d","d","d","d","d","d","d","D","D","d","d","D","d","D","D","D","d","d","d","D","D","D","D","D","d","D","D","D","d","D","d","D","d","D","d","D","d","D","d","d","D","d","d","D","d","d",-1.96037206804039
101,22,1,"AA",2,"bb",0,"Cc",1,858,957,1,-1,1,1,-1,1,1,1,-1,-1,"d","D","D","D","D","D","D","D","d","d","D","d","d","D","D","D","D","D","D","D","D","d","D","D","D","D","D","d","d","D","D","d","d","d","D","D","D","D","D","D","D","d","d","d","d","D","d","d","d",-0.688059438795337
96,22,2,"aA",1,"bB",1,"cc",0,1740,1794,-1,-1,1,-1,-1,1,1,-1,-1,-1,"d","D","D","D","D","d","D","D","d","D","D","D","D","d","d","d","d","D","D","d","D","D","d","d","D","D","D","d","d","D","d","D","D","D","D","D","D","D","d","D","D","d","d","d","d","D","D","d","D",0.0383653129206084
97,22,3,"AA",2,"Bb",1,"CC",2,2014,770,-1,1,-1,1,-1,1,1,-1,-1,-1,"d","D","d","D","D","d","d","d","d","d","D","d","D","D","d","D","D","D","D","D","D","D","d","D","d","D","D","D","D","D","d","D","d","d","D","D","d","d","d","d","D","D","d","d","D","d","d","d","d",-0.433716917097134
94,22,4,"Aa",1,"BB",2,"cC",1,2105,1479,-1,-1,-1,1,-1,-1,1,1,-1,-1,"d","d","D","D","D","d","d","d","D","D","d","d","D","d","d","d","d","D","D","d","d","d","D","D","D","D","D","d","d","D","D","D","d","d","D","d","d","D","d","d","D","d","d","d","d","d","d","d","d",-1.10780469037461
92,22,5,"aa",0,"bB",1,"cC",1,1255,714,-1,-1,-1,-1,-1,1,1,-1,-1,-1,"d","D","D","D","D","D","d","d","d","D","D","D","D","d","d","D","d","D","D","D","D","D","d","D","D","D","D","d","d","d","d","D","d","d","d","d","D","D","d","D","D","d","D","D","d","D","d","D","d",-1.30793375454287
102,22,6,"aa",0,"bb",0,"Cc",1,911,251,-1,1,-1,1,1,1,-1,1,-1,-1,"D","D","D","D","D","d","D","D","D","D","D","D","D","d","D","d","D","d","D","d","d","D","D","D","D","D","D","d","d","d","D","d","d","D","d","D","d","D","D","d","d","D","D","D","d","D","d","d","d",2.07285814934817
99,22,7,"Aa",1,"Bb",1,"Cc",1,697,1594,1,-1,1,1,-1,1,1,1,-1,-1,"D","D","D","D","d","D","d","d","d","d","d","d","d","D","D","D","d","D","d","d","D","D","D","d","D","D","D","d","d","D","D","D","d","D","D","d","D","d","d","d","D","d","D","D","d","D","D","d","d",-2.55548948056074
87,22,8,"aA",1,"BB",2,"cc",0,1373,942,-1,-1,-1,-1,-1,-1,-1,-1,-1,-1,"D","D","D","D","D","d","d","D","d","D","D","D","d","d","d","d","D","D","D","d","D","D","D","D","D","D","D","d","d","D","D","d","D","d","D","D","D","d","d","D","d","d","D","D","D","D","D","d","d",-2.34700110644589
99,22,9,"AA",2,"BB",2,"cc",0,538,1980,-1,1,1,-1,1,1,-1,1,-1,-1,"d","d","D","D","d","D","D","d","d","D","d","D","D","D","d","d","d","D","D","D","d","d","d","D","D","D","D","d","d","D","D","D","d","D","D","d","D","d","D","D","D","D","D","d","D","D","d","d","d",-0.973914625759942
98,22,10,"AA",2,"bB",1,"cC",1,1299,1757,-1,-1,-1,1,1,-1,1,1,-1,1,"D","D","d","D","D","d","d","d","d","D","D","D","d","D","d","D","d","D","D","D","D","d","d","D","D","D","D","d","d","D","d","D","D","D","d","d","D","D","d","D","d","D","d","D","d","d","D","d","D",-1.67281419500346
92,22,11,"aA",1,"bB",1,"cc",0,2475,989,-1,1,-1,-1,-1,-1,-1,1,-1,-1,"D","D","D","D","d","d","D","d","d","D","D","d","d","D","D","D","D","D","D","d","D","D","D","D","D","d","D","d","D","d","D","D","D","D","D","D","D","d","d","d","D","D","d","D","d","d","d","D","D",-1.91123438531484
99,22,12,"aa",0,"Bb",1,"cC",1,132,63,-1,-1,1,-1,1,1,1,-1,-1,-1,"d","D","D","d","D","d","D","d","d","D","D","d","D","D","d","D","d","D","D","d","d","d","d","d","D","D","D","d","d","d","d","D","d","d","D","D","d","d","d","D","d","D","d","d","D","d","d","d","d",1.15928030373599
103,22,13,"Aa",1,"BB",2,"Cc",1,319,2305,-1,1,1,1,1,1,-1,1,1,-1,"d","d","d","D","D","D","d","d","d","D","D","D","D","d","D","D","D","D","D","D","D","d","d","D","D","D","D","d","d","D","D","D","D","D","d","D","D","D","D","d","D","d","d","d","d","d","D","d","d",-0.80177658494042
99,22,14,"aa",0,"bb",0,"Cc",1,1055,495,-1,-1,-1,1,1,-1,1,-1,-1,1,"D","D","d","D","D","d","d","d","d","D","d","D","D","d","D","D","d","D","D","D","d","d","D","D","D","D","D","d","d","d","D","D","d","D","D","D","D","d","d","d","d","d","D","d","D","d","D","d","d",1.94811428988008
90,22,15,"AA",2,"bB",1,"cC",1,2079,1077,-1,-1,1,-1,-1,-1,1,-1,-1,-1,"D","D","d","d","d","d","D","d","d","D","D","D","D","d","d","d","D","d","D","D","D","d","d","D","D","D","D","D","d","d","D","d","d","D","d","d","D","D","D","D","d","d","D","d","D","d","D","d","d",-3.01158405059194
95,22,16,"aA",1,"Bb",1,"Cc",1,731,2281,-1,-1,-1,-1,1,-1,-1,1,-1,-1,"D","D","D","D","D","d","d","d","d","D","d","d","D","D","d","D","D","d","D","D","d","d","D","D","d","d","D","d","d","D","D","d","D","d","D","D","D","d","D","d","d","d","d","D","d","d","d","d","D",1.11504141059431
87,22,17,"AA",2,"Bb",1,"Cc",1,2236,1029,-1,-1,-1,-1,-1,-1,-1,-1,-1,-1,"d","D","D","d","D","d","D","d","d","D","d","D","d","d","d","d","D","D","d","d","d","D","d","d","D","D","d","d","d","D","d","D","D","D","D","D","d","d","D","D","d","d","D","D","D","d","d","d","d",-2.1795852592663
94,22,18,"Aa",1,"Bb",1,"CC",2,788,566,-1,-1,-1,1,1,-1,-1,-1,-1,-1,"D","D","D","D","D","D","D","D","d","D","D","d","D","D","d","d","d","D","D","D","d","D","d","D","D","D","D","d","D","D","D","D","d","D","D","D","d","D","d","d","d","D","d","d","d","D","d","D","D",0.919793838012602
100,22,19,"Aa",1,"bB",1,"CC",2,244,148,1,-1,1,-1,-1,1,1,1,-1,-1,"D","D","d","D","D","D","d","d","d","d","d","D","d","D","d","D","d","D","d","d","d","D","d","D","D","D","D","d","d","D","D","d","D","D","d","d","D","D","d","d","d","d","D","d","d","d","d","D","D",0.534155975618747
99,22,20,"Aa",1,"bB",1,"cc",0,2163,1387,1,-1,1,-1,-1,1,-1,-1,1,-1,"D","D","D","d","D","d","d","d","d","d","d","D","D","d","D","D","D","D","D","D","D","d","D","D","D","D","D","d","d","D","d","D","D","d","D","d","d","D","d","D","d","d","D","d","d","d","D","D","d",1.34236192744254
100,22,21,"aa",0,"bB",1,"cc",0,2015,2044,-1,-1,-1,-1,1,1,1,1,-1,-1,"d","D","d","d","D","D","d","D","d","D","D","d","d","d","D","D","d","D","D","d","D","d","d","D","d","D","D","d","d","d","D","D","D","d","D","D","d","D","D","d","D","D","D","D","d","d","d","D","d",2.46997411354881
96,22,23,"AA",2,"bB",1,"CC",2,266,1125,1,-1,-1,1,-1,-1,1,-1,-1,-1,"D","d","d","D","D","D","D","d","d","d","D","D","D","D","D","d","d","D","d","d","d","d","d","D","D","D","D","D","d","D","D","D","D","D","d","D","D","D","D","D","d","D","D","D","D","d","d","d","d",0.951327300538859
90,22,24,"aA",1,"BB",2,"cc",0,2413,1349,-1,-1,-1,-1,-1,-1,-1,-1,-1,-1,"D","D","d","d","D","D","D","D","d","D","d","D","D","d","D","d","d","D","D","D","D","d","D","D","D","D","D","D","d","d","D","D","D","D","D","d","d","d","D","d","d","d","D","d","D","d","d","D","d",0.445320112483956
99,22,25,"aa",0,"BB",2,"cC",1,1296,2158,1,-1,1,1,-1,-1,1,-1,-1,-1,"d","D","D","D","D","d","d","D","D","d","d","D","D","d","D","d","D","D","d","D","D","d","d","D","D","D","D","d","d","D","d","D","d","D","D","D","D","d","D","d","d","d","d","d","d","d","d","d","d",1.11128772910048
100,22,26,"aa",0,"bb",0,"CC",2,110,1003,-1,-1,-1,-1,1,-1,1,-1,1,1,"D","d","D","D","D","d","d","d","d","D","D","d","d","d","D","D","D","D","D","d","D","d","D","D","D","D","D","d","d","d","d","d","D","D","D","D","d","D","d","d","d","D","D","D","d","d","d","D","D",2.01550470522718
105,22,27,"aA",1,"bb",0,"Cc",1,1652,1521,1,1,1,1,1,-1,1,1,-1,-1,"d","D","d","D","D","d","d","D","d","d","D","D","D","d","d","d","D","D","D","d","d","D","d","D","D","D","D","d","d","D","D","d","D","D","D","D","D","d","D","d","D","d","d","D","D","D","d","D","d",1.79890232261799
107,22,28,"Aa",1,"bb",0,"cc",0,1983,1391,1,1,-1,1,1,1,1,1,1,-1,"d","d","D","d","D","D","d","d","d","D","D","d","d","d","d","D","D","D","d","D","D","d","D","d","D","D","D","d","d","d","D","D","D","D","D","D","d","d","d","d","D","d","D","d","D","d","d","d","d",1.59874296979659
96,22,29,"aA",1,"BB",2,"cc",0,51,1746,-1,-1,-1,1,1,1,-1,-1,1,-1,"D","D","d","D","D","D","d","D","d","D","d","D","D","d","D","D","d","D","D","D","d","D","d","D","D","D","D","d","d","d","d","d","d","d","D","D","D","D","D","d","d","d","d","d","D","d","d","D","D",-1.39965372829978
100,22,30,"aA",1,"BB",2,"Cc",1,1844,2113,-1,-1,-1,1,1,-1,1,1,-1,1,"D","d","d","D","d","d","d","d","d","D","D","d","D","D","d","d","d","D","D","d","d","d","D","D","D","D","d","d","d","d","D","D","D","d","D","D","D","D","D","d","d","D","d","d","d","d","D","D","D",0.713136992087954
91,22,31,"Aa",1,"bB",1,"CC",2,1194,2413,-1,-1,-1,-1,-1,-1,1,-1,-1,-1,"D","D","D","D","d","d","D","D","d","D","D","D","D","D","d","d","d","D","D","D","D","d","d","d","D","D","D","d","d","d","D","d","D","D","D","d","d","d","D","D","d","D","d","d","d","d","d","D","d",-0.20950728555236
101,22,32,"aA",1,"Bb",1,"Cc",1,70,626,1,1,-1,-1,1,1,1,1,-1,-1,"D","D","d","D","D","d","D","D","D","D","D","d","d","d","d","d","D","D","D","d","D","d","D","d","D","D","D","d","d","d","D","d","d","D","D","D","D","D","D","d","D","D","D","d","d","d","d","D","d",-0.421966833492372
102,22,33,"aA",1,"BB",2,"cC",1,2128,1291,1,1,1,1,-1,1,1,-1,1,-1,"d","D","D","D","D","D","d","d","d","d","D","D","d","d","d","D","d","D","D","D","D","D","d","D","D","D","D","d","d","D","D","D","d","D","D","d","D","d","d","D","d","d","D","D","d","d","d","d","d",-1.36811266129965
97,22,34,"AA",2,"bB",1,"cC",1,1441,2186,-1,-1,-1,1,1,1,-1,1,-1,-1,"D","d","d","D","D","d","d","d","d","D","D","d","D","d","d","d","D","d","d","d","D","D","D","D","D","D","D","d","d","D","D","D","D","d","D","D","d","d","D","d","d","D","D","d","d","d","D","d","D",-0.177250924932103
104,22,35,"aA",1,"BB",2,"cC",1,735,543,-1,1,1,-1,1,1,1,1,-1,-1,"d","d","D","D","D","d","D","D","D","D","d","D","D","d","d","D","d","D","d","D","d","D","d","D","D","D","D","d","d","D","d","d","d","D","d","d","D","D","D","D","d","d","d","d","d","d","D","d","d",2.5829041792261
101,22,36,"AA",2,"BB",2,"cC",1,306,1911,1,1,1,1,-1,1,-1,1,-1,-1,"D","D","D","D","D","d","d","D","d","d","D","D","d","D","d","d","D","d","D","D","D","d","d","D","D","D","D","d","d","d","D","d","d","D","d","D","d","D","D","D","d","d","d","D","d","d","d","d","D",-0.792394324521011
104,22,37,"Aa",1,"bB",1,"cC",1,2338,2099,1,1,1,1,1,-1,1,1,-1,1,"d","D","D","d","D","D","d","d","d","d","D","d","D","D","d","d","d","D","D","D","d","d","d","D","D","D","D","d","D","d","D","D","D","D","D","D","D","d","d","d","D","D","d","d","D","d","d","D","d",-1.42658701838873
98,22,38,"aA",1,"BB",2,"CC",2,620,22,1,-1,-1,1,1,-1,1,-1,-1,-1,"D","D","D","D","D","d","d","d","d","D","D","D","D","d","d","d","d","D","d","D","D","D","d","d","D","D","D","d","d","D","D","d","D","D","d","D","d","D","D","D","d","D","d","D","d","d","D","d","d",0.0818028331739114
99,22,39,"aa",0,"bB",1,"cC",1,1424,2490,1,-1,-1,1,-1,1,1,1,-1,-1,"D","d","d","D","D","D","d","d","d","d","d","D","d","d","d","d","d","d","D","D","D","D","D","D","D","D","D","d","d","D","D","d","d","D","D","d","D","d","d","d","d","d","d","d","D","d","d","D","d",-0.262100396928521
96,22,40,"aa",0,"bb",0,"cC",1,360,104,1,-1,1,-1,-1,-1,1,-1,-1,1,"D","d","d","D","D","d","d","D","d","D","D","d","d","d","d","d","d","D","D","d","d","d","d","D","D","D","D","d","d","D","d","D","d","D","d","d","D","d","D","D","d","d","d","d","D","d","d","d","d",-1.64998497827439
99,22,41,"aa",0,"bB",1,"CC",2,1271,2152,-1,1,-1,-1,-1,-1,1,1,-1,-1,"d","D","D","D","D","d","D","d","d","d","d","d","D","d","D","d","d","D","D","D","D","D","d","D","d","d","D","d","d","D","D","d","d","d","D","D","d","d","D","D","d","D","d","d","d","d","D","d","D",3.08842065246004
97,22,42,"aA",1,"BB",2,"Cc",1,521,1372,1,-1,-1,1,1,1,-1,1,-1,-1,"d","D","D","D","D","d","d","d","D","D","D","d","d","d","d","d","d","D","d","d","d","d","D","D","d","D","d","d","d","D","D","D","D","D","d","d","D","D","d","D","D","D","d","D","d","d","D","d","D",-2.38906855546192
98,22,43,"Aa",1,"bB",1,"cC",1,1047,1174,-1,1,1,1,-1,-1,1,1,-1,-1,"d","d","D","D","D","d","d","d","d","d","d","d","d","d","d","d","d","d","D","d","D","d","d","D","D","D","D","d","D","d","D","D","d","D","D","D","D","D","d","d","d","d","d","d","d","D","d","d","D",-1.55370950961967
98,22,44,"Aa",1,"Bb",1,"Cc",1,2038,2175,-1,-1,1,-1,-1,1,1,1,-1,-1,"d","D","D","D","D","d","D","D","d","d","d","D","d","d","d","D","D","D","D","D","D","d","D","D","d","D","D","d","d","D","D","d","D","D","D","D","d","d","d","D","d","d","d","d","d","d","d","D","d",0.879449608757776
98,22,45,"aA",1,"bB",1,"CC",2,967,1448,-1,-1,1,1,-1,1,1,1,-1,1,"D","D","D","D","D","D","d","d","d","d","D","D","D","D","D","d","d","D","D","d","D","d","d","D","D","D","D","D","d","D","D","d","D","D","D","D","d","d","d","d","d","D","D","d","D","d","d","d","d",-3.6592640353682
99,22,46,"Aa",1,"bb",0,"cC",1,2295,1509,-1,-1,-1,1,1,1,1,1,-1,-1,"D","d","D","D","D","d","d","d","D","d","d","d","D","d","d","d","d","D","D","d","D","d","d","D","D","D","D","d","d","D","d","d","D","D","D","D","D","d","D","D","d","d","d","d","d","D","D","d","D",-0.744987656576417
96,22,47,"aA",1,"BB",2,"Cc",1,291,416,-1,-1,1,1,-1,1,1,-1,-1,-1,"d","D","D","D","d","D","d","d","d","D","D","d","D","D","d","D","d","D","D","D","D","D","d","D","D","D","D","d","d","D","D","D","d","D","d","D","D","d","D","D","d","d","d","d","D","D","d","d","d",-1.9700320691636
100,22,48,"Aa",1,"BB",2,"cc",0,1277,1986,-1,-1,1,-1,1,1,-1,1,-1,-1,"d","D","d","D","d","d","D","d","d","d","D","d","d","D","D","d","d","D","D","D","D","d","D","D","D","D","D","d","d","D","D","d","D","D","d","d","D","D","D","d","d","D","D","d","D","d","d","d","d",2.15180634705754
100,22,49,"aa",0,"BB",2,"CC",2,970,1633,-1,1,1,1,-1,1,-1,1,-1,-1,"d","D","D","d","D","d","d","D","D","d","d","D","D","d","d","D","D","D","d","D","d","D","D","D","d","D","D","d","d","d","D","d","d","d","D","D","D","d","D","d","d","d","D","D","d","D","D","d","D",0.345439841889129
98,22,50,"aa",0,"Bb",1,"CC",2,187,446,1,1,-1,1,-1,1,-1,-1,-1,-1,"d","D","D","D","d","D","D","d","D","d","D","d","d","D","D","D","D","D","D","D","d","d","d","D","D","D","D","d","d","D","D","D","D","d","d","D","D","d","d","d","D","D","d","D","D","d","d","d","d",0.165402989472913
93,23,1,"aA",1,"BB",2,"CC",2,2145,648,-1,-1,-1,-1,-1,-1,1,-1,-1,-1,"d","D","D","D","D","d","d","d","d","d","D","D","D","D","d","d","d","D","D","D","D","D","D","D","D","D","D","d","d","D","D","d","d","d","D","D","d","d","D","D","D","d","D","d","d","D","d","d","d",1.00761160189852
95,23,2,"AA",2,"BB",2,"CC",2,733,163,1,-1,-1,-1,-1,1,-1,-1,-1,1,"d","D","d","D","D","d","D","D","D","d","D","D","D","D","d","D","d","D","D","d","D","d","d","d","D","D","D","d","d","D","D","D","d","D","D","D","d","d","d","d","D","d","d","D","d","D","d","d","d",-0.418892109022622
99,23,3,"aA",1,"bB",1,"cc",0,2163,790,-1,-1,1,1,-1,1,-1,1,1,-1,"d","D","d","D","D","d","d","d","d","D","d","D","D","D","d","D","D","D","D","D","D","d","D","D","d","D","D","d","d","d","D","D","d","d","d","D","d","d","d","D","d","d","d","d","D","D","D","d","d",-0.180996543230893
105,23,4,"Aa",1,"bb",0,"cC",1,933,2450,1,1,1,1,1,-1,1,1,1,-1,"D","D","d","d","D","d","d","D","D","D","d","d","d","D","d","D","d","d","D","D","d","d","D","D","D","d","D","d","d","D","D","d","D","D","D","D","D","d","d","d","d","d","D","D","d","d","d","d","d",-0.270750116096557
97,23,5,"aA",1,"Bb",1,"CC",2,1455,625,-1,-1,-1,-1,1,-1,-1,1,1,-1,"D","d","D","D","D","D","D","d","D","d","d","D","d","d","D","D","d","D","D","D","d","d","d","D","D","D","D","d","d","D","d","D","d","D","d","D","D","d","d","D","d","d","D","d","D","D","d","d","d",1.42305233679166
90,23,6,"aA",1,"bB",1,"cC",1,1555,907,-1,-1,-1,-1,1,-1,-1,-1,-1,-1,"d","d","D","D","D","d","d","d","d","D","D","d","d","d","d","d","D","d","D","D","d","d","D","D","D","D","D","d","d","D","D","D","d","D","d","d","D","D","D","D","d","d","D","D","d","d","d","D","d",-1.14623012053077
89,23,7,"aA",1,"Bb",1,"cC",1,971,66,-1,-1,-1,-1,-1,-1,-1,-1,-1,-1,"d","D","d","D","D","d","D","d","D","d","d","d","D","D","D","d","d","d","D","d","D","d","d","D","d","D","D","d","d","d","D","D","d","D","D","D","d","D","D","D","d","d","d","d","d","d","d","d","d",-0.127913840692738
98,23,8,"aa",0,"BB",2,"Cc",1,1609,2418,-1,-1,-1,-1,1,1,1,1,-1,-1,"d","D","d","D","D","D","d","d","d","d","D","d","d","d","d","d","D","D","D","D","d","D","d","D","D","D","D","d","d","D","D","D","d","d","D","D","D","d","D","D","d","d","D","D","D","d","d","d","d",0.935126316238198
95,23,9,"aA",1,"bB",1,"Cc",1,1539,1300,-1,-1,-1,-1,-1,1,1,1,-1,-1,"d","D","D","D","D","D","d","D","d","D","D","d","D","d","D","D","D","D","D","d","D","D","d","D","D","D","D","D","D","d","d","D","D","D","D","D","d","D","D","d","d","d","D","D","d","D","D","d","d",-0.903052987212476
93,23,10,"aA",1,"BB",2,"Cc",1,1562,1490,-1,-1,1,-1,-1,-1,-1,-1,-1,-1,"d","d","D","d","D","D","d","D","d","D","D","D","D","D","d","D","D","D","D","D","d","d","D","D","D","D","d","D","d","D","d","d","D","D","D","D","D","D","d","D","D","d","D","d","d","D","d","D","D",1.31761102754507
99,23,11,"aa",0,"Bb",1,"Cc",1,1377,1716,1,-1,1,1,-1,1,1,-1,-1,-1,"d","D","D","d","D","d","d","D","d","D","d","D","d","D","d","D","d","D","d","D","D","d","D","D","d","D","D","d","d","d","D","D","D","d","D","D","D","d","D","D","d","D","d","d","D","d","d","d","d",-0.83260827112411
98,23,12,"aa",0,"BB",2,"cC",1,917,936,1,-1,-1,-1,-1,-1,1,-1,1,-1,"d","D","d","d","D","d","d","d","d","D","D","D","d","D","d","d","D","D","D","D","D","d","d","D","D","D","D","D","D","D","D","D","D","D","D","D","d","d","D","D","D","D","D","d","d","d","d","d","d",2.09438525258772
97,23,13,"aA",1,"bb",0,"Cc",1,15,718,-1,1,-1,-1,-1,-1,1,1,-1,1,"d","D","d","D","d","d","D","d","d","d","D","d","d","d","D","d","D","D","D","D","d","D","d","D","D","D","D","D","d","d","D","D","D","D","D","d","d","d","d","d","d","D","D","d","d","d","d","D","D",-0.806057670151921
93,23,14,"AA",2,"Bb",1,"cC",1,2359,1453,1,-1,-1,-1,-1,-1,-1,1,-1,-1,"d","d","D","D","d","d","d","d","d","d","D","d","d","d","D","d","d","D","D","D","D","d","d","D","D","D","D","d","d","d","D","d","D","D","D","D","d","d","D","d","d","d","D","D","d","d","D","d","d",-0.975049433273804
95,23,15,"Aa",1,"bb",0,"CC",2,1556,1205,-1,-1,1,-1,-1,-1,1,1,-1,-1,"D","d","D","D","D","d","D","d","d","D","D","d","D","d","d","d","d","d","D","D","d","d","D","d","d","D","d","d","d","D","D","d","d","D","d","D","d","D","D","d","D","d","d","d","d","D","d","d","d",-0.53788944555176
99,23,16,"aa",0,"BB",2,"CC",2,2373,62,-1,1,-1,-1,-1,1,1,1,-1,-1,"D","D","d","D","D","d","d","d","d","d","D","D","d","d","D","d","d","D","D","D","d","D","d","D","D","D","D","d","d","D","D","d","D","D","d","D","D","d","D","d","d","d","D","d","d","d","D","D","d",1.4486796062142
104,23,17,"aA",1,"Bb",1,"Cc",1,2194,1149,-1,1,1,1,-1,1,1,1,1,1,"D","D","D","D","d","D","d","D","d","d","D","d","D","d","d","d","D","D","d","d","D","d","d","D","D","D","D","d","d","D","D","D","D","D","D","d","D","d","d","D","d","D","d","D","D","D","D","d","d",-1.42391698829119
93,23,18,"aA",1,"BB",2,"cC",1,1549,1388,-1,-1,1,-1,-1,-1,-1,-1,-1,-1,"d","D","D","D","D","d","d","d","d","D","d","D","D","D","d","D","D","d","D","d","D","d","d","D","d","D","D","d","d","d","D","D","D","D","D","D","D","D","D","D","D","D","d","d","D","d","d","d","d",1.3445697807434
106,23,19,"aA",1,"bB",1,"cC",1,841,586,1,-1,-1,1,1,1,1,1,1,1,"d","d","d","D","d","d","d","D","D","D","D","D","D","D","d","D","d","D","D","D","D","D","d","d","d","D","D","D","d","D","d","D","D","D","D","d","D","D","d","d","D","D","d","d","d","d","d","d","d",0.644880263286826
89,23,20,"AA",2,"BB",2,"Cc",1,2349,747,-1,-1,-1,1,-1,-1,-1,-1,-1,-1,"d","d","d","d","D","d","D","D","d","d","d","D","D","d","d","d","D","D","D","d","d","d","D","D","D","D","D","d","d","D","D","D","D","D","D","D","D","d","D","d","D","D","D","D","d","d","D","d","d",-2.21485349883592
100,23,21,"Aa",1,"Bb",1,"CC",2,2127,220,-1,-1,1,1,-1,1,1,1,-1,-1,"D","d","D","D","d","d","D","d","d","D","d","D","d","d","d","d","D","D","D","d","d","d","D","d","D","D","D","d","D","D","D","D","D","D","d","D","D","D","D","d","D","d","d","d","d","d","D","d","d",0.281796556390686
98,23,22,"AA",2,"BB",2,"cC",1,1549,1662,-1,-1,1,-1,1,-1,1,1,-1,-1,"d","d","D","D","D","d","d","d","d","D","D","D","d","d","d","D","D","d","d","d","D","d","d","D","D","D","D","d","d","d","d","D","d","D","D","D","D","D","d","D","d","D","d","d","D","D","D","d","d",0.536568946342798
98,23,24,"aA",1,"bB",1,"cc",0,2036,227,-1,-1,1,1,-1,-1,1,-1,-1,-1,"d","D","D","D","D","d","D","d","d","d","D","D","D","d","d","D","D","d","D","D","d","d","d","D","D","D","D","d","d","D","D","d","D","D","d","D","D","D","d","d","D","d","d","d","D","d","d","D","d",2.04876897608012
89,23,25,"aA",1,"bb",0,"cc",0,1763,2109,-1,-1,-1,-1,-1,-1,-1,1,-1,-1,"D","d","d","D","D","d","d","D","d","D","d","d","D","d","D","D","D","D","d","d","d","d","d","D","D","D","D","d","d","D","D","d","d","d","D","D","D","D","D","D","D","d","D","D","D","D","D","d","d",-2.98507623131737
96,23,26,"aa",0,"BB",2,"cC",1,1295,1197,-1,1,-1,-1,1,-1,1,-1,-1,-1,"D","D","D","D","d","d","D","d","D","d","D","D","D","d","d","d","D","D","d","d","D","d","d","D","D","d","D","d","d","D","D","D","d","d","D","D","D","D","d","D","D","d","d","d","D","d","d","d","d",0.566292410376809
103,23,27,"aA",1,"BB",2,"Cc",1,1151,293,1,1,1,1,-1,-1,1,1,-1,-1,"D","D","D","D","D","d","D","d","d","D","D","D","d","d","d","D","d","D","D","D","d","d","D","D","D","D","D","d","d","D","D","D","D","D","D","D","D","D","d","d","D","D","d","d","d","d","d","d","D",1.88249963004329
91,23,28,"aa",0,"bb",0,"CC",2,1221,1711,-1,-1,-1,-1,-1,-1,-1,1,-1,-1,"D","D","d","D","D","d","D","d","D","D","D","D","d","d","d","d","D","D","d","d","d","D","d","D","d","D","D","d","d","D","d","D","D","D","D","D","D","D","d","d","D","d","d","D","d","d","d","d","d",-0.520777828407003
92,23,29,"aA",1,"Bb",1,"CC",2,1388,2333,-1,-1,-1,-1,-1,-1,1,1,-1,-1,"D","D","d","D","D","d","d","d","D","D","D","D","d","d","D","D","d","D","D","D","D","d","d","d","D","D","d","d","D","D","D","D","D","D","D","d","d","D","D","D","d","d","d","d","d","d","D","d","d",-1.91638340981509
100,23,30,"aa",0,"bB",1,"CC",2,967,126,-1,-1,1,1,1,1,1,-1,-1,-1,"d","D","D","D","D","D","D","d","d","d","D","D","d","d","D","d","d","D","d","D","D","D","d","D","D","D","D","D","d","D","D","d","d","D","D","D","D","D","d","d","d","d","d","d","d","d","D","d","D",0.36065474085981
96,23,31,"Aa",1,"BB",2,"CC",2,723,1418,-1,-1,1,-1,-1,-1,-1,-1,1,-1,"d","D","d","D","D","D","d","D","d","d","d","d","d","d","d","D","D","D","d","D","d","d","d","D","D","D","D","d","d","d","D","d","d","D","D","d","d","d","d","d","d","d","d","d","d","d","d","d","D",2.24816453484422
99,23,32,"aa",0,"bb",0,"CC",2,218,1749,-1,-1,-1,-1,-1,1,-1,1,-1,1,"d","D","D","D","D","D","d","d","d","D","D","d","d","d","d","D","d","d","D","D","d","d","D","D","D","D","D","d","d","D","D","d","D","D","D","d","D","d","d","D","D","D","d","D","d","D","d","d","D",3.63468054252045
93,23,33,"aA",1,"bb",0,"Cc",1,1499,475,-1,-1,-1,-1,-1,1,-1,-1,-1,-1,"d","D","D","D","D","d","d","d","D","D","D","D","D","d","D","d","D","D","D","D","D","D","d","D","D","D","D","d","d","D","D","d","d","D","D","d","D","D","d","D","d","D","d","d","d","D","d","D","d",1.43176734110576
107,23,34,"aa",0,"Bb",1,"CC",2,499,1304,-1,1,1,1,1,1,1,1,1,1,"d","D","d","D","D","d","D","D","d","D","D","D","D","d","d","D","D","D","D","d","d","D","D","D","D","d","D","D","d","d","d","d","d","d","D","d","D","D","D","d","d","d","D","D","d","d","D","d","d",-0.219780104201465
97,23,35,"aA",1,"Bb",1,"cc",0,749,1496,-1,-1,1,-1,-1,-1,1,1,-1,-1,"d","D","D","d","D","d","d","d","D","D","D","D","D","d","D","d","D","D","D","d","D","d","D","D","D","D","D","d","d","D","d","d","D","D","D","D","D","D","d","D","D","d","d","D","d","d","D","d","D",1.28899694992086
93,23,36,"Aa",1,"BB",2,"Cc",1,101,896,-1,-1,-1,-1,-1,-1,-1,1,1,-1,"d","D","D","D","d","d","d","d","D","D","D","D","d","d","d","d","D","D","d","D","d","D","d","D","D","D","D","d","d","D","D","d","D","D","D","D","D","D","d","d","d","D","d","d","D","D","d","d","d",-0.45531791214886
103,23,37,"AA",2,"Bb",1,"Cc",1,585,1547,1,-1,1,1,-1,-1,1,1,1,1,"D","D","d","D","D","d","d","d","D","d","d","D","D","D","d","d","d","D","D","D","D","d","d","d","D","D","d","d","d","d","D","D","d","D","d","D","D","D","d","D","d","d","D","D","d","d","D","D","D",-0.447416075546965
97,23,38,"AA",2,"bB",1,"Cc",1,812,136,-1,-1,1,1,1,-1,1,-1,-1,1,"D","d","D","d","D","D","d","d","d","d","D","d","d","d","d","d","d","D","D","d","d","D","D","D","D","D","D","d","d","d","D","D","D","D","D","D","D","D","D","d","d","d","D","d","d","D","d","d","d",-2.87409118499322
100,23,39,"aa",0,"Bb",1,"CC",2,949,812,-1,-1,-1,-1,1,1,1,-1,1,-1,"d","D","d","D","D","D","d","d","d","d","D","D","D","d","d","d","d","D","D","D","d","d","D","D","D","D","D","d","d","D","d","d","D","d","D","D","D","d","D","D","d","d","D","d","d","D","D","d","d",2.34433313610803
95,23,40,"Aa",1,"Bb",1,"cC",1,2408,1816,-1,-1,1,-1,-1,1,-1,1,-1,-1,"D","d","d","D","D","d","D","d","d","D","D","D","D","d","D","d","d","D","D","D","D","d","D","D","D","D","D","d","d","D","d","d","d","D","d","D","D","D","D","D","d","D","D","D","d","D","d","d","d",-0.191575338399259
92,23,41,"Aa",1,"Bb",1,"Cc",1,1615,1674,-1,1,-1,-1,-1,-1,-1,-1,-1,-1,"d","D","D","D","D","d","d","d","D","d","D","d","D","d","d","D","D","D","d","d","D","d","d","D","D","D","D","d","D","d","d","D","D","D","d","D","d","d","d","D","d","d","d","d","d","d","D","D","d",0.492057878732294
90,23,42,"Aa",1,"bB",1,"cC",1,952,2187,-1,-1,-1,-1,1,-1,-1,-1,-1,-1,"D","d","d","d","D","d","d","d","d","D","d","D","D","d","d","D","d","d","d","d","d","D","d","D","D","D","D","d","d","D","D","d","D","d","d","D","d","d","d","D","d","d","d","d","d","D","d","d","d",-1.14851516482817
94,23,43,"AA",2,"bB",1,"cC",1,350,1324,-1,-1,1,-1,1,-1,-1,-1,1,-1,"d","d","D","d","D","D","d","d","D","d","d","D","d","d","d","d","D","D","D","d","D","d","D","D","D","D","D","d","d","D","D","d","D","D","D","d","d","d","D","D","d","D","D","d","d","D","d","d","d",-1.64943523223565
101,23,44,"aA",1,"bb",0,"cc",0,2256,2045,-1,1,1,-1,1,-1,-1,1,-1,1,"D","D","d","D","D","d","d","d","d","D","D","D","D","d","d","D","d","D","D","D","D","d","D","D","D","D","D","d","d","D","d","D","D","D","D","d","D","d","D","d","d","D","d","D","d","d","d","d","D",1.73372195776999
103,23,45,"aA",1,"BB",2,"cC",1,111,1575,-1,1,1,1,1,1,1,1,1,-1,"D","D","D","D","D","D","D","d","d","D","d","D","d","d","d","D","d","D","D","d","d","d","d","d","D","D","D","d","d","D","D","d","D","D","D","d","D","d","d","D","D","D","d","D","d","d","d","d","d",-2.63185357285154
104,23,46,"aa",0,"bB",1,"Cc",1,1244,1770,1,-1,-1,1,1,1,1,1,-1,1,"d","d","D","D","d","d","d","d","d","d","D","d","D","d","d","d","d","D","D","d","d","D","D","D","D","D","D","D","d","D","D","d","d","D","D","D","D","d","d","D","d","D","d","d","D","D","d","D","d",0.335616367824814
96,23,47,"AA",2,"bb",0,"Cc",1,1158,817,-1,1,-1,1,1,-1,1,-1,-1,-1,"D","D","D","D","D","d","D","D","d","D","D","D","D","d","d","D","d","D","D","D","d","D","d","D","D","D","D","d","d","D","D","d","D","D","D","D","d","d","d","d","d","d","D","D","D","d","d","d","d",-1.3346246540725
95,23,48,"AA",2,"bB",1,"cC",1,1359,696,1,-1,1,-1,-1,-1,-1,1,-1,-1,"D","d","D","d","D","D","D","d","D","D","D","d","d","d","d","d","d","D","D","D","d","d","d","D","d","D","D","d","d","D","d","d","d","D","d","D","D","D","D","D","D","d","D","D","d","d","D","D","D",-0.302465107141082
95,23,49,"Aa",1,"bB",1,"CC",2,272,21,-1,-1,-1,1,-1,1,1,1,-1,-1,"D","D","d","D","D","d","d","d","d","d","d","D","D","d","d","d","d","D","D","d","D","D","d","D","D","D","D","d","d","D","d","d","d","d","d","D","D","D","D","d","D","D","D","d","D","d","D","d","d",-2.4781287084838
95,23,50,"aA",1,"bb",0,"CC",2,2200,399,-1,-1,-1,1,1,-1,1,1,-1,-1,"d","D","D","D","D","D","d","d","d","d","D","d","d","D","D","d","D","D","D","d","d","D","D","d","D","D","D","d","D","d","D","d","d","D","D","d","D","d","D","D","D","d","D","D","d","D","d","d","d",-2.42288759226911
104,24,1,"aa",0,"bB",1,"cC",1,46,967,1,-1,1,1,1,1,1,1,-1,-1,"D","d","D","D","D","D","D","d","d","D","d","D","d","d","D","D","d","d","D","d","D","d","D","D","D","D","D","d","d","D","D","D","D","d","D","D","D","d","d","D","d","d","D","d","d","d","d","D","d",0.204955903117353
102,24,2,"aA",1,"bB",1,"CC",2,1227,940,-1,-1,-1,1,1,1,1,1,-1,1,"d","d","d","D","d","d","D","d","d","D","D","D","d","d","D","D","D","D","d","d","D","d","D","D","D","D","D","d","d","D","D","d","D","D","D","d","D","d","D","D","d","d","D","d","D","D","D","d","d",0.40509808990007
97,24,3,"Aa",1,"BB",2,"cc",0,2082,1530,-1,-1,1,-1,1,1,-1,1,-1,-1,"D","D","D","d","d","D","d","D","d","d","D","d","d","d","D","d","D","D","D","d","D","D","d","D","d","D","D","D","D","D","D","D","D","d","D","D","d","D","D","D","d","d","D","d","d","d","d","D","d",-0.359966788206062
105,24,4,"aa",0,"bb",0,"Cc",1,707,2345,1,-1,1,1,1,1,1,1,-1,1,"D","D","D","D","D","d","d","D","d","D","d","d","D","d","d","D","D","D","D","d","d","d","d","d","D","D","D","d","d","D","D","D","D","D","D","D","D","d","d","d","D","d","d","d","d","d","D","D","d",-0.185398656177755
94,24,5,"AA",2,"bb",0,"cC",1,2268,2450,-1,1,1,-1,1,-1,1,-1,-1,-1,"D","d","d","D","D","d","d","d","D","d","d","d","d","D","d","D","d","D","D","D","d","d","d","D","d","D","D","d","d","d","D","D","D","D","D","d","D","D","d","d","d","d","D","D","d","d","d","d","d",-3.83539109466964
103,24,6,"aA",1,"Bb",1,"CC",2,1540,862,1,-1,1,-1,1,1,1,1,-1,1,"d","D","D","D","D","d","d","d","d","d","D","D","D","d","d","d","d","D","D","D","d","d","d","d","D","D","D","D","d","d","d","d","D","D","D","d","D","D","d","D","D","D","d","D","D","d","d","d","d",-0.507934729551494
104,24,7,"Aa",1,"BB",2,"CC",2,299,379,-1,1,-1,1,1,1,1,1,-1,1,"d","D","d","D","D","d","d","D","D","D","D","D","d","d","d","D","D","D","d","d","D","D","d","D","d","D","d","d","d","d","d","D","D","D","D","d","d","D","d","d","d","D","d","d","D","d","D","d","d",0.368585788113086
97,24,8,"AA",2,"Bb",1,"cC",1,2399,357,-1,-1,-1,-1,1,1,1,1,-1,-1,"D","D","D","D","D","d","d","d","d","D","D","d","d","d","D","D","D","D","D","d","D","D","d","D","d","D","D","d","d","D","D","d","D","d","D","d","d","d","d","d","d","d","d","D","d","d","d","d","d",-0.435907840517279
102,24,9,"aA",1,"bb",0,"Cc",1,341,1137,-1,1,-1,1,1,1,1,1,-1,1,"d","d","d","D","D","d","d","d","d","d","D","D","D","d","D","d","D","D","D","d","d","d","d","D","D","d","D","d","d","D","D","D","D","d","D","D","D","D","d","D","D","d","d","D","D","d","d","D","d",-1.35301144368796
97,24,10,"aA",1,"Bb",1,"cc",0,1953,1397,-1,1,1,-1,1,-1,1,-1,-1,-1,"D","D","d","d","D","D","d","d","d","D","d","d","d","d","d","D","D","D","D","D","D","d","D","D","D","D","D","d","D","D","D","D","D","d","d","D","D","d","D","d","d","D","d","D","D","d","d","d","d",-0.330217575926959
95,24,11,"aa",0,"BB",2,"CC",2,104,1644,-1,-1,-1,1,-1,-1,1,1,1,-1,"d","d","D","D","d","D","d","d","d","D","d","d","D","d","d","d","D","D","D","d","d","d","D","D","D","D","D","d","d","d","D","D","D","D","D","D","D","D","d","D","D","d","d","D","D","d","d","d","d",-2.79042845263789
101,24,12,"aA",1,"Bb",1,"cc",0,1109,619,-1,1,-1,1,1,1,-1,1,-1,-1,"d","D","D","D","D","d","d","d","d","D","D","D","D","d","D","d","d","d","D","D","d","d","d","D","D","D","D","d","d","D","d","d","d","D","D","D","D","D","d","D","d","d","D","d","D","d","d","D","d",1.34693838417083
89,24,13,"aa",0,"Bb",1,"cc",0,1621,1686,-1,-1,-1,-1,1,-1,-1,-1,-1,-1,"D","D","D","D","D","D","d","d","d","d","D","D","d","d","D","d","d","D","d","d","d","D","d","D","D","D","D","d","d","d","D","D","d","D","d","d","D","D","D","D","D","d","D","d","d","d","d","d","D",-2.96481564172592
92,24,14,"Aa",1,"Bb",1,"Cc",1,1361,1442,-1,-1,-1,-1,1,-1,-1,-1,-1,-1,"D","D","D","D","D","d","d","d","d","d","D","d","D","D","d","d","d","d","D","d","D","D","D","D","D","D","D","d","D","d","D","D","D","D","D","d","D","d","D","d","d","D","d","D","D","d","D","d","d",0.48210111817418
94,24,15,"Aa",1,"bB",1,"cC",1,1260,290,-1,-1,1,1,-1,1,1,-1,-1,-1,"d","D","D","D","D","d","D","d","D","D","D","D","d","d","d","d","d","D","D","D","D","d","D","D","D","D","D","d","d","d","D","d","D","D","D","D","D","d","D","d","D","d","d","d","D","d","D","d","d",-3.88342874261201
91,24,16,"Aa",1,"Bb",1,"CC",2,169,2463,-1,-1,-1,-1,1,-1,-1,1,-1,-1,"D","D","D","d","d","d","d","d","D","D","D","d","d","D","d","D","D","D","D","d","D","d","d","D","D","D","D","d","D","D","D","D","D","D","d","d","D","D","D","d","d","D","d","d","d","d","D","d","d",-2.57470872498154
104,24,17,"aA",1,"Bb",1,"cc",0,921,760,-1,1,1,-1,-1,1,1,1,-1,1,"D","d","D","D","D","D","D","d","d","d","d","D","d","d","d","D","D","D","D","d","D","D","d","D","D","D","D","d","d","D","D","D","D","D","D","D","d","D","D","d","D","D","d","d","d","d","d","D","D",2.21707157498835
91,24,18,"AA",2,"BB",2,"Cc",1,333,1027,-1,-1,-1,-1,-1,-1,1,-1,-1,-1,"D","d","d","D","D","d","d","D","d","D","D","D","D","D","d","D","d","D","d","D","d","D","D","D","D","D","D","D","d","D","D","D","D","d","D","d","D","d","d","D","d","D","D","D","D","d","D","D","D",-0.800863055329758
103,24,19,"Aa",1,"Bb",1,"cc",0,1192,1082,-1,-1,1,1,1,1,1,-1,-1,1,"D","D","d","D","D","d","d","D","D","d","d","D","d","d","D","d","D","d","D","D","d","d","D","D","d","D","d","d","d","D","d","D","D","d","d","d","D","d","D","d","D","d","d","d","d","D","d","D","d",1.55639024353259
96,24,20,"aA",1,"Bb",1,"cc",0,168,773,1,-1,1,-1,1,-1,-1,-1,-1,-1,"D","D","d","D","D","d","D","D","D","D","D","D","d","d","D","D","D","D","D","d","d","d","D","D","D","D","D","d","d","D","D","D","D","D","D","D","d","D","D","d","D","d","d","d","d","D","d","D","D",0.537134874269271
105,24,21,"aA",1,"BB",2,"Cc",1,1209,531,1,1,1,1,-1,1,1,-1,1,-1,"d","D","d","D","D","d","d","d","D","D","D","d","D","D","d","d","D","d","D","d","d","D","D","D","D","D","D","d","d","D","d","d","d","d","D","D","D","d","D","D","d","D","D","D","D","d","D","d","D",1.21034412683125
91,24,22,"Aa",1,"BB",2,"CC",2,612,566,-1,-1,1,1,-1,-1,-1,-1,-1,-1,"D","D","D","D","D","d","D","d","d","d","d","D","D","D","D","D","d","D","D","d","D","D","d","D","D","D","D","d","d","D","D","d","d","D","D","d","d","d","D","d","D","D","d","D","d","d","d","d","D",-2.06248395601086
101,24,23,"Aa",1,"bB",1,"Cc",1,1695,1325,1,-1,-1,1,-1,1,-1,-1,1,1,"d","D","D","D","d","D","d","d","d","d","d","D","d","D","d","d","D","D","D","D","D","d","D","D","D","D","D","d","d","d","D","D","D","d","D","D","D","d","d","D","D","d","d","d","d","D","d","d","D",1.26383597128243
95,24,25,"aA",1,"bB",1,"CC",2,455,950,-1,-1,-1,-1,1,1,-1,-1,-1,-1,"D","D","d","d","D","d","d","d","d","D","D","D","d","d","D","d","D","D","D","D","d","d","D","D","D","D","D","D","d","d","D","d","d","d","d","D","D","d","d","D","D","d","d","d","d","d","D","d","D",1.40507238121734
104,24,26,"aA",1,"bB",1,"cC",1,1036,1955,1,1,-1,1,-1,1,-1,1,1,1,"D","d","d","D","D","d","D","d","d","D","d","d","D","D","d","d","d","d","D","D","D","D","D","D","D","D","D","d","d","d","d","d","d","D","D","D","d","d","D","D","D","d","d","D","d","d","d","d","d",0.31255397456326
91,24,27,"aa",0,"BB",2,"CC",2,1092,1736,-1,1,-1,-1,-1,-1,-1,-1,-1,-1,"D","D","d","D","D","d","D","d","d","d","D","D","d","d","d","d","D","D","D","d","D","d","D","d","D","D","d","d","d","d","D","D","d","d","D","D","D","d","d","d","d","d","d","d","d","D","d","d","D",-0.656959589075471
102,24,28,"aa",0,"Bb",1,"cC",1,2429,1761,1,1,1,1,-1,1,-1,1,-1,-1,"D","d","D","D","D","d","D","d","d","D","d","D","d","D","d","d","D","D","D","D","d","D","D","D","d","D","D","D","d","d","d","D","D","D","D","d","D","d","d","D","d","D","d","D","d","D","d","d","d",0.721225188038906
105,24,29,"aa",0,"bb",0,"cC",1,573,1869,-1,1,1,1,-1,1,1,1,1,-1,"D","D","D","D","D","D","D","d","d","D","D","d","d","d","D","d","D","d","d","D","d","d","d","d","D","d","D","d","d","D","D","D","D","D","D","D","D","d","D","d","d","D","D","d","D","d","D","D","d",1.45326670891241
94,24,30,"Aa",1,"Bb",1,"Cc",1,1920,557,-1,-1,1,-1,-1,-1,1,-1,-1,1,"D","D","D","D","D","d","d","D","d","d","D","d","d","D","d","D","d","D","d","d","d","d","d","D","D","D","D","d","d","D","D","D","d","D","D","D","D","D","D","D","d","D","D","D","d","d","d","d","d",-1.68017134662677
91,24,31,"AA",2,"BB",2,"CC",2,1649,1482,-1,-1,-1,-1,-1,-1,-1,1,-1,-1,"d","D","d","D","d","d","D","D","d","d","D","D","D","d","d","D","d","D","D","d","d","d","d","D","D","D","D","d","d","D","D","D","d","D","D","D","D","d","D","d","d","d","D","D","d","d","D","D","d",-0.8935737239787
106,24,32,"Aa",1,"bb",0,"CC",2,1311,2457,1,1,1,1,1,1,1,1,-1,-1,"D","D","D","D","D","D","d","D","D","D","D","d","D","d","d","d","d","D","D","D","D","d","D","D","D","D","D","d","d","d","D","d","d","D","D","d","D","D","D","D","d","d","d","d","d","d","D","d","d",0.102572556707551
102,24,33,"aA",1,"bb",0,"cC",1,1581,886,-1,1,1,-1,1,1,1,1,-1,-1,"d","d","D","D","D","D","d","d","d","D","D","d","d","d","d","d","d","d","D","D","d","d","d","D","D","D","D","d","d","D","D","d","D","D","D","D","D","D","d","d","D","d","D","D","D","D","d","D","D",0.794971724759633
100,24,34,"aA",1,"bb",0,"cc",0,1090,2078,-1,1,1,1,-1,-1,1,1,-1,1,"D","d","D","D","D","d","d","D","d","D","D","D","d","D","D","d","d","D","d","D","d","D","D","d","D","D","D","d","d","D","d","D","D","D","D","D","d","d","D","d","d","d","d","d","d","d","d","D","d",-1.3364523901291
103,24,35,"aa",0,"bb",0,"cC",1,888,241,-1,-1,-1,1,1,1,1,1,1,-1,"d","D","d","D","D","D","d","D","d","D","D","D","d","d","d","d","d","D","D","D","D","d","d","D","D","D","D","d","d","d","D","d","D","D","D","D","D","D","D","d","d","D","d","D","d","d","d","d","d",1.35723877547846
106,24,36,"aA",1,"Bb",1,"CC",2,1888,1741,1,1,1,1,1,1,1,1,1,-1,"D","d","D","D","D","D","D","D","d","D","D","D","D","d","d","d","d","D","d","D","d","D","D","D","D","D","D","d","d","d","D","d","D","D","D","D","D","D","D","D","D","D","d","d","d","d","d","D","d",-1.97030655501814
101,24,37,"aA",1,"BB",2,"Cc",1,82,190,-1,1,-1,1,1,1,1,-1,-1,1,"D","D","D","D","d","d","D","d","d","D","D","d","D","D","D","d","D","d","D","D","D","d","d","D","d","D","D","d","d","D","D","D","D","D","D","D","D","D","d","d","d","d","d","D","D","D","D","d","D",-0.753073539603462
105,24,38,"aa",0,"Bb",1,"cc",0,646,1168,1,1,1,1,1,1,1,-1,-1,-1,"D","d","d","d","D","d","D","D","D","D","d","D","D","d","d","d","d","D","D","D","D","d","d","D","D","d","D","d","d","d","d","d","D","D","D","D","D","D","d","D","d","D","D","d","d","D","d","d","D",1.12065940187243
102,24,39,"Aa",1,"bb",0,"cC",1,175,85,-1,1,-1,-1,1,1,1,1,1,-1,"d","d","d","D","D","d","D","D","d","d","D","D","D","d","d","D","d","D","D","d","D","d","D","d","D","D","D","d","d","D","D","d","D","D","D","D","D","D","D","d","D","D","D","d","D","d","D","d","d",0.258580366435963
107,24,40,"aa",0,"bB",1,"Cc",1,1321,1993,1,1,1,-1,1,1,1,1,1,-1,"D","D","d","D","d","d","d","D","d","D","d","d","D","d","d","d","D","D","D","d","D","d","d","D","d","D","D","d","d","D","d","D","d","D","D","D","D","D","D","D","D","d","D","d","D","D","D","d","d",1.18709811157871
93,24,41,"aA",1,"Bb",1,"cc",0,1177,2403,-1,-1,-1,-1,1,-1,1,-1,-1,-1,"D","d","d","D","D","d","D","d","D","D","D","d","d","d","D","d","D","D","d","D","D","d","D","D","D","D","D","d","d","d","D","d","D","d","D","D","D","d","D","D","d","d","d","d","d","d","d","d","d",-0.516031011159567
94,24,42,"aa",0,"BB",2,"cC",1,1909,1087,-1,-1,1,-1,-1,-1,1,1,-1,-1,"d","D","d","D","d","D","D","D","d","d","d","D","D","d","D","d","d","D","d","D","d","D","d","D","D","D","D","d","d","D","D","D","D","D","d","D","D","d","d","D","d","d","D","D","D","D","d","d","D",-1.12775000145377
89,24,43,"Aa",1,"Bb",1,"CC",2,2363,1617,-1,-1,-1,-1,-1,-1,-1,-1,-1,-1,"d","d","D","d","D","d","d","d","d","d","D","d","D","D","d","d","D","D","D","D","D","d","d","D","D","D","D","d","d","d","d","D","d","D","D","D","D","D","D","D","d","D","d","D","d","D","d","d","d",-0.225579371593062
101,24,44,"Aa",1,"bB",1,"Cc",1,423,2418,1,-1,-1,1,-1,1,1,1,-1,1,"D","d","d","d","D","D","d","d","d","D","d","D","d","d","d","d","d","d","D","d","d","D","d","D","d","D","D","d","d","D","D","d","d","D","D","D","D","d","D","d","d","d","d","D","D","d","d","d","d",-0.901448463498546
102,24,45,"aa",0,"bB",1,"CC",2,1661,471,1,-1,1,1,1,1,1,1,-1,1,"d","d","D","D","D","d","D","d","d","D","d","D","d","d","d","d","D","D","D","D","d","d","d","D","D","D","D","D","d","d","d","D","D","D","D","d","D","D","D","d","D","D","D","d","D","d","d","d","d",-3.4181258646589
99,24,46,"aA",1,"BB",2,"Cc",1,158,1094,-1,-1,1,-1,-1,-1,-1,1,1,-1,"d","D","D","D","d","d","d","d","d","d","D","d","D","D","d","d","D","d","D","d","d","D","D","D","D","D","D","D","D","D","d","D","d","d","d","D","D","d","D","d","d","d","D","D","d","D","D","D","d",3.72342459218959
93,24,47,"Aa",1,"BB",2,"cC",1,865,1804,-1,-1,-1,-1,1,-1,-1,-1,-1,-1,"d","D","D","D","d","d","D","d","D","D","D","D","D","D","D","D","d","D","D","D","d","D","D","d","D","D","D","d","d","d","d","D","d","d","d","D","D","D","D","d","d","d","d","D","d","d","d","D","d",1.88615365901285
103,24,48,"aa",0,"bB",1,"cC",1,1478,935,1,-1,1,1,1,1,1,-1,-1,-1,"d","D","D","d","D","D","D","d","d","D","d","d","D","D","d","D","d","D","D","D","d","d","D","D","D","D","D","d","d","D","D","d","D","D","D","D","D","d","d","d","D","D","d","D","d","D","d","D","D",1.46767227123558
106,24,49,"aA",1,"Bb",1,"cc",0,2253,1391,1,1,1,-1,1,1,1,1,-1,-1,"d","D","D","D","D","D","d","d","d","D","D","D","d","D","D","d","d","D","D","d","D","d","D","D","D","d","D","d","d","D","D","d","d","D","D","D","d","D","d","d","D","d","D","D","D","d","d","D","d",2.68393618545087
95,24,50,"aa",0,"BB",2,"cC",1,1191,698,-1,-1,1,1,1,-1,-1,-1,-1,-1,"D","D","D","d","D","d","D","d","d","D","D","D","d","D","d","D","D","D","d","d","d","d","D","D","D","D","D","d","d","d","d","d","D","d","D","D","D","d","D","d","D","D","d","D","d","D","D","d","D",-0.40477925423625
96,25,1,"AA",2,"Bb",1,"CC",2,167,486,1,1,-1,1,-1,-1,-1,1,-1,-1,"D","D","D","d","D","d","D","d","d","D","D","d","D","d","d","D","D","D","D","d","D","d","d","D","D","D","D","d","D","D","d","d","D","d","D","d","d","D","d","d","D","d","D","D","d","d","d","d","d",-1.13879849893311
102,25,2,"aA",1,"Bb",1,"CC",2,94,1162,1,-1,-1,1,1,-1,1,1,1,-1,"d","d","D","D","D","d","D","d","d","D","D","D","d","d","d","d","d","D","D","d","d","d","d","D","d","D","d","d","d","d","D","D","D","D","D","D","D","d","D","d","d","D","d","D","d","d","d","D","d",0.540135760339611
94,25,3,"aa",0,"bB",1,"Cc",1,2488,412,-1,-1,-1,-1,1,-1,-1,1,-1,-1,"d","D","D","d","d","d","D","d","D","D","D","d","D","d","d","d","D","d","d","d","d","d","d","D","D","D","D","d","D","D","D","D","d","D","d","D","D","d","d","D","D","D","d","d","D","d","d","d","d",0.617602377064715
97,25,4,"aa",0,"bB",1,"cC",1,88,1916,-1,-1,1,-1,-1,1,-1,1,-1,-1,"D","d","D","D","D","D","d","d","d","D","D","D","D","d","D","D","d","D","D","D","D","D","d","d","D","D","D","d","d","D","D","D","D","D","D","D","d","D","D","d","D","d","D","d","d","d","d","d","d",1.39652461871523
108,25,5,"aa",0,"Bb",1,"cc",0,335,761,1,1,1,1,1,-1,1,1,-1,1,"D","D","d","D","D","d","D","d","d","D","D","d","d","d","d","d","d","D","d","D","d","D","d","D","D","D","D","d","d","D","D","D","D","D","D","D","D","d","D","D","D","D","d","d","d","D","D","D","D",2.05096193412023
95,25,6,"Aa",1,"BB",2,"Cc",1,1504,62,-1,1,1,-1,-1,1,-1,-1,-1,-1,"D","d","d","D","D","D","d","D","d","D","D","D","d","D","d","D","d","D","D","d","D","d","d","D","d","D","D","d","D","D","D","D","D","D","d","D","D","d","D","D","d","d","d","D","d","D","d","d","d",-0.0662783305574193
94,25,7,"AA",2,"bb",0,"CC",2,1317,224,-1,-1,-1,1,-1,1,-1,-1,-1,-1,"D","D","d","D","d","D","d","d","d","d","D","d","d","d","d","D","d","D","D","D","d","D","D","D","D","D","D","d","d","D","D","D","d","d","D","D","d","D","d","d","D","d","D","d","D","d","d","d","d",0.628720242935367
94,25,8,"Aa",1,"Bb",1,"cC",1,2201,1408,-1,-1,1,-1,-1,1,-1,-1,-1,-1,"D","D","d","D","d","d","D","D","d","d","D","d","d","d","d","d","D","d","D","D","d","d","D","D","D","D","d","d","d","d","D","D","d","D","D","D","D","D","d","d","d","d","d","d","D","D","d","d","D",0.661604881722834
100,25,9,"aa",0,"bb",0,"CC",2,637,1475,-1,1,1,-1,1,-1,-1,1,1,-1,"d","d","D","D","D","D","d","D","d","d","d","D","d","d","D","d","d","D","D","d","D","D","d","D","D","D","D","d","d","d","D","d","D","D","D","D","D","d","D","D","D","d","d","d","d","D","D","d","d",0.884349884574513
96,25,10,"Aa",1,"BB",2,"cc",0,1837,258,-1,1,1,-1,-1,-1,1,-1,-1,-1,"D","D","D","D","D","d","d","d","d","D","D","d","d","d","D","D","d","d","D","d","d","D","d","D","D","D","D","d","d","D","d","d","d","d","D","D","D","d","D","d","d","D","D","d","D","d","d","d","D",0.532168906704377
96,25,11,"aa",0,"BB",2,"cC",1,2015,948,-1,1,-1,-1,1,-1,1,-1,-1,-1,"D","D","D","d","D","d","D","D","d","D","d","D","D","d","d","D","D","D","d","d","D","d","D","D","d","D","D","d","d","d","d","D","d","d","D","D","D","d","D","d","d","d","D","D","D","d","d","D","d",0.128550712537496
106,25,12,"AA",2,"Bb",1,"Cc",1,1382,351,1,1,1,1,1,-1,1,1,-1,1,"D","D","D","D","d","d","D","d","D","D","d","d","d","D","d","D","D","D","D","D","D","d","D","D","D","D","D","d","d","D","D","D","d","D","D","D","d","d","d","d","D","D","d","D","d","d","D","d","d",0.183797253526128
93,25,13,"aA",1,"BB",2,"Cc",1,1520,605,-1,-1,-1,-1,1,-1,-1,1,-1,-1,"D","d","d","d","D","d","D","d","d","D","d","d","D","d","D","d","D","D","D","d","d","d","d","D","d","D","D","d","d","D","d","D","D","D","d","D","d","d","d","d","d","D","d","d","D","D","d","D","d",-0.423066706449099
91,25,14,"aa",0,"BB",2,"Cc",1,1214,66,-1,-1,1,-1,-1,-1,-1,-1,-1,-1,"d","d","d","D","D","D","D","d","d","D","d","d","D","D","D","d","d","D","D","d","D","D","d","d","d","D","D","d","d","d","D","D","d","D","D","d","d","D","d","D","d","d","d","d","d","D","d","d","d",-0.155461037938477
102,25,15,"AA",2,"bb",0,"cc",0,1742,1397,1,1,1,-1,1,1,-1,1,-1,-1,"D","d","d","D","d","d","d","d","D","D","d","D","d","d","D","D","D","D","d","d","d","d","D","D","d","D","D","d","d","D","D","D","D","d","D","D","D","D","D","D","d","D","d","d","D","d","d","d","d",0.194673442235388
96,25,16,"AA",2,"BB",2,"Cc",1,2174,1307,-1,-1,-1,1,1,-1,-1,1,-1,-1,"d","d","D","D","d","D","D","D","d","D","D","D","D","D","d","d","D","D","D","D","D","d","D","D","D","D","D","d","d","D","D","D","d","D","D","D","D","D","d","d","d","d","d","d","D","D","D","D","d",0.791589586146137
96,25,17,"Aa",1,"BB",2,"CC",2,1961,1760,-1,-1,1,-1,-1,1,1,1,-1,-1,"D","D","D","d","D","D","d","d","D","D","D","d","D","D","D","d","D","D","d","d","D","d","D","d","D","D","D","d","d","d","d","d","D","D","D","D","D","d","D","D","D","d","D","d","d","d","d","d","d",-1.64419392507533
97,25,18,"aa",0,"BB",2,"cc",0,268,1556,-1,-1,-1,1,-1,-1,1,1,-1,-1,"d","D","d","d","D","D","D","d","D","D","D","D","d","D","d","D","d","d","D","d","d","D","d","D","D","D","D","d","d","D","D","d","D","D","D","D","D","D","D","d","d","D","d","d","d","d","d","D","d",1.1722624627429
101,25,19,"aA",1,"bb",0,"CC",2,895,316,-1,1,1,1,-1,1,1,-1,-1,-1,"d","D","D","D","d","d","D","d","d","D","D","D","D","d","d","D","d","D","D","d","D","D","D","D","D","D","D","d","d","D","d","D","d","D","D","d","d","D","d","d","d","d","d","d","D","d","d","d","d",1.85602020388408
103,25,20,"AA",2,"BB",2,"cC",1,724,1971,1,-1,1,1,1,1,-1,1,-1,1,"d","D","D","D","D","d","D","d","d","D","D","d","d","d","D","d","D","d","D","d","d","D","d","D","d","D","D","d","d","D","D","d","d","d","D","d","D","d","D","d","d","D","d","D","d","d","d","d","D",-0.403402079344433
101,25,21,"Aa",1,"BB",2,"CC",2,437,1619,-1,-1,1,-1,-1,1,1,1,1,-1,"d","d","d","D","D","d","d","d","d","D","D","D","d","d","d","D","d","D","d","d","d","d","D","d","D","d","D","d","d","D","D","D","d","d","d","d","D","D","d","D","D","D","d","d","d","d","d","d","D",1.55122321383582
102,25,22,"aa",0,"BB",2,"CC",2,2148,1660,-1,1,1,1,1,1,1,-1,-1,1,"D","d","d","D","D","d","d","d","d","D","d","d","D","d","d","D","D","D","d","D","d","D","D","D","D","D","D","d","d","d","D","d","D","d","D","d","D","D","D","d","d","d","d","D","D","d","D","d","D",-1.65205223469962
98,25,23,"aa",0,"Bb",1,"CC",2,1989,874,-1,1,1,-1,-1,1,1,1,-1,-1,"D","D","D","d","d","d","D","d","d","D","D","D","d","d","d","D","d","D","D","d","D","d","D","D","D","D","D","d","d","d","d","D","D","D","D","D","d","D","d","d","D","d","D","d","d","d","d","D","d",-1.52402346632225
93,25,24,"Aa",1,"bb",0,"cC",1,934,1678,1,-1,-1,-1,-1,1,-1,1,-1,-1,"d","D","d","d","D","d","d","d","d","D","D","D","d","d","D","d","d","D","D","d","D","D","D","d","D","D","D","d","d","D","D","d","D","D","D","D","D","d","D","d","D","D","D","d","D","d","d","d","d",-2.7925189821818
100,25,26,"Aa",1,"bb",0,"cC",1,2020,1259,1,-1,-1,1,1,-1,1,1,-1,-1,"d","D","D","D","d","D","D","d","d","d","D","D","d","D","d","d","D","D","d","d","D","d","D","D","d","D","D","d","D","D","D","D","d","D","D","D","D","d","D","d","d","D","D","d","d","d","d","D","d",0.561823923354425
93,25,27,"aA",1,"Bb",1,"CC",2,1157,1256,-1,-1,-1,-1,1,1,-1,-1,-1,-1,"d","d","d","D","D","D","d","d","D","D","D","D","D","d","d","d","d","D","D","d","d","d","d","d","D","D","D","d","d","d","D","d","d","D","d","D","D","D","D","D","d","D","d","D","d","d","d","D","d",-0.773648337541468
96,25,28,"Aa",1,"Bb",1,"Cc",1,803,2085,-1,-1,-1,1,1,1,-1,-1,-1,-1,"d","D","D","d","d","D","d","D","d","D","D","d","D","d","d","D","D","D","D","d","D","d","d","D","D","D","D","d","d","d","D","D","D","D","D","d","d","d","D","D","D","d","d","D","D","D","d","D","D",0.744513105359225
92,25,29,"aa",0,"BB",2,"CC",2,344,1051,-1,-1,1,-1,-1,-1,-1,-1,-1,-1,"D","D","D","D","D","d","D","d","d","D","D","d","d","d","D","d","d","D","D","d","D","D","D","D","d","D","D","d","d","D","D","D","D","d","d","d","D","d","d","D","d","d","D","d","D","d","d","d","d",0.933813254223182
98,25,30,"aA",1,"BB",2,"cC",1,2207,1833,-1,-1,-1,-1,1,1,1,1,-1,-1,"d","d","d","D","D","d","D","d","d","D","D","D","D","D","d","d","d","D","D","d","d","D","D","D","D","D","D","d","d","D","d","D","d","D","d","d","D","D","D","d","D","d","D","D","d","d","d","D","D",0.00459525651577581
98,25,31,"aa",0,"bb",0,"Cc",1,1788,630,-1,-1,1,-1,1,1,-1,-1,-1,1,"D","d","D","D","D","d","d","d","d","d","d","D","D","d","D","D","d","D","D","D","D","D","D","D","D","D","D","d","d","D","D","d","D","d","D","d","d","d","D","d","d","d","d","d","D","d","d","d","d",0.23490208663083
88,25,32,"aA",1,"Bb",1,"cc",0,86,1686,-1,-1,-1,-1,1,-1,-1,-1,-1,-1,"d","D","D","D","D","D","d","D","d","d","D","d","d","d","D","d","d","D","d","D","d","D","d","D","D","D","D","D","d","D","D","D","d","d","d","D","D","D","D","d","d","D","d","d","d","d","d","d","D",-3.07499763326632
100,25,33,"Aa",1,"bb",0,"CC",2,2083,1641,1,-1,1,-1,-1,1,1,1,-1,-1,"D","D","d","d","D","d","D","D","d","D","D","D","D","D","d","d","d","D","d","d","d","D","d","D","D","D","D","d","D","d","d","d","D","d","D","D","D","d","D","D","D","d","d","D","d","D","D","d","d",0.84171012167291
108,25,34,"aA",1,"bb",0,"CC",2,461,986,1,1,1,-1,1,1,1,1,1,1,"D","d","D","D","D","D","D","D","d","d","D","D","d","d","D","d","d","D","D","d","D","d","d","d","D","D","D","d","d","D","D","D","D","D","D","D","D","D","D","D","D","d","d","D","D","d","d","D","D",0.395589352613646
89,25,35,"aA",1,"bB",1,"Cc",1,1154,1648,-1,-1,-1,-1,-1,-1,-1,-1,-1,-1,"d","D","D","d","D","d","d","d","D","D","D","d","d","D","d","d","d","d","D","d","d","d","D","D","D","D","D","d","d","D","D","d","D","D","D","D","D","d","d","d","D","D","D","D","d","d","d","D","d",-0.650859070974956
103,25,36,"aa",0,"Bb",1,"cc",0,1960,2435,-1,1,1,1,1,1,-1,1,-1,1,"D","D","d","D","D","d","D","d","d","D","d","d","d","D","d","d","D","D","D","d","d","D","d","d","D","D","D","D","d","D","D","d","D","d","d","D","D","D","d","D","D","D","d","d","D","D","D","D","D",-0.246280947281049
95,25,37,"AA",2,"bb",0,"CC",2,500,2456,-1,1,-1,1,-1,-1,1,-1,-1,-1,"D","D","d","D","D","D","D","d","D","D","d","d","d","d","d","d","D","d","D","d","d","D","d","D","D","D","D","d","d","D","d","D","d","D","D","D","d","d","D","d","D","D","d","d","d","D","d","d","d",-0.141091744643899
97,25,38,"Aa",1,"Bb",1,"cc",0,199,1121,-1,1,1,1,1,-1,-1,-1,-1,-1,"D","D","d","D","D","d","D","d","d","D","D","d","D","d","d","d","d","D","D","d","d","d","d","D","D","D","D","d","d","D","d","D","d","D","D","D","d","d","d","d","d","D","D","d","d","D","d","D","d",-0.362469036710778
90,25,39,"aa",0,"bb",0,"CC",2,2481,1935,-1,-1,-1,-1,-1,-1,-1,-1,-1,-1,"d","d","D","D","D","d","D","d","d","d","D","d","D","d","d","D","D","D","D","D","d","D","d","D","D","D","D","d","d","D","D","d","D","D","D","d","d","D","D","D","d","d","d","d","d","d","d","d","d",0.452794800332071
101,25,40,"aA",1,"bb",0,"cc",0,1062,2016,1,1,1,-1,1,-1,1,-1,-1,1,"d","d","D","D","d","d","D","D","d","d","D","d","D","d","D","D","D","D","D","d","D","d","D","D","D","D","D","d","d","D","D","D","D","D","D","D","d","D","D","D","d","d","d","D","D","D","D","d","d",-0.278426049379516
97,25,41,"AA",2,"bb",0,"CC",2,158,584,-1,1,-1,1,-1,-1,-1,1,-1,-1,"D","D","D","D","d","d","d","d","d","d","d","D","d","d","D","d","D","d","D","d","d","d","d","D","D","D","D","d","d","d","d","D","D","d","D","D","D","d","D","d","d","d","D","D","d","D","d","D","D",1.18305856998057
108,25,42,"AA",2,"bb",0,"cC",1,2338,1434,1,1,1,1,1,1,1,-1,-1,1,"d","D","D","d","D","d","d","d","D","d","D","D","d","D","D","d","D","D","D","D","d","d","d","d","d","D","D","d","d","d","d","D","D","D","D","D","D","D","D","d","d","d","d","d","D","d","d","D","d",2.14167801392896
99,25,43,"AA",2,"BB",2,"CC",2,1675,1612,1,-1,1,-1,-1,1,1,1,-1,-1,"D","D","D","D","D","d","D","d","d","d","d","d","d","D","d","d","d","d","d","d","D","D","d","d","D","D","D","d","d","d","d","D","D","d","D","D","D","d","D","d","d","d","D","d","D","d","d","d","d",-0.657079523214901
99,25,44,"AA",2,"bB",1,"cC",1,139,793,-1,-1,-1,-1,1,1,1,1,-1,-1,"D","d","d","D","D","d","d","D","d","d","D","D","D","d","D","d","D","D","d","D","d","D","d","D","d","d","D","D","d","d","D","D","D","D","d","D","d","d","D","D","d","D","D","D","d","d","D","d","d",1.24336679650349
100,25,45,"aa",0,"BB",2,"Cc",1,1550,359,1,-1,-1,1,1,1,1,-1,-1,-1,"D","d","d","d","D","d","D","d","d","D","D","d","d","d","D","d","d","D","d","D","d","d","d","d","D","D","D","d","d","D","d","D","d","D","D","d","d","D","d","D","d","D","d","D","d","D","D","D","d",0.334593476018682
93,25,46,"aa",0,"bb",0,"Cc",1,112,1828,1,-1,-1,-1,1,-1,1,-1,-1,-1,"D","D","d","D","D","D","D","d","d","D","D","D","d","D","d","D","D","D","D","d","D","d","d","d","D","D","D","D","d","d","D","D","D","D","D","d","d","D","D","d","d","D","d","D","d","D","d","d","d",-2.71911248708253
98,25,47,"aA",1,"BB",2,"CC",2,2233,1125,-1,1,-1,1,1,-1,-1,-1,1,-1,"d","D","d","D","D","d","D","D","D","d","D","D","D","d","D","d","D","D","D","d","d","d","d","d","D","D","D","d","d","d","D","d","D","D","D","d","D","D","D","D","d","d","D","d","D","D","d","d","d",0.0304542488723384
100,25,48,"AA",2,"Bb",1,"cc",0,571,590,1,-1,1,-1,1,-1,1,1,1,-1,"D","D","d","d","D","D","d","d","D","d","D","d","D","d","d","d","d","D","D","d","D","D","D","D","D","d","D","d","d","D","d","d","d","D","D","D","d","D","D","D","d","D","d","d","d","d","d","d","d",-1.25796655180419
98,25,49,"Aa",1,"bB",1,"cc",0,1960,627,-1,-1,1,1,1,1,-1,-1,-1,-1,"d","D","d","D","D","d","D","d","d","D","D","D","D","D","D","d","d","d","D","d","d","D","D","d","D","D","D","D","d","D","d","d","d","d","d","d","d","D","d","D","d","D","D","D","D","D","d","D","D",0.491167585394598
107,25,50,"Aa",1,"Bb",1,"CC",2,2042,2457,-1,1,1,1,1,1,1,1,-1,1,"d","D","D","D","D","d","d","d","d","D","d","d","D","d","d","D","d","D","D","D","D","D","d","D","D","D","D","d","d","d","D","d","d","d","D","d","D","D","d","D","d","D","d","D","d","d","D","d","d",1.65313688056868
107,26,1,"AA",2,"bB",1,"cC",1,757,2448,1,-1,1,1,1,1,1,1,1,1,"d","D","d","D","D","d","d","d","d","D","d","D","d","D","d","d","d","D","d","d","D","d","D","D","D","D","D","D","d","d","D","D","D","D","D","D","D","d","d","D","D","d","d","d","D","d","d","D","d",-0.876056559615699
101,26,2,"AA",2,"bb",0,"cc",0,1568,1669,1,1,1,-1,-1,-1,1,1,-1,-1,"d","D","d","D","D","d","d","D","d","D","d","d","D","d","d","D","d","D","d","D","D","D","D","d","D","D","D","d","d","D","d","D","D","D","D","D","D","d","d","D","d","D","d","d","d","d","d","D","D",1.0805602807587
100,26,3,"aa",0,"Bb",1,"cc",0,1814,2407,1,-1,1,1,-1,1,1,1,-1,-1,"d","D","D","D","D","D","d","d","d","d","D","d","d","d","d","d","d","D","D","D","D","d","d","D","D","d","D","d","d","D","D","d","d","D","D","d","D","d","d","d","D","d","d","d","d","D","d","D","d",-1.42701985294777
95,26,4,"aA",1,"Bb",1,"Cc",1,837,7,1,-1,-1,-1,1,-1,1,-1,-1,-1,"D","D","d","D","d","D","d","d","d","D","d","d","d","D","d","D","D","D","d","d","d","d","d","D","D","D","D","d","d","D","D","d","d","D","D","D","D","d","d","d","d","d","d","d","D","d","d","d","d",-0.276131708673232
98,26,5,"aa",0,"Bb",1,"Cc",1,1981,1344,-1,-1,1,1,-1,-1,1,1,-1,-1,"D","d","D","d","D","d","d","D","d","D","d","d","D","D","d","d","d","D","D","D","D","D","d","D","D","D","D","d","d","D","D","D","d","D","D","d","D","D","d","D","D","d","D","d","d","d","d","d","d",0.0786286504615797
98,26,6,"aa",0,"bB",1,"cC",1,249,922,1,-1,-1,-1,-1,1,-1,1,-1,1,"d","d","d","D","D","d","d","D","D","d","d","d","D","d","d","d","d","D","d","d","D","d","D","D","D","D","D","D","d","D","D","D","D","D","D","D","d","D","d","d","d","D","d","d","d","d","D","D","d",0.306550367443817
93,26,7,"aa",0,"bB",1,"cC",1,752,2494,-1,-1,-1,-1,1,-1,-1,1,-1,-1,"d","D","d","d","D","D","d","D","d","D","D","d","D","d","D","D","d","D","D","d","d","D","d","D","D","D","D","d","d","D","D","D","D","D","D","d","d","d","d","D","d","d","D","d","d","d","d","D","d",-0.45917036762
99,26,8,"aA",1,"bb",0,"CC",2,848,2320,1,-1,1,-1,-1,1,1,-1,-1,-1,"d","D","D","D","d","d","D","D","D","D","d","d","D","d","d","d","d","d","d","D","D","D","D","D","D","D","D","d","d","D","D","D","D","D","D","D","d","d","d","d","d","D","D","d","D","D","d","d","d",1.04653466095686
106,26,9,"aa",0,"Bb",1,"CC",2,47,2401,1,1,1,-1,1,1,1,1,1,-1,"d","D","D","D","D","d","D","D","d","D","D","d","D","d","d","d","d","D","d","D","d","D","D","D","D","D","D","d","D","D","D","D","d","D","D","D","d","D","D","d","D","d","d","d","d","d","d","D","D",0.725699458890786
100,26,10,"AA",2,"BB",2,"cc",0,2226,619,-1,-1,1,1,-1,-1,-1,1,-1,-1,"d","d","D","D","D","D","d","d","d","D","d","D","D","d","D","d","D","D","D","d","d","D","d","D","D","D","D","d","d","d","d","d","d","d","D","D","D","d","d","D","d","d","D","d","D","d","d","d","D",4.86357336052396
98,26,11,"aA",1,"Bb",1,"CC",2,1206,2150,-1,1,1,1,1,-1,1,-1,-1,-1,"D","D","d","d","D","D","D","d","D","D","D","D","d","d","D","D","D","D","D","D","d","d","d","D","D","D","D","d","d","d","D","d","D","D","D","D","D","d","d","D","d","D","d","D","d","d","d","d","d",-1.51060796036197
97,26,12,"Aa",1,"bB",1,"CC",2,1175,1656,-1,-1,1,1,-1,1,-1,-1,-1,-1,"d","D","D","D","D","d","d","D","D","D","D","d","D","D","d","D","D","d","d","d","d","D","d","D","D","D","D","D","D","d","D","D","d","D","D","d","D","D","d","D","d","d","d","d","D","d","d","d","D",1.58697791510147
99,26,13,"aa",0,"Bb",1,"CC",2,768,349,1,-1,1,-1,1,-1,1,1,-1,-1,"d","D","D","D","d","d","D","d","d","D","D","d","d","D","d","D","d","D","D","D","d","d","D","D","D","D","D","D","D","d","D","d","D","D","d","D","D","d","D","d","d","D","d","D","D","d","D","d","d",-0.0279577351071634
95,26,14,"Aa",1,"bb",0,"cC",1,826,1940,-1,-1,-1,1,-1,1,-1,1,-1,-1,"d","D","D","D","D","D","D","d","d","D","D","D","d","d","d","D","d","D","D","d","d","d","D","D","D","D","D","d","D","D","D","d","d","d","d","D","D","D","d","d","D","d","D","d","D","d","D","d","D",-0.358513985000826
94,26,15,"Aa",1,"bb",0,"cc",0,1035,1799,-1,-1,-1,-1,-1,-1,1,1,-1,-1,"D","D","d","D","D","d","d","D","D","d","D","d","D","d","d","d","d","d","D","d","D","d","d","D","d","D","D","d","d","D","D","D","d","D","D","D","D","D","D","d","d","d","d","d","d","d","d","d","D",0.469698760550991
93,26,16,"aA",1,"Bb",1,"CC",2,1071,1565,-1,-1,-1,-1,-1,-1,1,1,-1,-1,"D","d","D","d","d","D","d","d","d","d","D","D","d","d","D","d","D","D","D","D","d","d","D","d","D","D","D","d","D","d","D","D","D","d","D","d","D","D","D","d","d","d","D","d","D","d","D","d","d",-0.671658219801731
96,26,17,"aA",1,"Bb",1,"CC",2,901,511,1,-1,1,-1,-1,-1,1,-1,-1,-1,"D","D","D","D","d","d","d","d","d","D","D","D","D","d","D","D","d","d","D","d","D","d","D","D","d","D","D","d","d","D","D","D","D","D","D","D","D","d","D","d","d","D","d","d","D","D","d","D","d",0.780295298471148
97,26,18,"aa",0,"BB",2,"cC",1,895,2056,1,-1,1,-1,-1,-1,1,1,-1,-1,"D","D","d","D","D","d","d","d","D","D","d","D","D","d","d","D","d","D","D","d","d","d","D","D","D","D","d","d","d","D","d","d","d","D","D","D","D","D","d","d","d","d","D","D","d","d","d","d","d",-0.0507950655005476
105,26,19,"aa",0,"Bb",1,"cc",0,1474,552,1,1,1,1,1,1,-1,1,1,-1,"d","d","d","D","D","d","d","d","d","D","d","D","d","d","D","d","d","d","D","d","d","d","d","D","D","D","D","d","d","d","D","D","D","D","D","d","D","D","D","d","D","d","D","d","D","d","d","d","d",-0.433924275239768
103,26,20,"aa",0,"BB",2,"cC",1,1526,1577,1,1,1,-1,1,1,1,1,-1,-1,"D","D","d","D","D","d","d","d","d","D","D","D","d","d","d","D","D","D","D","d","D","d","d","d","D","D","D","d","d","D","D","d","D","d","d","D","d","d","d","d","D","D","d","d","d","D","d","D","D",-0.59498426161113
93,26,21,"Aa",1,"Bb",1,"cc",0,976,1320,1,-1,-1,-1,1,-1,-1,-1,-1,-1,"D","D","d","D","D","d","d","D","d","d","D","D","d","d","D","D","d","d","D","d","D","D","D","D","D","D","D","d","d","D","d","D","D","D","D","D","d","d","d","d","d","d","D","D","d","D","d","D","d",-0.563017618856778
90,26,22,"AA",2,"bb",0,"cc",0,1424,1838,-1,-1,-1,-1,-1,-1,-1,-1,-1,-1,"d","D","d","D","D","D","d","d","d","D","d","D","d","d","d","d","d","d","D","d","D","D","D","D","D","D","D","d","d","D","D","d","d","D","d","D","D","d","D","d","d","d","d","d","d","d","D","D","d",0.249418406450401
99,26,23,"aA",1,"BB",2,"cc",0,169,1468,-1,1,-1,1,-1,-1,-1,1,1,-1,"D","d","d","D","D","D","D","d","D","D","D","d","D","d","D","D","D","d","D","d","d","D","d","D","D","D","D","d","d","D","d","D","d","D","D","D","D","D","d","d","D","D","D","D","d","d","d","d","D",1.6266205003266
103,26,24,"aa",0,"BB",2,"cc",0,2319,2119,1,1,1,1,1,1,1,-1,-1,-1,"D","d","D","d","D","d","d","d","d","d","D","d","d","d","D","d","D","d","D","D","d","d","D","D","D","D","D","D","d","D","d","D","D","D","D","d","D","D","d","D","D","d","D","d","D","D","d","d","d",-0.387616854161862
98,26,25,"Aa",1,"bB",1,"CC",2,2303,1926,-1,-1,-1,1,-1,-1,1,1,-1,1,"D","d","d","D","D","d","d","d","D","d","d","D","D","d","d","d","D","d","D","D","d","D","d","D","d","D","D","D","d","D","d","D","d","D","d","d","D","D","d","D","D","D","D","D","d","D","d","d","D",0.145697459078386
99,26,27,"AA",2,"BB",2,"Cc",1,193,2098,1,1,-1,1,-1,1,-1,-1,-1,1,"D","D","D","D","d","d","D","d","d","D","D","D","D","d","d","d","d","D","D","D","D","d","d","D","D","D","D","d","d","D","D","D","D","D","D","d","D","D","D","d","d","d","d","d","d","d","d","d","d",-0.864272423656924
105,26,28,"aA",1,"Bb",1,"cC",1,1645,1104,1,-1,1,1,1,1,1,1,-1,-1,"D","D","d","D","D","D","D","d","d","D","D","d","d","d","D","D","d","d","D","D","D","d","D","D","D","D","D","D","d","D","d","D","D","D","D","d","D","d","d","d","d","D","D","d","D","d","d","d","D",1.32749479789114
93,26,29,"Aa",1,"bB",1,"Cc",1,1197,1740,-1,-1,-1,1,-1,-1,-1,-1,-1,-1,"D","D","D","D","D","d","D","D","d","D","d","D","D","D","d","D","d","D","D","D","d","d","D","D","D","D","D","d","d","D","d","d","D","d","D","D","d","d","D","d","D","d","d","d","d","D","D","d","d",1.27976909274829
97,26,30,"aA",1,"bB",1,"cC",1,2278,2032,-1,-1,-1,-1,-1,1,1,1,-1,1,"D","D","d","D","D","d","D","d","D","D","d","D","D","d","d","d","d","D","d","D","D","D","d","D","D","d","d","d","d","D","D","D","D","D","D","D","D","D","D","d","d","d","D","d","D","D","d","D","D",-0.421640459575387
96,26,31,"aA",1,"BB",2,"CC",2,159,202,-1,-1,1,1,-1,1,-1,-1,-1,-1,"D","D","d","D","D","d","d","D","d","d","D","D","d","d","d","d","d","D","D","D","D","d","d","D","D","D","D","d","d","D","d","D","d","D","D","D","D","D","D","d","d","d","D","D","D","d","d","D","D",0.397655599989732
92,26,32,"AA",2,"bb",0,"cC",1,19,431,-1,-1,-1,-1,-1,-1,1,1,-1,-1,"D","D","D","D","D","d","d","D","d","D","d","d","D","d","D","d","d","d","D","D","d","D","D","D","D","D","D","d","d","D","D","D","d","d","D","D","d","D","D","d","d","d","d","d","d","d","d","d","D",-1.82095859977616
94,26,33,"aA",1,"bb",0,"CC",2,1190,1507,1,-1,1,-1,-1,-1,-1,-1,-1,-1,"D","D","D","D","D","d","d","D","d","D","D","d","D","d","d","d","d","D","D","D","D","D","d","D","D","D","d","d","d","D","d","d","d","D","D","D","d","D","D","d","D","D","D","d","d","d","d","d","d",0.362702565203942
92,26,34,"aa",0,"BB",2,"Cc",1,1666,937,1,-1,-1,1,-1,-1,1,-1,-1,-1,"d","D","D","D","D","d","d","d","d","d","d","D","d","d","d","d","D","d","d","d","D","d","d","d","D","D","D","d","d","d","D","D","d","D","D","D","D","D","D","d","d","D","d","D","d","d","D","d","d",-3.52067433762163
94,26,35,"aa",0,"bB",1,"Cc",1,422,1838,-1,-1,-1,-1,-1,1,-1,1,-1,-1,"d","d","d","D","D","D","d","d","D","d","D","D","d","D","d","d","D","d","D","D","D","d","D","D","d","D","D","d","d","D","d","D","d","D","D","D","d","D","D","D","d","d","d","D","d","d","D","D","d",0.627750001945048
100,26,36,"aA",1,"BB",2,"cc",0,2096,1429,-1,-1,1,1,-1,1,1,1,-1,-1,"D","D","D","D","D","D","D","D","D","D","D","D","D","d","D","d","d","D","D","D","D","d","d","D","D","D","D","d","d","D","d","d","d","D","d","D","d","d","D","D","D","D","d","d","d","D","d","d","d",0.819296988778597
98,26,37,"aA",1,"Bb",1,"cC",1,532,1854,-1,-1,-1,-1,1,1,-1,1,1,-1,"D","D","D","D","D","d","D","d","D","d","D","d","d","d","d","d","d","D","D","D","D","d","D","D","d","D","D","d","d","D","D","D","d","D","d","d","D","d","D","D","D","d","d","d","D","d","d","d","D",0.794224246555041
95,26,38,"AA",2,"bb",0,"Cc",1,2079,2458,-1,-1,1,-1,-1,1,-1,1,-1,-1,"d","D","d","d","D","d","d","d","D","D","D","D","d","d","d","d","d","D","d","d","d","d","d","D","D","D","D","d","D","d","D","D","d","d","D","d","D","D","D","D","d","d","d","d","D","d","d","d","D",-0.0348471709614748
95,26,39,"Aa",1,"bB",1,"CC",2,655,1343,1,1,-1,-1,1,-1,-1,-1,-1,-1,"D","d","d","D","D","d","D","d","d","D","d","D","D","D","d","d","d","D","D","d","d","d","d","D","D","D","D","d","d","d","d","D","D","d","d","d","D","d","d","d","d","d","D","d","D","D","d","d","d",-0.490352860488912
102,26,40,"aA",1,"BB",2,"Cc",1,55,1794,-1,-1,1,-1,1,1,1,1,-1,-1,"d","d","D","d","d","D","D","d","d","D","D","D","D","d","d","D","d","D","D","d","D","d","D","D","D","D","D","D","d","D","d","d","D","D","D","D","D","D","d","d","D","d","d","d","d","d","D","d","D",2.28586782086781
100,26,41,"AA",2,"bb",0,"CC",2,680,1110,-1,-1,1,1,1,1,1,1,-1,-1,"d","d","D","D","D","d","d","d","D","D","D","d","d","D","d","d","d","D","D","D","D","D","D","D","D","D","D","d","d","d","D","d","D","D","D","d","d","d","d","D","D","D","D","D","D","D","d","d","d",-1.55285554661277
100,26,42,"aA",1,"bB",1,"cC",1,208,383,-1,-1,1,1,1,1,1,-1,-1,-1,"d","D","D","D","D","d","d","d","D","D","D","d","d","d","d","D","d","d","D","D","d","d","d","d","D","D","D","d","d","D","d","d","D","D","D","D","D","D","D","D","D","d","D","d","D","d","d","d","d",0.734275513618417
95,26,43,"aA",1,"BB",2,"cC",1,1301,2045,-1,1,-1,-1,1,-1,-1,1,-1,-1,"D","D","D","D","D","d","d","d","d","D","D","d","D","d","d","D","d","D","D","D","D","d","d","D","D","D","D","d","d","d","d","D","D","D","D","D","D","d","D","D","d","d","D","d","D","D","d","d","d",-0.495500571574624
101,26,44,"aa",0,"bb",0,"cC",1,2198,1704,1,-1,1,-1,-1,-1,1,1,-1,1,"d","d","d","D","D","d","d","d","d","d","d","D","d","d","D","d","d","D","D","d","D","d","D","D","d","D","D","d","d","D","D","D","D","d","D","D","D","d","d","D","D","d","D","d","d","D","d","d","D",1.32443722626597
95,26,45,"AA",2,"BB",2,"cC",1,1076,985,-1,-1,1,1,-1,1,-1,-1,-1,-1,"D","D","D","D","d","d","d","d","D","D","D","D","D","d","D","d","D","D","d","d","D","d","D","d","d","D","D","d","d","d","D","D","d","D","d","D","D","D","D","D","D","d","D","D","d","d","D","d","d",-0.394799922791784
103,26,46,"aA",1,"bB",1,"CC",2,2202,1236,-1,1,1,1,1,1,1,1,1,-1,"d","d","d","D","D","d","d","d","d","D","D","d","D","D","d","D","D","D","D","D","D","D","D","D","D","D","D","d","d","d","D","d","D","D","D","D","D","d","D","d","D","d","D","d","D","d","D","d","D",-2.26871909920578
105,26,47,"Aa",1,"BB",2,"Cc",1,1867,1357,1,1,1,1,1,1,1,1,-1,-1,"D","D","D","d","D","d","d","D","D","D","D","D","D","D","d","d","d","d","D","d","D","d","d","D","D","D","D","d","d","D","D","D","d","D","d","d","d","d","D","d","d","d","D","D","d","d","d","d","d",-0.52894394205296
98,26,48,"Aa",1,"bb",0,"cC",1,710,655,-1,1,-1,1,-1,1,1,1,-1,-1,"D","D","d","d","D","D","D","D","d","d","D","d","d","d","d","D","d","D","D","d","d","D","d","D","d","D","D","d","D","D","d","d","D","d","D","D","d","d","d","d","d","D","d","D","d","d","D","d","d",-1.99431904004379
99,26,49,"aa",0,"bb",0,"cc",0,1791,487,1,1,-1,1,-1,-1,1,-1,-1,-1,"D","d","D","D","D","d","d","D","D","D","D","D","D","d","D","d","D","d","D","d","D","d","d","D","d","D","D","d","D","D","D","d","D","d","D","D","D","D","D","d","d","D","D","d","D","d","D","D","d",1.43167698300533
95,26,50,"aA",1,"bb",0,"Cc",1,546,2079,-1,-1,-1,1,1,-1,-1,-1,1,-1,"d","D","d","D","d","D","d","d","D","D","d","d","D","d","d","d","d","D","d","d","d","D","d","D","D","D","D","d","D","d","d","D","d","D","d","D","d","d","d","D","D","d","d","d","D","D","d","d","d",-0.489464267643452
100,27,1,"Aa",1,"Bb",1,"CC",2,1605,857,-1,1,1,1,1,1,-1,-1,-1,-1,"D","D","D","d","D","d","D","D","D","d","d","D","d","d","d","D","d","d","D","d","d","d","D","D","D","D","D","d","d","D","D","d","d","D","D","D","D","d","d","D","D","d","d","d","D","d","d","D","d",0.690873658459801
103,27,2,"AA",2,"Bb",1,"cC",1,1011,1557,-1,-1,1,1,1,1,-1,1,1,-1,"d","D","D","D","D","d","d","D","D","d","D","D","d","d","d","d","D","d","D","d","d","D","d","d","D","D","D","d","d","d","D","d","D","D","D","D","D","D","d","d","D","d","D","D","d","d","d","D","d",1.48994494391723
99,27,3,"aa",0,"bB",1,"CC",2,102,2410,1,-1,-1,1,-1,-1,1,1,-1,-1,"D","d","D","d","d","d","d","D","d","d","d","D","D","D","d","D","D","D","D","d","D","d","d","D","D","D","D","d","d","D","D","d","d","d","D","d","d","D","D","d","D","d","d","D","d","d","D","D","d",1.31720575483761
102,27,4,"aa",0,"Bb",1,"cC",1,251,2286,1,1,1,-1,1,-1,1,1,1,-1,"d","d","D","D","D","d","d","D","D","d","d","D","d","d","d","D","d","D","d","d","D","d","D","D","d","D","D","d","D","D","d","d","D","D","d","d","D","D","D","D","D","D","d","d","d","d","D","d","D",-1.90192165758017
93,27,5,"Aa",1,"bB",1,"cC",1,668,1381,1,-1,-1,-1,-1,-1,-1,-1,-1,1,"d","d","D","D","D","D","D","d","d","D","d","D","D","d","D","d","D","D","d","D","d","d","d","D","D","D","D","d","d","d","D","d","D","D","D","D","D","D","d","d","d","D","d","d","d","d","D","D","d",-0.799573015693848
103,27,6,"aA",1,"bb",0,"cC",1,485,585,-1,1,1,1,-1,-1,-1,1,1,-1,"D","d","D","D","D","D","d","d","d","D","d","d","D","d","D","d","d","D","D","D","D","D","d","D","d","D","D","d","d","D","d","D","D","d","D","D","d","D","D","D","D","d","D","D","D","D","d","d","d",3.50114037085928
103,27,7,"aa",0,"BB",2,"CC",2,591,301,1,-1,1,1,-1,1,-1,1,-1,-1,"d","D","D","D","D","d","D","d","D","D","D","d","D","d","d","D","d","D","D","d","D","D","d","d","d","D","D","d","d","d","d","D","d","D","d","D","D","D","d","D","d","d","d","D","D","d","D","d","d",3.27398706178238
87,27,8,"aa",0,"bB",1,"cc",0,507,859,-1,-1,-1,-1,-1,-1,-1,-1,-1,-1,"d","D","D","D","D","d","d","d","D","d","d","D","D","D","d","d","d","d","d","d","D","d","d","d","D","D","D","d","d","d","D","d","D","d","D","D","D","d","D","D","d","D","d","d","d","d","d","d","D",-2.64632534807405
93,27,9,"AA",2,"bb",0,"cc",0,1113,2080,-1,-1,-1,-1,-1,-1,-1,-1,-1,-1,"D","D","D","D","D","d","d","d","d","D","D","D","D","d","d","D","d","D","D","D","d","d","D","D","D","D","D","d","d","D","d","d","d","D","d","D","D","d","d","d","d","d","d","d","d","D","d","d","d",3.36121673031697
92,27,10,"Aa",1,"bb",0,"cc",0,1258,2122,-1,-1,-1,1,-1,-1,-1,1,-1,-1,"D","D","D","D","D","d","D","D","d","D","D","d","d","d","d","D","D","D","D","D","d","D","d","D","d","D","D","d","d","D","D","D","D","D","D","D","D","D","D","d","d","D","d","d","d","d","D","d","d",-1.06857635673051
95,27,11,"Aa",1,"BB",2,"Cc",1,37,732,-1,-1,-1,-1,-1,-1,1,1,-1,-1,"d","d","D","D","D","D","d","d","D","d","D","d","D","d","d","d","D","D","d","d","d","d","D","D","D","D","D","d","d","d","d","D","d","D","D","D","D","D","D","d","d","d","d","d","d","D","d","d","d",1.07110610658612
103,27,12,"aa",0,"Bb",1,"cC",1,1661,251,-1,-1,1,1,1,1,1,1,-1,1,"D","d","d","D","D","d","D","d","D","D","d","D","d","d","D","d","d","D","D","D","d","d","d","D","D","D","D","d","d","d","D","D","d","d","D","d","d","D","D","D","D","d","D","d","d","d","d","d","d",-0.434892136764351
106,27,13,"Aa",1,"BB",2,"cC",1,2448,2088,-1,1,1,1,1,-1,1,1,1,1,"d","d","D","D","D","d","d","d","D","d","d","D","D","d","D","d","d","d","D","D","D","d","D","d","D","D","D","d","d","D","d","d","D","D","D","D","d","d","d","D","D","d","D","D","D","d","d","d","D",0.530614078713358
102,27,14,"AA",2,"Bb",1,"CC",2,1181,247,-1,-1,1,-1,-1,1,1,1,1,-1,"d","d","D","D","D","d","d","d","d","D","D","d","D","D","D","d","D","D","d","d","D","D","D","D","D","D","D","d","d","D","D","D","D","D","D","d","D","d","d","d","d","D","D","D","d","D","D","d","D",2.35421354316241
96,27,15,"Aa",1,"Bb",1,"cC",1,270,1678,-1,-1,1,-1,-1,1,1,1,-1,-1,"D","d","d","D","D","d","d","d","d","D","D","d","d","d","D","D","D","d","D","D","D","d","d","d","D","D","D","d","d","D","D","D","D","D","D","D","D","D","D","D","D","d","D","D","D","D","d","d","d",-1.41156535751249
96,27,16,"AA",2,"bb",0,"cc",0,510,1510,1,-1,1,1,-1,-1,-1,1,-1,-1,"D","D","d","D","D","D","D","d","d","D","D","D","D","d","d","d","d","D","D","D","d","D","D","D","D","D","D","d","d","d","D","D","D","D","D","D","D","D","D","D","d","d","d","d","d","D","D","d","d",-1.59625373840956
100,27,17,"aa",0,"Bb",1,"cC",1,844,42,-1,-1,1,1,1,1,1,-1,-1,-1,"d","d","d","D","D","d","D","D","d","D","d","D","d","d","d","d","D","D","D","d","d","d","d","D","D","D","D","D","d","D","d","D","d","D","D","D","D","d","d","D","D","D","D","d","d","D","D","d","D",0.329405254368619
96,27,18,"Aa",1,"bB",1,"CC",2,1908,301,-1,-1,-1,1,-1,1,-1,1,-1,-1,"d","d","D","D","D","D","d","d","D","D","D","D","D","D","d","d","d","D","D","d","d","d","d","D","D","D","D","d","d","d","d","D","D","D","D","D","D","D","D","d","d","d","d","D","D","d","D","d","d",0.664087146723115
93,27,19,"AA",2,"BB",2,"cc",0,2096,1724,-1,-1,-1,-1,-1,1,1,-1,-1,-1,"D","D","d","D","D","D","d","d","d","D","D","d","d","d","d","d","d","D","D","d","D","d","D","D","D","D","D","d","D","D","D","D","d","D","D","D","D","d","D","d","D","d","D","d","d","d","d","d","d",-0.864527610389054
93,27,20,"aA",1,"BB",2,"cC",1,532,583,-1,-1,-1,-1,-1,-1,-1,1,-1,-1,"D","D","d","D","D","d","D","d","d","d","d","d","D","d","d","d","d","D","D","d","D","d","d","D","D","D","D","d","d","d","d","D","D","D","d","d","d","d","d","D","d","D","d","d","D","d","D","d","d",1.56918634224566
104,27,21,"aA",1,"Bb",1,"CC",2,2248,638,-1,1,1,1,-1,1,1,1,-1,-1,"d","d","D","D","d","d","d","D","d","d","D","D","d","D","D","D","d","d","D","d","D","d","D","D","D","D","D","d","d","D","D","D","D","d","d","d","D","d","d","d","d","d","d","d","d","d","D","d","d",2.01397544181589
89,27,22,"aa",0,"BB",2,"Cc",1,1197,28,-1,-1,-1,-1,-1,-1,-1,-1,-1,-1,"D","D","d","D","D","d","d","D","d","D","D","D","d","d","d","d","d","d","D","d","D","d","D","D","D","D","D","d","d","D","d","d","d","D","D","D","d","D","D","D","d","d","d","d","D","D","d","d","D",-0.80584376834241
99,27,23,"aA",1,"BB",2,"cC",1,62,2116,1,-1,-1,-1,-1,1,1,1,-1,1,"D","D","D","D","D","d","d","d","D","D","D","d","d","D","d","d","D","D","D","d","D","d","d","D","D","D","D","d","d","D","d","d","D","d","D","D","d","d","d","d","d","D","d","d","D","d","d","d","d",-0.247428270750672
95,27,24,"AA",2,"BB",2,"CC",2,925,2394,-1,-1,1,-1,1,-1,-1,-1,1,-1,"D","d","D","D","D","D","D","d","d","D","D","d","d","d","D","d","d","d","d","D","D","d","D","D","D","D","D","d","d","D","D","D","D","d","D","D","D","d","d","D","d","d","d","d","d","d","d","D","D",-0.804243744151135
98,27,25,"aa",0,"BB",2,"cc",0,1587,1411,-1,-1,1,1,-1,1,1,1,-1,-1,"d","D","d","D","D","d","d","d","d","D","d","D","D","D","d","d","D","D","d","d","D","D","d","D","D","D","d","d","d","D","D","D","D","d","d","D","D","D","d","D","d","d","d","D","d","d","d","d","d",-1.67908864543705
98,27,26,"aA",1,"BB",2,"cC",1,133,906,-1,-1,-1,1,1,1,-1,1,-1,-1,"D","D","d","D","D","d","D","D","d","d","D","d","d","d","d","D","d","d","D","d","d","D","D","D","D","D","D","d","d","d","d","D","D","D","D","D","D","D","D","D","D","D","d","d","d","d","d","d","d",0.671158553581129
93,27,28,"aa",0,"bB",1,"cC",1,692,2107,1,1,-1,-1,-1,-1,-1,1,-1,-1,"D","D","d","D","D","d","D","d","d","D","d","D","d","d","D","d","d","d","D","d","D","D","D","D","D","D","D","d","d","D","D","D","D","d","D","D","D","D","d","D","D","d","d","D","d","d","d","d","d",-2.4788659488372
92,27,29,"Aa",1,"BB",2,"Cc",1,2052,1235,-1,-1,-1,-1,-1,-1,1,-1,-1,-1,"d","D","D","D","D","D","d","d","d","D","D","d","D","D","d","d","d","D","D","D","d","D","d","D","D","D","D","d","d","d","D","d","D","d","D","D","D","D","d","D","d","d","d","d","d","D","d","D","d",0.951474681729016
100,27,30,"Aa",1,"Bb",1,"CC",2,2225,1571,-1,-1,-1,1,1,1,1,-1,1,-1,"D","D","D","D","D","d","d","d","d","D","D","D","D","d","d","d","D","d","D","D","D","D","D","D","D","D","D","d","d","D","d","d","d","d","D","D","d","D","d","D","d","d","d","d","d","d","D","D","d",0.402457959018472
104,27,31,"AA",2,"BB",2,"Cc",1,708,2328,1,1,1,-1,1,1,1,1,1,-1,"D","D","D","D","d","d","D","D","d","D","d","d","d","d","d","D","d","D","D","D","D","D","d","D","D","D","D","d","D","D","d","D","d","D","D","D","D","D","D","D","D","d","d","d","d","d","d","d","d",-1.83365416132343
95,27,32,"aA",1,"bb",0,"CC",2,1641,494,-1,-1,-1,-1,-1,-1,1,1,-1,-1,"d","d","d","D","D","D","d","d","D","D","D","D","d","d","d","d","d","d","D","d","D","d","D","D","D","D","D","d","d","d","D","D","D","d","D","D","D","D","d","D","d","d","d","D","d","D","d","d","d",1.30959485481359
93,27,33,"AA",2,"Bb",1,"CC",2,1878,332,-1,1,-1,-1,-1,-1,-1,1,-1,-1,"D","D","D","d","d","d","d","d","d","d","D","D","d","d","D","d","d","D","D","d","D","D","D","D","d","D","D","D","D","d","d","D","D","D","D","d","D","D","D","d","d","D","D","d","D","D","D","D","d",-0.943718145253175
97,27,34,"aA",1,"Bb",1,"cC",1,664,813,-1,-1,-1,1,-1,1,-1,1,-1,-1,"d","D","d","D","D","d","d","d","D","d","D","d","D","D","d","D","d","d","D","D","D","d","d","D","D","D","D","d","d","D","d","d","D","D","D","d","D","D","D","d","d","d","d","d","d","d","d","D","d",1.57080782879956
95,27,35,"Aa",1,"BB",2,"CC",2,401,2080,-1,-1,1,1,-1,-1,-1,-1,1,-1,"d","D","D","D","D","d","d","d","d","d","D","d","D","d","d","d","d","D","D","d","D","d","D","D","D","D","D","d","d","D","d","D","d","D","d","D","D","D","d","d","d","d","d","d","d","d","d","d","d",-0.592283436611478
96,27,36,"Aa",1,"bb",0,"cc",0,649,835,-1,-1,1,1,-1,-1,1,-1,-1,-1,"d","D","d","d","D","D","D","d","d","D","D","D","d","d","d","D","D","D","D","d","D","d","D","d","d","D","D","d","D","D","D","D","D","D","d","D","D","d","d","D","d","d","d","d","d","d","d","d","D",0.930182198191096
99,27,37,"aA",1,"bb",0,"cC",1,2204,975,-1,-1,1,1,-1,1,-1,1,-1,1,"d","D","d","D","D","D","D","d","d","D","D","D","d","d","D","D","D","D","d","D","d","d","d","D","D","D","d","D","d","D","D","D","D","D","D","D","d","D","D","D","d","D","d","d","d","d","d","d","D",-0.623726929837503
103,27,38,"Aa",1,"BB",2,"CC",2,1193,520,-1,1,1,1,-1,-1,1,1,1,1,"D","d","d","D","D","d","d","d","d","D","D","d","D","d","d","D","d","d","D","d","D","d","d","D","D","D","D","d","d","D","d","d","d","d","d","D","D","D","D","D","D","d","d","D","D","d","D","D","d",-0.587863828611131
93,27,39,"aA",1,"Bb",1,"CC",2,1922,488,-1,-1,-1,-1,-1,-1,1,-1,-1,-1,"d","d","d","D","D","d","d","d","d","D","D","d","d","d","D","d","d","D","D","d","D","d","d","D","D","D","D","d","d","D","D","d","D","d","D","d","d","D","D","d","d","D","D","d","d","d","d","D","d",1.05492463834937
96,27,40,"Aa",1,"bB",1,"CC",2,19,1957,-1,-1,-1,1,-1,1,-1,1,-1,-1,"D","D","D","D","D","d","d","d","D","D","d","d","d","d","D","D","d","d","D","D","D","D","d","D","D","D","D","d","d","D","D","D","D","d","D","D","D","D","D","d","d","d","d","d","d","d","d","d","d",0.488344087620628
98,27,41,"aa",0,"bB",1,"Cc",1,315,1255,-1,-1,-1,1,-1,-1,1,1,-1,-1,"D","D","D","D","D","d","D","d","d","D","d","d","D","D","d","d","d","D","D","d","d","D","D","D","D","D","D","D","d","D","d","d","D","D","d","D","D","d","d","d","d","d","d","D","d","D","D","D","D",2.37205373037557
96,27,42,"aa",0,"BB",2,"CC",2,615,1050,-1,-1,1,-1,1,-1,1,1,-1,-1,"D","D","D","D","D","d","d","D","D","d","D","d","D","d","d","D","d","D","d","d","D","D","d","D","D","D","D","d","d","d","d","D","d","d","D","d","D","D","D","d","d","D","D","d","d","d","d","d","d",-1.67992559800267
96,27,43,"aA",1,"bb",0,"CC",2,1962,1079,1,-1,1,-1,-1,1,1,-1,-1,-1,"D","D","D","D","D","d","D","d","D","D","D","D","d","d","D","D","d","D","D","d","D","d","D","D","D","D","D","d","d","D","D","D","d","D","D","D","d","d","D","D","d","D","D","D","D","d","d","d","d",-1.76497218840676
101,27,44,"Aa",1,"BB",2,"Cc",1,1432,715,-1,1,1,-1,1,1,-1,1,-1,-1,"D","d","d","d","D","D","D","d","d","d","D","d","D","D","d","d","D","d","D","D","d","D","D","D","D","D","D","d","d","d","d","D","D","d","d","D","D","D","D","D","D","D","d","D","d","d","D","d","d",1.46330957926556
93,27,45,"aA",1,"Bb",1,"CC",2,2478,2132,-1,-1,-1,-1,-1,-1,-1,-1,-1,-1,"d","D","D","D","D","D","d","d","d","d","D","d","D","D","d","D","D","D","d","d","D","D","d","D","D","D","d","d","d","D","D","D","D","D","D","D","D","d","D","d","D","D","D","d","d","D","D","d","d",3.19154601036215
109,27,46,"Aa",1,"bb",0,"Cc",1,2202,317,-1,1,1,1,1,1,1,1,1,1,"D","D","D","D","D","d","d","d","D","D","D","d","D","D","d","d","D","D","D","D","D","d","D","D","D","D","D","d","d","D","d","d","D","d","D","d","d","d","d","D","D","d","D","d","D","d","d","d","d",1.19737950104881
104,27,47,"aA",1,"bb",0,"Cc",1,883,1495,1,-1,1,1,1,1,1,1,-1,-1,"D","d","d","D","D","d","D","d","d","d","D","D","D","D","D","d","d","D","d","D","D","d","D","d","d","D","D","d","d","d","D","d","D","D","d","D","D","D","d","d","d","d","d","d","d","d","d","d","d",0.809174541983821
95,27,48,"Aa",1,"BB",2,"CC",2,950,1143,-1,1,-1,-1,1,1,-1,-1,-1,-1,"D","D","D","D","D","d","d","d","d","D","D","d","D","d","d","D","d","D","D","D","d","D","d","D","D","d","D","d","d","D","D","D","D","d","D","D","D","d","d","D","d","d","D","d","d","d","d","d","D",-0.319173735447688
97,27,49,"aa",0,"BB",2,"cc",0,1914,1786,-1,-1,1,-1,-1,-1,1,1,1,1,"d","d","d","D","D","d","D","d","d","d","D","d","D","d","d","d","d","D","d","d","d","d","D","D","D","D","D","d","d","D","D","d","d","D","D","D","D","D","D","d","D","d","D","d","d","d","d","d","d",-2.24222415657828
103,27,50,"aA",1,"BB",2,"cc",0,1992,1775,1,-1,1,-1,1,1,1,-1,-1,1,"D","D","d","D","D","D","d","d","d","D","D","D","d","d","d","d","D","D","D","D","d","d","d","D","D","D","D","d","d","D","D","d","d","d","D","D","D","D","d","d","D","d","D","D","d","d","d","d","d",1.53273925437069
100,28,1,"Aa",1,"bb",0,"cc",0,1353,1993,1,1,1,-1,-1,1,-1,1,-1,-1,"d","d","d","D","D","d","D","d","d","D","d","D","D","d","d","d","D","D","D","D","D","D","D","D","d","D","D","d","d","D","d","D","d","D","D","d","D","D","D","d","D","d","D","d","d","d","D","d","D",0.73382763907054
97,28,2,"aA",1,"BB",2,"Cc",1,2120,913,-1,-1,1,1,-1,-1,-1,1,1,-1,"D","d","d","D","d","d","d","D","d","d","d","D","d","d","d","D","d","d","d","d","D","D","D","D","D","D","D","d","d","D","d","D","D","D","D","D","D","D","d","D","d","d","d","d","d","d","d","d","D",-0.771768375798718
103,28,3,"aa",0,"Bb",1,"Cc",1,2473,853,-1,1,-1,1,1,1,1,-1,1,-1,"d","D","D","D","D","d","D","d","D","D","d","d","D","d","d","D","d","d","d","d","d","d","d","D","D","D","D","d","d","D","D","D","D","d","D","D","d","D","D","D","d","d","d","D","d","d","d","d","d",1.91774974667128
100,28,4,"AA",2,"bb",0,"CC",2,301,1004,-1,-1,1,-1,1,1,1,1,-1,-1,"D","D","d","D","D","d","D","D","d","D","D","D","d","d","D","d","d","D","D","d","D","d","D","d","d","D","D","d","d","d","D","D","D","D","d","D","d","D","D","d","d","D","d","D","d","D","d","d","d",0.274802136100705
102,28,5,"AA",2,"Bb",1,"cC",1,1998,432,1,-1,-1,1,1,-1,1,1,1,1,"D","d","D","D","D","d","d","d","d","d","D","D","D","D","D","D","D","d","D","d","d","D","d","D","D","D","D","d","D","D","D","D","D","D","D","d","D","D","D","d","D","d","D","d","d","D","d","d","d",-1.41982728811748
101,28,6,"aa",0,"bB",1,"CC",2,2405,2360,1,1,1,-1,1,-1,1,1,1,-1,"d","D","D","D","D","d","d","d","d","d","D","D","D","D","d","D","d","D","D","D","D","d","d","D","d","D","D","d","d","d","d","D","D","D","D","D","D","D","d","d","d","D","D","D","D","d","d","D","d",-2.33491850566908
91,28,7,"aa",0,"bb",0,"cC",1,2256,272,-1,-1,1,-1,-1,-1,-1,1,-1,-1,"D","D","d","D","D","d","d","d","d","D","D","D","D","d","D","D","D","D","D","D","d","d","D","D","D","D","D","D","d","D","d","D","d","D","d","d","D","d","D","d","d","D","D","D","d","d","d","d","d",-2.69039433468263
94,28,8,"aa",0,"bb",0,"cc",0,2294,178,-1,-1,-1,1,1,-1,-1,-1,-1,-1,"D","D","D","D","d","D","D","d","d","D","d","D","d","D","D","d","d","D","D","D","d","D","D","D","D","D","D","D","d","D","d","D","d","d","D","D","D","d","D","D","d","d","d","D","d","d","D","d","d",0.195521616128623
93,28,9,"AA",2,"BB",2,"CC",2,651,1950,-1,-1,-1,-1,-1,1,-1,1,-1,-1,"d","d","D","D","d","D","D","d","d","d","D","D","D","d","D","d","D","D","D","D","D","D","D","D","D","D","D","d","d","D","D","D","D","D","d","d","D","D","d","d","D","D","D","d","d","d","d","d","d",-0.075233715163387
93,28,10,"aa",0,"BB",2,"cc",0,898,1385,-1,-1,-1,-1,-1,-1,1,1,-1,-1,"D","D","d","d","D","D","D","d","d","d","D","d","D","D","d","d","d","D","D","D","D","d","d","D","D","d","D","d","d","d","D","D","d","d","D","D","D","d","D","D","D","D","D","D","d","d","d","d","d",-0.589774032714852
97,28,11,"Aa",1,"bB",1,"CC",2,714,1857,1,-1,1,-1,1,1,-1,-1,-1,-1,"D","D","D","D","D","D","d","d","d","D","D","d","d","d","D","d","d","D","D","D","D","d","d","D","D","D","D","d","d","d","D","d","D","D","D","D","D","d","d","D","D","D","D","d","D","d","D","d","d",-0.297998631952417
91,28,12,"aa",0,"bb",0,"cC",1,2077,987,-1,-1,-1,-1,-1,-1,1,-1,-1,-1,"D","d","D","d","D","d","d","d","d","D","D","d","d","D","d","D","D","D","D","d","d","d","D","d","D","D","D","d","d","D","D","d","D","D","d","d","d","d","d","D","D","D","D","D","d","d","d","d","d",-0.000643917665374099
93,28,13,"aA",1,"bb",0,"cC",1,710,100,-1,-1,-1,-1,-1,-1,1,-1,-1,1,"D","D","D","D","D","D","d","d","d","d","d","d","D","D","d","D","d","D","D","d","D","d","D","D","D","D","D","d","D","D","D","d","D","d","D","D","d","d","d","d","D","D","D","D","D","D","d","d","D",-0.0398590373869976
103,28,14,"AA",2,"bb",0,"cC",1,576,162,1,-1,1,1,-1,1,1,1,-1,1,"d","D","D","D","D","D","D","d","d","D","d","d","D","D","d","D","D","D","d","D","D","D","D","D","D","D","D","d","d","D","D","d","D","d","D","D","D","d","d","D","d","D","d","d","d","D","d","D","d",-0.595432266291254
91,28,15,"AA",2,"Bb",1,"Cc",1,1338,783,-1,-1,-1,-1,1,1,-1,-1,-1,-1,"D","d","d","D","d","D","D","d","d","D","d","D","d","D","d","D","d","D","D","D","D","d","D","d","D","D","D","d","d","D","D","D","d","D","D","D","D","d","D","d","d","D","d","d","D","d","d","D","d",-2.40554097914479
91,28,16,"aa",0,"bb",0,"cc",0,1360,464,-1,-1,-1,-1,-1,1,1,-1,-1,-1,"d","D","D","D","D","d","D","d","D","D","d","d","d","D","D","d","d","D","D","D","d","d","D","D","D","D","D","d","d","d","D","D","D","d","D","d","D","d","D","d","D","d","d","d","d","d","d","D","d",-2.05269539517677
95,28,17,"aA",1,"bB",1,"CC",2,2150,1208,-1,-1,1,-1,1,-1,1,1,-1,-1,"d","d","D","D","D","d","d","d","d","d","D","d","d","D","D","D","D","D","D","d","D","d","d","D","D","D","D","d","d","D","D","D","d","d","D","d","d","D","D","d","d","D","D","d","d","d","d","d","d",-2.44221475593067
103,28,18,"aa",0,"bB",1,"cC",1,1201,533,-1,-1,1,1,-1,1,1,1,-1,1,"D","D","d","D","d","d","d","d","D","d","d","d","d","d","D","d","D","d","D","D","D","d","D","D","d","D","D","d","d","D","d","D","D","D","D","D","d","d","d","D","d","d","d","d","d","d","d","d","d",1.88239728964145
103,28,19,"aA",1,"BB",2,"CC",2,1181,1379,-1,-1,1,1,-1,1,1,-1,1,1,"D","D","d","D","d","D","D","D","d","D","D","d","D","D","d","d","D","D","D","D","D","d","d","D","D","D","D","d","d","d","d","D","D","D","D","D","D","d","D","d","D","D","d","D","D","d","d","d","D",1.20858140066809
96,28,20,"aa",0,"BB",2,"Cc",1,741,1610,1,-1,1,1,-1,-1,-1,-1,-1,-1,"D","D","D","D","D","D","d","d","D","d","D","D","D","d","d","D","d","D","D","D","D","d","D","D","d","D","D","d","d","d","D","d","D","D","D","D","D","D","D","D","d","D","D","d","d","d","d","d","d",0.309914043461739
106,28,21,"Aa",1,"bB",1,"cc",0,775,1316,1,-1,1,1,1,1,1,1,1,-1,"D","D","D","D","d","d","d","d","D","D","D","D","D","D","d","D","D","D","d","D","D","d","d","d","d","D","D","d","d","D","D","d","d","D","D","D","D","D","D","d","d","d","D","d","D","d","d","D","d",0.67037112446654
100,28,22,"aA",1,"bb",0,"CC",2,815,1627,1,-1,1,-1,1,1,1,-1,-1,-1,"d","D","d","D","d","D","d","d","d","d","d","D","d","d","D","d","d","d","D","d","d","D","D","D","d","D","D","d","d","d","D","d","D","D","D","D","D","d","D","d","D","d","d","D","d","D","D","d","D",0.91864996232406
99,28,23,"aA",1,"bb",0,"cC",1,981,682,-1,-1,-1,1,-1,1,-1,-1,-1,1,"D","D","D","D","D","d","d","d","d","D","D","D","d","d","d","d","D","D","D","d","d","d","D","D","D","D","D","d","d","D","D","d","D","D","D","D","D","D","d","D","D","D","D","D","d","d","d","D","d",3.99743675986733
98,28,24,"aa",0,"Bb",1,"cC",1,2099,1012,-1,-1,1,1,-1,-1,1,1,-1,-1,"D","D","D","D","D","D","d","d","D","D","D","D","d","d","d","d","D","D","d","D","d","d","D","D","D","D","D","d","D","d","D","d","D","d","D","D","d","d","D","D","D","d","D","d","d","d","d","D","d",0.988448107168031
96,28,25,"aa",0,"Bb",1,"Cc",1,26,323,-1,-1,-1,-1,-1,1,1,-1,-1,-1,"d","d","D","D","D","D","D","d","D","D","d","D","d","d","d","d","d","D","D","D","d","d","D","D","D","D","D","d","d","D","D","D","d","D","d","D","D","d","D","D","d","D","d","d","d","d","d","d","d",2.57433366624647
97,28,26,"aa",0,"Bb",1,"cc",0,73,431,-1,-1,1,-1,1,-1,1,1,-1,-1,"D","D","D","D","D","D","d","d","d","d","D","d","D","D","D","D","d","D","D","d","d","D","D","D","D","D","D","d","d","d","d","D","D","D","D","D","d","D","D","D","d","d","d","D","d","d","d","d","d",-0.280577449418407
95,28,27,"Aa",1,"Bb",1,"Cc",1,1858,833,1,1,1,-1,-1,-1,-1,1,-1,-1,"D","D","D","D","d","d","d","d","d","D","D","D","D","d","d","d","D","D","D","d","D","D","D","D","D","D","D","d","d","d","D","D","d","d","D","D","D","d","D","d","D","D","D","d","d","D","d","d","d",-2.5904749301702
98,28,29,"aA",1,"Bb",1,"CC",2,2248,649,-1,-1,1,1,-1,-1,1,1,1,-1,"D","d","D","D","D","d","D","D","d","d","D","D","D","D","d","D","D","d","D","d","D","d","d","D","D","D","D","d","d","D","D","d","D","d","D","D","d","d","d","d","D","d","d","d","d","d","d","d","d",-1.69314668667044
99,28,30,"aA",1,"bb",0,"cC",1,1246,2112,1,-1,-1,-1,1,1,1,1,-1,-1,"D","D","D","D","D","d","D","D","D","D","d","d","D","d","d","D","D","D","d","D","d","d","d","D","D","D","D","d","d","D","D","D","D","D","D","d","D","D","d","d","d","D","D","d","D","d","d","d","d",-0.174540333356921
98,28,31,"AA",2,"bB",1,"Cc",1,578,1682,-1,1,-1,1,-1,1,1,-1,-1,1,"D","D","D","D","D","d","d","d","D","D","D","D","d","d","d","d","d","D","D","D","d","D","D","D","D","D","D","D","d","D","D","d","d","D","D","d","d","d","D","d","d","D","D","D","d","d","D","d","d",-1.13148538185301
104,28,32,"AA",2,"BB",2,"CC",2,2250,1189,1,-1,-1,1,1,1,1,1,-1,-1,"d","D","d","d","D","D","d","d","d","d","D","D","D","D","D","d","D","D","D","d","d","d","D","D","D","D","D","d","d","d","D","D","D","D","d","d","D","d","D","D","d","D","d","d","d","D","d","D","D",2.15998261570381
101,28,33,"aa",0,"Bb",1,"CC",2,2111,639,-1,1,1,1,1,-1,1,-1,-1,-1,"D","D","d","d","D","d","d","d","d","d","D","D","d","D","D","D","d","D","D","D","d","d","d","D","D","D","D","d","d","D","D","D","d","d","d","d","d","D","D","D","d","D","D","D","d","d","D","D","d",1.0185515276574
93,28,34,"AA",2,"bB",1,"cC",1,1172,479,-1,-1,-1,1,1,-1,-1,-1,-1,-1,"D","D","D","d","D","D","D","d","d","D","D","D","d","D","D","D","D","D","D","d","d","d","d","D","D","D","D","d","D","D","D","D","D","D","d","d","D","d","d","D","d","d","d","d","D","d","d","d","d",-0.84279267663699
99,28,35,"AA",2,"Bb",1,"CC",2,2328,1395,1,-1,-1,-1,1,1,1,-1,-1,-1,"d","D","D","d","d","D","d","d","d","D","D","d","D","d","D","D","D","D","D","d","D","d","d","D","D","D","D","d","d","d","D","D","d","D","D","D","D","d","d","D","D","D","D","d","d","d","d","d","d",1.13570163223588
99,28,36,"AA",2,"bB",1,"cC",1,624,1676,-1,-1,-1,1,1,1,1,-1,-1,1,"D","d","D","D","D","D","d","D","d","D","d","D","D","d","D","d","D","D","D","d","d","d","D","D","D","D","D","d","d","D","D","d","D","d","D","D","d","d","D","d","d","d","D","D","d","d","d","d","d",-0.260701439886805
88,28,37,"aA",1,"BB",2,"CC",2,303,834,-1,-1,-1,-1,-1,-1,-1,-1,-1,-1,"D","D","d","D","D","D","d","d","d","D","D","d","d","d","D","d","d","D","D","d","D","d","d","D","D","D","D","d","D","D","D","d","d","d","D","D","D","D","D","d","d","D","d","d","d","d","d","d","D",-1.62506414358562
98,28,38,"aA",1,"bb",0,"CC",2,683,2476,1,-1,-1,1,1,1,-1,-1,-1,-1,"d","D","d","D","D","d","D","d","d","D","D","d","D","d","D","d","D","d","D","d","D","d","d","D","D","D","D","d","d","D","D","d","d","D","D","D","D","D","D","D","d","D","D","D","D","d","d","d","d",0.328901235823104
89,28,39,"aa",0,"BB",2,"Cc",1,2442,1320,-1,-1,-1,-1,-1,-1,-1,-1,-1,-1,"D","D","d","D","D","D","d","d","D","D","D","d","d","d","D","d","d","d","D","d","D","d","D","D","D","D","D","d","d","D","D","d","D","D","D","D","d","D","d","D","d","d","d","D","d","d","d","d","d",-0.379834693547078
105,28,40,"AA",2,"bb",0,"Cc",1,2116,2199,-1,-1,1,1,1,1,1,1,1,1,"D","D","d","D","D","d","d","D","d","D","D","d","d","d","d","d","D","D","D","D","D","d","D","D","D","D","D","d","d","D","D","D","D","D","D","d","D","d","d","d","D","d","d","D","D","d","d","d","d",-0.875696353403172
94,28,41,"aA",1,"bb",0,"cc",0,404,1859,-1,-1,-1,1,1,-1,-1,1,-1,1,"D","d","d","d","D","d","d","d","d","D","D","d","d","D","d","D","d","D","D","d","D","d","d","D","D","D","D","d","d","D","D","D","D","d","d","D","D","D","D","D","d","D","D","d","d","d","D","D","D",-3.02851369886115
91,28,42,"aA",1,"Bb",1,"cc",0,945,1242,-1,-1,-1,-1,-1,1,-1,-1,-1,-1,"d","D","D","d","D","D","d","d","d","d","D","d","D","d","d","d","d","D","D","D","d","d","D","D","D","D","D","d","d","d","d","D","D","d","D","D","D","D","d","D","d","d","D","d","d","d","D","d","d",-0.249763196334022
95,28,43,"aA",1,"bB",1,"CC",2,1637,110,-1,-1,-1,-1,-1,1,1,-1,-1,1,"d","D","D","d","D","D","D","D","d","d","D","d","D","d","d","d","D","d","D","D","d","d","d","D","D","D","D","d","d","d","D","D","d","D","d","d","D","d","d","d","d","D","D","D","D","d","d","d","d",-0.959608226551685
101,28,44,"Aa",1,"bb",0,"cc",0,1983,2414,-1,1,-1,-1,1,1,1,1,-1,1,"D","D","D","d","D","D","d","d","D","D","d","d","D","D","D","D","d","D","D","D","d","d","D","d","D","D","D","d","d","D","D","D","D","D","D","D","D","d","D","d","D","D","d","d","D","d","D","d","d",-0.621949036283925
108,28,45,"AA",2,"bb",0,"Cc",1,647,866,1,1,1,1,1,1,1,1,-1,-1,"D","D","D","D","D","D","d","D","d","D","d","d","D","d","d","d","d","D","D","d","d","D","D","D","D","D","D","D","d","D","D","D","D","d","d","D","D","d","d","d","D","d","d","d","D","d","d","D","d",2.49953164012466
97,28,46,"AA",2,"Bb",1,"Cc",1,2127,2171,-1,-1,1,-1,-1,1,1,1,-1,-1,"d","d","D","d","d","d","d","d","d","D","D","D","D","d","d","d","d","D","d","D","D","d","d","D","D","D","D","d","d","D","d","d","D","D","d","d","D","D","d","D","D","d","d","D","D","d","d","D","d",-0.98753073013166
94,28,47,"aa",0,"Bb",1,"cC",1,1301,442,-1,1,-1,1,1,-1,-1,-1,-1,-1,"D","D","D","D","D","d","d","d","d","D","D","d","D","d","D","d","D","d","d","D","d","d","d","D","D","D","D","d","d","D","d","d","D","D","d","D","D","D","d","D","d","D","D","d","d","D","d","D","d",-1.59222526657667
100,28,48,"aa",0,"BB",2,"Cc",1,1950,1279,-1,-1,-1,1,1,-1,1,1,-1,-1,"D","D","d","D","D","D","D","d","d","d","d","D","D","D","d","d","D","D","D","D","d","D","d","D","D","d","D","d","d","D","D","D","D","d","D","D","D","D","d","D","d","D","D","d","d","D","d","d","D",2.93674644360903
103,28,49,"aA",1,"bB",1,"Cc",1,1581,1044,-1,1,-1,-1,1,1,1,1,-1,1,"d","d","D","D","D","D","d","d","d","D","d","d","d","d","d","d","d","d","D","D","D","D","D","D","D","D","D","d","d","D","D","d","d","D","d","D","D","d","D","d","D","d","d","D","d","d","d","D","d",1.41341765391669
98,28,50,"aA",1,"Bb",1,"cC",1,965,376,-1,-1,-1,1,1,1,1,-1,-1,-1,"d","d","D","D","D","D","D","d","d","D","D","D","d","d","d","D","d","d","D","d","D","d","d","D","D","D","D","d","D","d","D","D","D","D","D","d","D","D","D","D","D","d","D","d","d","D","D","D","d",0.312807130164489
101,29,1,"Aa",1,"Bb",1,"cc",0,458,254,1,-1,1,1,1,1,1,-1,-1,-1,"D","D","D","D","D","d","d","d","D","D","d","D","d","D","d","D","D","D","d","D","D","D","D","d","D","D","D","d","d","D","D","D","D","D","d","d","D","d","D","d","d","d","D","D","d","d","d","d","d",-0.0498912119193831
95,29,2,"aa",0,"BB",2,"cc",0,313,603,-1,-1,-1,-1,1,1,1,-1,-1,-1,"D","d","D","D","D","d","d","d","d","d","D","d","D","d","d","d","d","D","D","d","D","D","D","D","D","D","D","d","d","D","d","D","d","D","D","D","D","D","D","d","D","d","d","d","d","d","d","d","d",-0.611275276443141
102,29,3,"aA",1,"BB",2,"cc",0,1771,670,1,1,1,1,1,1,1,-1,-1,-1,"D","D","d","D","D","d","D","d","D","d","D","D","D","d","d","D","D","D","d","d","D","d","d","D","D","D","D","d","d","d","D","D","D","D","D","D","d","D","d","D","d","D","d","D","d","d","D","D","d",-1.85374133235232
89,29,4,"Aa",1,"Bb",1,"CC",2,825,500,-1,-1,-1,-1,-1,-1,-1,1,-1,-1,"D","D","D","d","D","D","D","d","D","D","d","D","d","d","d","d","D","d","d","d","d","D","D","d","D","D","D","d","d","d","D","d","d","D","D","D","D","D","D","d","d","d","D","d","d","d","d","d","d",-2.53942690753167
96,29,5,"aA",1,"Bb",1,"Cc",1,1439,2221,-1,-1,-1,1,-1,-1,1,-1,-1,-1,"d","D","D","D","D","d","D","d","d","d","D","d","D","D","d","d","D","D","D","D","D","D","D","D","d","D","D","D","d","D","D","D","D","D","d","D","D","d","d","D","d","D","d","d","D","d","d","d","d",2.80109941316365
94,29,6,"AA",2,"BB",2,"cC",1,860,923,-1,-1,1,-1,1,1,-1,1,-1,-1,"d","D","D","D","D","D","d","d","d","D","d","d","D","d","d","d","d","d","d","D","d","D","d","D","D","D","D","d","d","D","d","D","d","D","d","D","d","d","d","d","D","d","d","d","d","d","d","d","d",-3.45271173144613
98,29,7,"AA",2,"BB",2,"Cc",1,543,2201,1,1,-1,-1,1,-1,-1,1,-1,1,"d","D","D","D","D","D","d","d","D","D","d","D","d","d","d","d","d","d","D","d","d","d","d","D","D","D","D","d","d","d","d","D","D","D","D","D","D","D","D","d","d","d","d","d","d","D","D","d","d",-1.32060582838534
90,29,8,"Aa",1,"BB",2,"Cc",1,1615,1122,-1,-1,-1,-1,-1,-1,-1,-1,-1,-1,"d","D","d","D","D","d","d","d","d","d","D","d","D","d","d","D","D","D","D","d","D","D","D","D","D","D","D","d","d","d","D","D","d","d","D","d","D","D","d","D","d","d","D","D","D","D","d","D","d",0.546005048194388
104,29,9,"Aa",1,"BB",2,"Cc",1,190,2379,1,-1,1,1,1,1,-1,1,-1,1,"d","D","D","d","D","D","d","D","d","D","d","D","D","D","D","D","D","D","d","D","D","d","D","D","D","D","d","d","d","D","d","D","D","D","D","D","D","D","d","D","d","d","d","D","d","D","d","d","d",0.370106660163715
104,29,10,"aa",0,"bb",0,"CC",2,72,1999,1,1,1,1,1,-1,1,1,1,-1,"D","D","D","D","D","d","d","d","d","d","d","D","d","d","d","d","d","D","d","D","D","D","D","D","D","D","D","D","d","D","d","d","d","D","D","D","d","D","D","d","d","D","d","d","d","d","d","D","d",-1.00082055643564
103,29,11,"Aa",1,"BB",2,"cC",1,492,429,-1,-1,1,1,1,1,1,1,1,-1,"d","d","D","d","D","d","d","d","D","d","d","d","d","d","D","D","d","d","d","D","d","d","D","D","D","D","D","d","d","D","D","d","D","D","D","d","D","d","d","d","D","d","D","d","d","D","d","D","d",-0.0717413502950545
101,29,12,"Aa",1,"bb",0,"cC",1,1548,2043,-1,1,1,1,1,-1,1,1,-1,1,"D","D","d","D","d","D","d","d","d","d","d","D","d","d","d","d","d","D","D","D","d","d","D","D","d","D","D","d","d","D","D","D","d","D","d","d","D","d","d","d","d","d","d","d","d","d","D","d","d",-2.59148202790804
103,29,13,"aA",1,"BB",2,"cc",0,2044,1180,-1,1,-1,-1,1,1,1,1,-1,-1,"d","d","d","D","D","d","d","d","d","D","D","d","D","D","d","D","D","D","D","D","d","d","d","d","D","D","D","D","d","D","D","D","D","D","D","d","d","D","d","D","d","d","D","d","d","d","d","d","d",3.11669037409852
95,29,14,"aa",0,"Bb",1,"Cc",1,307,1782,1,-1,-1,1,-1,1,-1,-1,-1,-1,"d","d","d","D","D","D","D","d","D","d","d","D","d","d","d","d","d","D","d","D","d","D","D","d","D","D","D","d","d","D","D","D","D","D","d","D","D","d","d","D","D","d","d","d","d","d","D","d","d",-0.876382265098654
98,29,15,"AA",2,"BB",2,"Cc",1,626,663,-1,-1,1,-1,1,-1,1,1,-1,-1,"d","d","D","D","D","d","d","D","d","D","d","d","D","d","d","D","D","d","D","d","d","D","D","d","d","D","D","d","d","D","D","D","D","D","d","D","D","D","d","D","d","d","D","d","d","d","d","d","d",0.557490906602981
93,29,16,"Aa",1,"bb",0,"Cc",1,2303,2135,-1,-1,-1,1,-1,-1,-1,1,-1,-1,"D","d","d","D","D","D","d","D","d","D","d","D","D","d","d","d","d","d","d","D","D","D","D","D","D","D","D","D","d","D","d","D","d","D","d","d","D","D","d","D","d","d","d","D","D","D","d","d","d",-0.646744906929349
100,29,17,"AA",2,"Bb",1,"Cc",1,1575,36,1,-1,1,1,1,-1,1,-1,1,-1,"d","D","d","D","D","d","d","d","d","d","D","d","d","D","D","d","D","d","D","d","d","D","D","D","D","D","D","d","d","D","D","D","D","D","D","D","D","d","D","D","d","d","d","d","d","d","d","d","D",-1.32299308830761
98,29,18,"aA",1,"BB",2,"cC",1,1892,2010,-1,-1,1,1,1,-1,-1,-1,1,-1,"d","D","D","D","D","D","D","d","D","d","d","d","d","d","d","D","D","D","D","D","D","D","d","D","D","D","D","d","d","D","D","D","d","d","D","D","d","D","d","d","d","d","d","d","d","d","d","d","d",0.935935494286901
97,29,19,"Aa",1,"bb",0,"cC",1,1224,350,-1,-1,1,1,1,1,-1,-1,-1,-1,"d","D","d","d","d","d","D","d","d","D","D","D","D","d","d","D","d","d","D","D","d","D","d","D","D","D","D","d","D","D","D","D","D","D","d","D","d","D","D","D","d","d","D","d","d","d","D","D","d",-0.310669378412737
97,29,20,"aa",0,"BB",2,"cC",1,211,1440,-1,1,1,-1,1,-1,-1,-1,-1,1,"D","D","D","D","D","D","D","D","D","D","D","D","d","D","d","D","D","D","D","D","d","d","D","D","D","D","D","d","D","d","d","d","D","D","D","d","D","d","d","D","d","d","d","d","D","d","d","d","D",-0.277383306542507
89,29,21,"aa",0,"Bb",1,"Cc",1,1571,1828,-1,-1,-1,-1,-1,-1,-1,-1,-1,-1,"d","D","d","d","D","d","D","D","d","D","D","d","d","d","d","D","D","D","D","D","D","D","D","D","D","D","D","d","d","d","d","D","d","D","D","D","d","D","D","D","d","d","D","d","d","D","d","d","d",-0.420808880748618
107,29,22,"AA",2,"Bb",1,"CC",2,1963,858,1,1,1,1,1,1,1,1,-1,1,"D","d","D","D","D","d","D","d","D","D","D","d","d","D","d","D","D","D","D","d","D","D","d","D","D","D","D","d","d","D","D","D","d","D","D","D","D","d","D","d","d","d","d","d","D","D","D","D","D",-0.313905751546211
96,29,23,"Aa",1,"Bb",1,"cC",1,189,1144,1,-1,-1,-1,1,-1,1,-1,-1,-1,"d","D","d","D","d","d","D","d","D","D","d","D","D","D","d","D","D","D","D","D","D","d","d","D","d","D","d","d","d","D","D","d","D","D","D","D","d","d","d","D","d","d","D","d","d","D","d","d","d",0.596331263652073
100,29,24,"aa",0,"BB",2,"cC",1,1592,2445,-1,-1,1,1,1,1,1,1,-1,-1,"d","D","D","D","D","D","d","D","D","d","d","D","D","d","d","D","D","D","D","d","d","D","D","D","D","D","D","D","D","D","d","d","D","D","D","d","d","D","D","d","D","D","D","d","D","D","d","d","d",-1.810622636004
96,29,25,"aA",1,"bB",1,"cC",1,2214,1014,-1,-1,1,-1,1,1,1,1,-1,-1,"D","D","D","D","D","d","D","d","d","D","D","d","D","D","d","d","d","D","D","D","d","d","D","D","D","D","D","D","d","D","D","d","D","D","D","d","D","d","D","D","d","d","d","d","d","d","D","d","D",-3.6579431134602
103,29,26,"AA",2,"bb",0,"CC",2,8,892,1,-1,1,-1,1,1,-1,1,-1,-1,"D","d","D","d","D","d","d","d","D","D","D","d","D","D","d","d","D","d","D","D","D","D","d","D","D","D","D","d","d","D","D","D","d","D","D","D","D","D","D","D","D","D","d","D","d","D","d","d","d",3.4737550299401
99,29,27,"AA",2,"Bb",1,"Cc",1,1443,2059,-1,1,-1,1,-1,1,1,1,-1,-1,"D","D","D","D","D","d","D","D","D","d","d","D","D","d","D","D","d","D","D","D","D","D","D","D","D","D","D","D","d","D","d","D","d","d","D","D","d","d","d","D","d","d","d","D","d","d","d","D","d",-0.799398523131286
91,29,28,"Aa",1,"bb",0,"cc",0,2371,226,-1,-1,-1,-1,1,-1,-1,-1,-1,-1,"d","D","D","D","D","D","D","D","d","D","D","D","D","d","D","D","d","D","D","D","D","d","D","d","D","D","D","d","d","D","d","D","D","d","D","d","d","d","D","D","D","d","D","d","D","d","d","D","d",-0.174016295658504
99,29,30,"aa",0,"bb",0,"Cc",1,665,1654,1,-1,1,-1,1,-1,1,1,-1,-1,"d","D","d","D","D","D","d","d","d","d","D","D","d","d","d","D","D","D","D","d","D","D","d","D","D","D","D","d","d","D","D","D","D","D","D","D","D","D","D","d","d","D","d","d","d","D","d","D","d",-0.526125971530382
98,29,31,"aA",1,"Bb",1,"CC",2,1739,1064,-1,-1,-1,1,1,1,1,-1,-1,-1,"D","d","D","D","D","d","d","D","D","D","d","D","d","d","d","D","d","d","d","d","D","d","d","D","D","D","D","d","d","D","D","D","D","D","D","D","d","D","d","D","d","D","d","D","D","D","D","d","d",0.586630655605035
98,29,32,"aa",0,"bB",1,"cC",1,83,2254,-1,-1,1,-1,1,-1,1,1,-1,-1,"d","D","D","D","D","d","d","d","d","D","D","D","d","d","d","d","D","D","d","D","d","d","d","D","D","D","D","d","d","d","d","D","D","D","D","d","d","D","D","D","D","d","d","d","d","d","D","D","d",0.922276653545901
93,29,33,"aA",1,"Bb",1,"cC",1,1173,225,-1,-1,-1,-1,-1,1,-1,1,-1,-1,"D","d","D","D","D","D","d","D","d","D","d","d","d","d","d","D","D","D","D","d","d","d","D","D","D","D","D","d","D","d","d","d","D","d","d","d","d","d","D","D","d","d","D","d","D","d","d","D","D",-0.803027973931516
108,29,34,"Aa",1,"bB",1,"cc",0,1667,2252,1,1,1,1,1,1,1,1,-1,1,"D","D","D","D","d","D","d","d","d","D","D","D","D","D","d","d","d","d","D","d","d","D","D","D","D","D","D","d","D","D","d","D","d","D","d","d","D","d","d","D","D","d","d","d","d","d","d","D","D",0.762133807101087
110,29,35,"aa",0,"bB",1,"CC",2,2218,843,1,1,1,1,1,1,1,1,1,-1,"D","d","D","D","d","d","d","d","D","D","D","D","d","d","D","D","d","d","d","d","d","D","d","D","D","D","D","d","d","D","d","D","D","D","d","d","D","d","d","d","d","d","D","D","d","d","D","d","d",2.72440493834877
100,29,36,"Aa",1,"bB",1,"Cc",1,2297,1488,1,1,-1,1,-1,1,1,1,-1,-1,"D","D","D","d","D","d","D","d","D","D","D","D","d","d","d","d","d","d","D","D","d","D","d","D","D","D","D","d","d","D","D","D","d","d","d","D","D","d","D","d","d","d","d","d","d","d","d","d","d",-1.56435017412419
95,29,37,"AA",2,"bb",0,"cc",0,2114,2281,-1,-1,1,-1,1,-1,1,-1,-1,-1,"d","d","d","D","D","d","d","d","d","D","d","D","D","d","d","d","D","D","d","D","d","D","D","D","d","D","D","d","d","d","d","D","D","D","D","D","D","D","D","D","D","D","d","D","d","D","D","D","d",-0.12562956090092
102,29,38,"aA",1,"bB",1,"Cc",1,1168,2201,1,1,1,1,1,-1,-1,-1,-1,-1,"d","d","D","D","D","d","d","D","d","d","d","D","d","d","d","D","d","D","d","d","D","d","d","D","D","D","D","d","d","d","d","D","d","D","D","D","D","D","d","d","d","d","d","d","d","d","D","D","d",2.09230129340835
105,29,39,"aa",0,"BB",2,"cc",0,338,1567,1,1,1,1,-1,1,1,1,1,-1,"D","D","D","D","D","d","d","d","D","d","d","d","D","d","d","d","D","d","D","D","D","D","D","D","d","D","D","d","D","D","D","D","D","D","D","D","D","D","D","d","D","d","d","D","d","d","d","d","D",-0.9906297888127
92,29,40,"aa",0,"BB",2,"cc",0,1650,1885,-1,-1,-1,-1,-1,-1,-1,-1,-1,-1,"D","D","D","D","D","d","d","d","d","D","D","d","D","D","d","D","d","d","D","d","D","d","D","D","D","D","D","d","D","d","d","d","d","d","D","D","D","D","D","d","d","d","d","d","d","D","d","d","D",2.51825772560165
102,29,41,"AA",2,"Bb",1,"Cc",1,217,626,1,1,-1,1,1,1,-1,1,-1,-1,"d","D","d","D","d","d","D","D","D","D","D","d","d","D","d","d","D","D","D","D","D","D","D","D","D","D","D","D","d","d","D","d","D","d","D","D","D","D","D","d","D","D","d","d","d","D","d","D","d",0.581137271442997
95,29,42,"Aa",1,"bB",1,"Cc",1,366,203,-1,1,-1,1,-1,1,-1,-1,-1,-1,"D","D","D","D","D","D","d","D","d","d","d","D","d","D","D","d","d","D","D","d","D","d","D","D","d","D","D","D","d","D","d","D","d","d","D","D","D","d","d","d","D","D","D","D","d","D","d","d","d",-0.286877162661621
95,29,43,"aA",1,"BB",2,"Cc",1,86,516,1,-1,-1,1,-1,1,-1,-1,-1,-1,"D","D","D","D","d","d","d","d","d","d","d","d","D","d","D","d","D","D","d","D","d","d","d","D","d","D","D","D","d","D","D","D","d","d","D","D","D","D","D","d","D","D","d","d","D","d","d","d","d",-0.616327484497394
96,29,44,"aa",0,"BB",2,"Cc",1,2383,691,-1,1,-1,-1,-1,1,-1,-1,-1,-1,"d","D","D","D","D","d","d","d","D","D","d","D","d","D","D","d","d","D","D","D","d","D","d","D","D","D","D","d","d","d","d","D","D","D","D","d","d","D","D","d","D","d","d","D","D","d","d","D","d",2.37825420085072
97,29,45,"AA",2,"Bb",1,"Cc",1,823,882,-1,1,1,1,1,-1,-1,1,-1,-1,"D","D","D","D","D","d","D","D","d","d","D","D","D","D","d","d","D","D","D","d","D","d","d","D","D","D","D","d","D","d","D","D","D","D","D","d","D","D","D","D","D","d","d","D","d","D","d","d","d",-2.32852333017658
108,29,46,"Aa",1,"bB",1,"cc",0,647,2448,1,-1,1,1,1,1,1,1,1,1,"D","D","d","D","D","d","d","d","d","D","d","d","D","d","d","d","d","D","d","d","D","D","d","D","D","D","D","D","d","D","D","D","D","d","D","D","D","d","D","D","D","d","d","d","d","D","d","D","d",0.765542506999451
102,29,47,"AA",2,"BB",2,"CC",2,25,1697,-1,-1,-1,1,1,1,1,1,-1,-1,"d","D","d","D","D","D","D","d","d","D","D","D","D","D","d","d","D","d","D","d","D","D","D","D","D","d","D","d","d","D","D","D","D","D","D","D","D","D","d","D","d","D","d","d","d","d","d","d","D",2.3907490882558
98,29,48,"Aa",1,"Bb",1,"CC",2,384,1708,-1,-1,1,1,-1,1,1,1,-1,-1,"D","D","d","D","D","D","d","D","D","D","d","D","d","d","d","D","d","D","D","d","D","d","d","D","D","d","D","d","D","D","D","d","D","d","D","d","D","d","d","d","d","d","D","D","d","d","D","d","d",-1.254436000356
92,29,49,"Aa",1,"bB",1,"cC",1,2215,903,1,-1,-1,-1,-1,-1,-1,-1,-1,-1,"d","d","D","D","D","D","D","d","d","d","D","d","d","d","d","d","d","d","d","D","d","d","D","D","D","D","D","D","d","D","d","d","d","D","d","D","D","D","d","d","d","D","D","d","d","d","d","d","d",0.736169539784746
100,29,50,"AA",2,"BB",2,"cc",0,914,237,1,-1,-1,1,-1,1,1,1,-1,-1,"d","D","D","D","D","d","d","D","d","D","D","d","d","d","d","D","D","D","D","d","D","d","D","D","d","D","D","d","d","D","D","d","d","D","D","D","D","D","D","D","d","d","D","D","D","d","D","D","d",0.165788571800389
95,30,1,"Aa",1,"bB",1,"CC",2,2075,1277,-1,-1,-1,1,-1,1,-1,-1,-1,-1,"d","D","D","d","D","D","d","d","d","D","d","d","d","d","d","d","d","D","D","D","D","D","d","d","D","d","D","d","d","d","D","d","d","D","D","D","d","D","d","d","D","d","D","D","d","D","d","d","d",1.05375810061813
102,30,2,"aA",1,"bB",1,"Cc",1,2055,1146,1,1,1,1,-1,1,-1,1,-1,-1,"D","D","d","D","D","d","d","d","D","d","D","d","d","d","D","d","d","D","d","D","D","d","D","D","D","D","D","d","d","D","d","d","d","d","D","d","d","D","D","D","d","d","D","D","d","d","d","d","D",0.0201768507927394
105,30,3,"Aa",1,"Bb",1,"CC",2,708,2298,1,-1,1,-1,1,1,1,1,1,1,"d","D","d","D","D","d","d","D","D","D","D","d","d","d","d","D","d","d","D","D","d","D","D","D","d","D","D","d","D","D","D","D","D","D","d","d","d","D","d","d","d","d","d","d","d","d","D","d","D",-0.00993670011187891
98,30,4,"AA",2,"bB",1,"CC",2,1276,608,-1,-1,-1,1,1,1,1,-1,-1,-1,"d","d","D","D","D","d","D","d","d","D","D","D","D","d","D","D","d","D","d","d","D","d","d","d","D","D","D","d","d","D","D","D","D","D","D","D","d","d","D","D","D","d","d","d","d","d","D","D","d",0.797655018417353
94,30,5,"Aa",1,"Bb",1,"cC",1,1120,2420,-1,-1,1,-1,-1,-1,1,-1,-1,-1,"D","D","d","D","d","d","d","d","d","d","D","D","d","D","d","d","D","d","D","D","d","d","d","D","D","D","D","d","d","d","D","D","D","d","D","D","D","D","d","D","D","D","D","D","D","D","d","d","d",0.954257148933231
101,30,6,"AA",2,"bB",1,"Cc",1,693,24,-1,-1,1,1,-1,1,1,1,-1,-1,"D","D","D","D","D","D","d","d","D","D","D","D","d","D","d","d","d","D","D","D","d","D","d","D","D","d","D","d","d","d","d","D","d","D","D","d","D","D","d","D","d","d","D","D","D","D","d","d","D",1.45635325482347
94,30,7,"aA",1,"BB",2,"CC",2,973,1453,-1,-1,-1,1,1,-1,-1,-1,-1,-1,"D","D","D","D","d","d","d","D","D","d","D","D","D","d","D","d","d","d","D","d","D","d","d","D","D","D","D","d","d","D","D","d","D","D","D","D","D","d","D","d","d","d","D","d","d","D","D","d","D",0.931740189482554
108,30,8,"aa",0,"Bb",1,"cC",1,77,1304,-1,1,1,1,1,1,1,1,1,1,"D","d","d","D","D","d","D","d","d","D","d","D","d","d","d","d","D","d","D","d","d","D","D","D","D","d","D","d","d","d","d","D","D","d","D","D","d","D","D","d","D","d","d","d","d","D","D","d","d",0.513955695706215
99,30,9,"AA",2,"bB",1,"CC",2,1500,1386,-1,1,1,-1,1,1,-1,1,-1,-1,"D","d","d","D","D","d","d","d","d","D","D","d","D","d","d","d","D","d","D","d","D","d","D","D","D","D","D","d","D","d","D","d","d","d","D","D","d","D","d","d","D","d","D","D","d","d","D","d","d",-0.743966143047345
89,30,10,"Aa",1,"bB",1,"Cc",1,1405,2,-1,-1,-1,-1,-1,-1,-1,-1,-1,-1,"D","D","D","D","d","d","d","d","D","d","D","D","D","d","D","D","d","D","D","d","d","d","d","D","d","D","D","d","d","D","D","D","D","D","D","D","D","D","D","D","d","d","d","D","d","d","d","d","d",-0.690891449694581
96,30,11,"aa",0,"bB",1,"CC",2,213,859,-1,-1,1,-1,1,-1,-1,1,-1,-1,"d","d","D","d","D","d","d","D","D","D","D","D","D","d","d","d","d","D","d","d","D","D","d","D","D","D","D","d","d","d","D","D","d","D","d","D","D","d","d","D","d","d","d","d","d","d","d","d","D",0.172421235420068
98,30,12,"aA",1,"BB",2,"Cc",1,1417,1845,-1,-1,1,1,1,1,-1,1,-1,-1,"d","D","d","d","D","d","d","d","d","D","D","D","d","d","d","d","d","D","D","D","D","D","d","D","d","D","D","d","d","D","D","d","D","d","D","d","D","d","D","d","D","D","d","d","D","D","d","D","D",-1.21214785017799
96,30,13,"aa",0,"BB",2,"cc",0,2056,321,-1,-1,1,-1,-1,1,1,-1,-1,-1,"D","D","D","D","D","d","D","D","d","d","d","d","D","d","d","d","d","D","d","D","d","D","d","D","D","d","d","d","D","d","d","D","D","D","D","D","D","d","D","d","d","D","D","d","D","d","d","D","d",0.450696595141399
98,30,14,"aa",0,"BB",2,"Cc",1,782,828,1,1,-1,-1,-1,1,1,1,-1,-1,"D","D","D","D","d","D","d","D","d","d","D","D","d","d","d","D","d","D","D","D","D","D","d","D","D","D","D","d","d","D","d","D","d","D","D","d","D","d","d","d","d","D","D","d","d","d","d","d","d",-1.79850128815569
99,30,15,"aa",0,"bB",1,"cc",0,2066,1159,-1,-1,1,-1,-1,1,1,1,-1,-1,"d","D","d","D","D","d","d","d","D","D","D","D","D","d","D","d","d","D","d","D","D","D","d","D","D","D","D","d","d","D","D","D","D","D","D","d","D","D","D","D","d","d","d","d","d","d","D","d","d",1.39532518262963
103,30,16,"aa",0,"BB",2,"CC",2,1868,791,-1,1,1,1,-1,1,1,-1,1,-1,"d","D","D","D","D","d","d","D","D","d","D","d","D","D","d","D","D","D","D","D","D","d","d","D","D","D","D","D","d","D","D","D","D","D","D","D","D","D","d","d","d","d","D","d","d","d","D","d","d",1.86972413977745
95,30,17,"aA",1,"bb",0,"cC",1,692,188,-1,1,-1,1,-1,1,-1,1,-1,-1,"d","D","d","D","D","d","d","d","d","D","D","D","D","D","D","d","d","d","D","D","D","D","d","D","d","D","D","d","d","D","d","D","d","D","D","d","D","D","D","D","d","d","d","d","d","d","D","d","D",-2.80535092817158
95,30,18,"Aa",1,"bB",1,"cc",0,1642,95,-1,-1,-1,1,-1,-1,-1,1,-1,-1,"D","D","D","D","D","d","d","d","d","D","d","d","D","d","d","D","d","D","D","D","D","D","d","D","D","D","D","d","D","D","d","d","d","D","D","d","D","D","d","D","D","D","D","D","d","D","d","D","d",1.24787156963654
100,30,19,"Aa",1,"Bb",1,"CC",2,2142,121,1,-1,1,1,-1,1,1,-1,-1,-1,"d","D","d","D","D","d","d","D","d","D","D","D","d","d","D","d","D","D","D","D","D","D","d","D","D","D","D","d","d","D","d","d","d","D","D","D","d","d","D","D","d","D","d","d","d","d","D","d","d",0.237285736000266
94,30,20,"Aa",1,"BB",2,"CC",2,73,1058,-1,-1,1,-1,1,1,-1,-1,-1,-1,"D","D","D","D","D","d","D","d","d","d","D","d","d","D","d","D","d","D","d","d","d","D","d","D","D","D","D","d","d","d","d","D","D","D","d","D","d","D","D","d","d","d","D","d","d","d","d","d","d",-1.78345990366215
106,30,21,"AA",2,"bb",0,"CC",2,162,2116,1,1,1,-1,1,1,1,1,1,-1,"D","D","d","D","D","D","d","D","D","d","D","D","d","d","d","D","D","D","D","D","D","D","d","D","D","D","D","d","d","D","d","d","D","D","D","D","d","d","d","d","D","d","d","d","D","D","d","D","d",0.428829569316505
99,30,22,"Aa",1,"Bb",1,"CC",2,2190,245,-1,-1,1,1,-1,1,-1,-1,-1,1,"d","d","d","D","D","D","d","d","d","d","d","D","d","d","d","d","d","D","d","d","d","D","D","D","D","D","D","D","d","d","d","D","d","D","d","d","D","D","d","d","D","D","D","D","d","d","d","d","D",1.31664469662377
98,30,23,"AA",2,"Bb",1,"cc",0,1141,512,1,-1,1,-1,1,1,-1,-1,-1,-1,"D","D","D","d","D","d","d","d","D","D","D","D","d","D","d","d","d","d","D","d","D","D","d","D","D","D","D","d","d","D","D","D","D","d","D","D","D","d","D","D","d","d","d","D","d","d","d","d","D",0.842697148893221
91,30,24,"aA",1,"bB",1,"cC",1,1573,873,-1,1,-1,-1,-1,-1,-1,-1,-1,-1,"d","D","D","d","D","D","D","d","d","D","d","d","d","d","d","d","d","d","d","d","d","d","d","D","D","D","D","d","d","d","d","D","D","D","D","D","D","D","D","d","d","d","D","d","d","d","D","d","d",-0.421161239143125
96,30,25,"Aa",1,"bb",0,"CC",2,848,1035,1,-1,1,-1,-1,-1,1,1,-1,-1,"d","D","D","d","D","d","d","D","D","d","d","d","d","d","d","d","d","d","d","d","d","D","d","D","D","D","D","d","d","D","D","D","D","D","D","D","D","D","d","d","D","D","d","d","d","D","d","d","d",-1.65350055436718
97,30,26,"aA",1,"Bb",1,"Cc",1,975,1523,-1,1,-1,1,1,-1,-1,1,1,-1,"D","d","D","D","D","d","d","d","d","D","D","d","d","d","d","D","D","D","D","D","D","d","D","D","D","d","D","d","D","D","D","D","D","D","d","D","D","d","D","d","d","d","d","D","d","d","d","d","d",-2.44770712990529
105,30,27,"AA",2,"Bb",1,"CC",2,280,2343,-1,-1,1,1,-1,1,1,1,-1,1,"d","D","D","D","D","d","d","d","D","D","d","d","d","d","D","d","d","D","D","d","D","d","D","d","D","D","D","D","D","D","D","D","D","d","d","D","d","D","D","D","D","d","D","D","D","D","D","D","D",3.68561310814284
103,30,28,"Aa",1,"Bb",1,"Cc",1,940,115,-1,1,1,1,1,1,-1,1,-1,-1,"d","d","D","d","D","d","d","d","d","D","D","D","D","d","d","d","d","D","D","D","D","D","d","D","D","D","D","d","D","D","D","D","d","d","d","d","D","d","d","d","d","D","d","d","D","d","d","d","d",1.29538415711295
103,30,29,"Aa",1,"Bb",1,"CC",2,1889,1716,-1,1,1,1,1,1,1,1,-1,-1,"d","D","D","D","D","D","d","d","d","d","d","D","d","D","d","d","d","d","D","D","D","D","d","D","D","D","D","d","d","d","D","D","D","D","D","d","D","d","D","d","d","D","d","d","D","D","d","D","d",-0.273548596810771
97,30,31,"Aa",1,"BB",2,"cC",1,800,1085,-1,-1,-1,-1,1,-1,1,-1,-1,1,"D","D","d","D","D","d","d","d","D","D","D","d","D","d","D","d","d","D","d","D","D","D","d","D","D","D","D","d","d","D","D","D","D","D","d","D","D","D","D","d","d","d","d","d","d","d","d","d","d",1.25435657877121
86,30,32,"aA",1,"BB",2,"CC",2,1099,1512,-1,-1,-1,-1,-1,-1,-1,-1,-1,-1,"d","d","D","d","D","d","D","d","d","D","D","D","d","D","d","D","d","D","D","d","D","d","D","D","D","D","D","d","d","D","d","D","d","d","D","d","D","d","d","d","d","d","d","d","d","D","d","d","d",-3.40523687057105
95,30,33,"AA",2,"bB",1,"CC",2,358,2394,-1,1,1,-1,1,-1,-1,-1,-1,-1,"D","d","D","D","D","D","D","D","d","D","D","D","d","d","d","d","D","D","d","D","D","d","D","D","D","D","D","d","d","D","d","D","D","D","d","D","D","D","d","D","d","d","d","D","D","D","d","d","D",-0.812311696166588
102,30,34,"aA",1,"Bb",1,"cc",0,1652,68,1,1,1,1,1,1,-1,-1,-1,-1,"D","d","D","D","d","d","d","D","d","D","D","D","d","d","D","d","d","D","D","d","d","D","d","d","D","D","D","d","d","d","d","D","D","D","d","D","D","d","d","D","D","d","D","D","D","D","d","D","d",0.987803009409581
100,30,35,"aA",1,"bB",1,"CC",2,1958,120,-1,1,-1,1,1,1,1,1,-1,-1,"D","d","D","D","D","d","d","D","d","d","D","D","d","d","D","d","D","D","D","D","D","d","D","D","D","D","D","d","d","d","D","d","d","D","D","D","d","d","D","d","d","d","d","D","d","d","D","d","D",-1.02252863211475
107,30,36,"aA",1,"bB",1,"cC",1,540,2142,1,1,1,1,1,1,1,1,-1,-1,"D","D","d","d","d","d","d","d","d","D","D","d","d","d","d","d","d","D","D","d","d","D","D","D","D","D","D","d","d","d","D","D","d","D","D","D","D","D","D","d","d","d","D","d","d","d","d","d","d",1.02862846997831
103,30,37,"Aa",1,"Bb",1,"cC",1,1504,1888,1,-1,1,1,-1,1,-1,1,-1,1,"D","d","D","D","D","D","d","D","D","D","D","D","D","d","d","D","d","D","D","d","D","d","d","D","D","D","d","d","d","D","D","D","D","D","D","D","D","D","D","D","D","d","D","D","d","d","d","d","D",1.02695694853404
93,30,38,"Aa",1,"BB",2,"Cc",1,1513,1094,-1,-1,-1,-1,-1,1,-1,-1,-1,-1,"d","D","D","D","d","d","d","D","D","D","d","d","D","d","D","D","D","D","D","D","d","d","D","D","D","D","D","D","D","d","D","D","D","D","d","d","D","D","D","D","d","d","D","d","d","d","d","D","d",1.03793409499192
101,30,39,"aa",0,"bB",1,"CC",2,320,504,-1,1,-1,-1,1,-1,-1,1,-1,1,"D","D","D","D","d","D","d","d","d","d","d","D","D","d","d","d","d","D","D","D","d","d","d","D","D","D","D","d","d","d","D","d","d","D","D","D","D","d","d","d","D","D","d","D","d","d","d","d","D",3.29397313465207
102,30,40,"aa",0,"bb",0,"cc",0,1078,1906,1,1,1,1,-1,-1,1,1,-1,-1,"D","D","d","D","D","D","d","d","D","D","D","d","d","d","D","D","D","d","D","d","D","D","d","D","D","D","D","d","D","D","D","D","D","D","D","d","d","D","D","D","d","d","D","D","d","D","d","d","d",0.865176172524711
96,30,41,"aA",1,"Bb",1,"Cc",1,110,1243,-1,-1,-1,1,1,1,-1,1,-1,-1,"d","d","D","D","D","D","D","d","D","D","D","D","d","D","D","D","d","D","D","d","d","d","d","D","D","D","D","d","d","D","D","d","D","D","D","D","D","d","d","d","D","D","D","D","d","d","D","d","d",-1.01955996719551
90,30,42,"Aa",1,"Bb",1,"CC",2,1774,527,-1,-1,-1,-1,1,-1,-1,-1,-1,-1,"D","d","D","D","D","D","d","d","d","D","D","D","d","d","D","D","d","D","D","D","d","d","D","D","D","D","D","d","d","d","D","d","d","D","d","D","D","d","D","D","d","D","D","D","d","d","d","d","d",-1.74230578423981
101,30,43,"Aa",1,"bb",0,"CC",2,2400,1722,-1,-1,1,1,-1,1,1,1,-1,-1,"D","d","D","D","D","D","d","D","d","D","D","d","D","d","D","d","D","d","D","d","D","d","d","D","D","D","D","d","d","D","d","D","d","D","D","D","d","d","d","d","d","d","D","d","D","d","d","d","d",1.64760496447827
95,30,44,"aa",0,"bB",1,"Cc",1,541,1470,-1,-1,1,1,-1,-1,-1,-1,-1,-1,"D","D","d","D","d","d","d","d","d","D","D","D","d","d","d","D","d","D","D","d","D","d","D","d","d","D","D","d","d","D","D","D","d","D","d","d","d","d","D","D","D","d","D","d","D","d","d","d","d",1.01301831870442
97,30,45,"aA",1,"BB",2,"CC",2,1219,2168,-1,-1,-1,1,1,1,1,-1,-1,-1,"D","D","D","D","D","d","D","d","D","d","D","d","d","D","D","D","D","D","D","d","D","D","d","D","D","D","d","D","d","D","d","d","d","D","D","d","D","d","d","d","d","D","d","D","D","d","d","d","D",-0.720329113893317
102,30,46,"Aa",1,"bb",0,"cc",0,261,691,-1,1,1,-1,1,1,1,-1,1,-1,"d","d","d","D","D","d","d","D","d","D","d","d","d","d","D","D","d","d","D","D","D","d","d","D","D","D","D","d","d","D","D","D","D","d","D","D","D","D","D","d","d","D","d","D","D","D","d","D","d",0.273257638304288
94,30,47,"Aa",1,"bB",1,"cc",0,509,117,-1,1,-1,1,-1,1,-1,-1,-1,-1,"D","D","d","D","D","d","d","d","d","D","d","D","D","D","d","d","D","D","D","d","D","D","d","D","D","D","D","d","d","D","D","D","d","d","D","D","d","d","d","d","D","d","D","d","D","D","d","D","d",-1.03458452454217
104,30,48,"AA",2,"Bb",1,"Cc",1,1759,1856,-1,1,1,1,1,1,1,-1,-1,1,"D","d","d","D","D","d","D","d","d","D","D","D","d","d","d","D","D","D","D","d","d","D","d","D","D","D","D","d","d","D","d","d","D","d","D","D","d","D","d","D","d","d","D","D","d","d","D","d","d",0.354881845314698
100,30,49,"aa",0,"BB",2,"CC",2,627,2220,-1,-1,1,1,1,1,1,-1,-1,-1,"D","d","D","D","D","d","D","D","d","D","d","D","D","D","d","D","D","D","D","d","D","d","D","D","D","D","D","d","d","D","D","d","D","d","d","D","D","d","d","d","d","D","D","D","d","d","d","d","D",0.501112090493592
96,30,50,"AA",2,"BB",2,"Cc",1,891,916,-1,-1,-1,1,-1,1,-1,1,-1,-1,"d","d","d","d","d","d","d","d","D","D","D","D","d","d","D","d","d","D","D","d","d","d","d","d","d","D","D","d","d","D","D","D","D","D","D","D","d","D","D","D","d","D","d","d","D","D","d","d","d",0.668770394426446
99,31,1,"AA",2,"Bb",1,"CC",2,1738,460,-1,-1,-1,1,-1,1,1,-1,-1,1,"d","D","D","D","d","d","D","d","d","D","D","d","d","D","d","D","d","D","D","d","d","d","d","D","d","D","D","d","d","D","D","D","d","d","D","D","d","D","d","D","d","d","d","D","d","d","D","d","D",1.88439183479955
92,31,2,"Aa",1,"bb",0,"cc",0,1332,1284,-1,-1,-1,1,-1,-1,-1,-1,-1,-1,"D","D","d","d","D","d","d","d","d","d","D","D","D","D","D","d","D","D","D","d","d","d","d","D","D","D","D","d","d","D","d","d","D","D","D","D","D","D","d","d","d","d","D","d","d","d","D","d","d",0.507079256309046
95,31,3,"aA",1,"bB",1,"cC",1,491,1001,-1,-1,-1,-1,1,-1,-1,1,-1,-1,"D","D","d","D","D","d","d","D","d","d","d","D","D","d","D","D","d","D","D","d","D","D","d","D","D","D","D","d","d","d","D","D","D","D","D","d","D","D","d","D","D","D","d","D","d","d","d","d","d",1.2497034548947
96,31,4,"Aa",1,"BB",2,"cc",0,105,1207,1,-1,-1,-1,1,-1,-1,-1,-1,-1,"d","D","d","D","D","d","D","d","D","D","d","D","d","D","d","d","d","D","D","D","d","d","d","D","D","D","D","d","d","D","D","D","D","d","D","d","D","D","D","D","d","D","D","d","D","d","d","d","d",2.3023246055376
93,31,5,"AA",2,"BB",2,"cC",1,1081,151,-1,-1,1,-1,1,-1,-1,-1,-1,-1,"d","d","D","D","D","D","D","D","D","D","D","D","d","d","d","d","d","D","D","d","D","D","D","D","D","D","D","d","D","D","d","d","d","D","D","d","D","D","d","D","D","D","d","d","d","D","d","d","D",-0.808102361388048
102,31,6,"aA",1,"bB",1,"CC",2,892,943,1,-1,-1,1,1,-1,1,1,1,-1,"D","D","d","D","d","d","d","D","d","D","D","D","D","d","d","D","d","D","D","D","D","d","D","D","D","D","D","d","d","D","d","d","d","d","D","D","D","D","D","D","D","d","d","d","d","d","d","D","d",0.611844111187689
109,31,7,"aa",0,"bb",0,"cC",1,2126,1402,1,1,1,-1,1,1,1,1,1,1,"D","d","D","D","d","d","d","d","d","d","D","D","D","d","d","d","D","D","D","D","d","d","D","D","D","D","D","d","d","d","D","D","d","d","D","D","D","D","d","d","D","d","d","D","d","D","d","d","d",1.48443245935987
95,31,8,"AA",2,"bb",0,"cC",1,2204,2489,-1,-1,1,1,-1,-1,-1,1,-1,-1,"d","D","D","D","D","d","d","d","d","d","d","d","D","d","D","D","d","D","D","D","d","d","d","D","D","D","D","d","d","D","D","D","D","D","D","D","D","D","D","d","D","d","d","d","D","d","d","d","d",-0.195304234300083
93,31,9,"aA",1,"BB",2,"CC",2,824,976,-1,1,-1,-1,1,1,-1,-1,-1,-1,"d","D","d","D","D","d","d","d","D","D","D","d","d","d","d","d","D","d","D","d","d","D","D","d","D","D","D","d","d","d","D","D","D","D","D","D","D","d","d","d","D","d","d","d","d","D","D","d","D",-2.68039984086534
103,31,10,"Aa",1,"bB",1,"cc",0,2380,551,1,-1,1,1,1,1,1,1,-1,-1,"D","d","D","D","D","d","d","D","d","D","D","d","d","d","d","D","D","d","d","D","D","d","d","D","D","D","D","d","d","D","d","d","d","d","d","d","D","D","D","d","d","d","d","d","D","d","d","D","d",-0.543082767854551
97,31,11,"Aa",1,"Bb",1,"Cc",1,1463,1864,-1,1,-1,1,-1,-1,1,-1,-1,-1,"D","D","D","D","D","d","d","D","d","D","D","d","D","d","d","D","D","D","D","D","D","d","d","D","D","D","D","d","d","D","D","D","d","D","D","d","D","d","D","d","d","d","D","d","D","d","D","d","d",1.21031213248947
97,31,12,"Aa",1,"BB",2,"cC",1,2225,653,-1,-1,-1,-1,1,-1,-1,1,1,1,"d","d","d","D","D","d","D","d","d","D","d","d","D","d","d","d","D","D","D","d","d","D","D","D","d","D","D","d","d","D","d","d","d","D","D","D","D","D","d","D","D","d","d","d","d","d","D","D","d",-0.474743968812501
104,31,13,"aA",1,"BB",2,"cC",1,523,2110,1,-1,1,1,-1,1,1,1,1,1,"D","D","D","d","D","d","d","d","D","d","D","D","D","d","D","D","D","D","D","d","d","d","D","D","D","d","D","d","d","D","d","d","d","D","D","D","D","d","D","d","D","d","D","D","D","d","d","d","d",-1.09190364557744
104,31,14,"AA",2,"Bb",1,"Cc",1,693,1233,-1,1,1,1,1,1,1,1,-1,-1,"D","d","d","D","D","d","d","d","d","D","D","D","D","D","d","d","d","D","d","D","d","D","D","D","D","D","D","d","d","d","D","D","d","D","D","d","d","D","d","d","D","d","d","D","d","D","d","d","d",0.63736136391173
103,31,15,"aa",0,"bB",1,"cc",0,883,771,1,1,1,1,-1,1,1,1,-1,-1,"D","D","d","D","D","d","D","d","d","d","D","D","D","D","d","d","D","D","D","D","D","d","d","d","D","D","D","d","d","d","d","d","D","D","d","d","D","d","d","d","d","d","D","d","D","D","d","d","d",-0.949305345919299
93,31,16,"Aa",1,"bb",0,"CC",2,1324,1161,-1,-1,1,-1,-1,-1,-1,-1,-1,-1,"d","d","d","D","d","d","d","D","d","d","d","d","d","d","d","D","D","D","d","D","D","D","d","D","D","D","D","d","d","d","D","D","D","D","D","D","d","D","d","d","d","D","d","D","d","d","D","d","D",1.7011888168014
98,31,17,"aA",1,"Bb",1,"CC",2,1796,985,-1,-1,1,1,-1,1,1,-1,-1,-1,"D","D","D","D","D","d","d","d","d","d","D","D","d","d","D","D","D","D","d","d","D","D","D","D","d","D","D","d","d","d","D","d","d","d","D","D","D","d","D","d","D","d","D","D","d","D","D","d","d",0.605355798988441
97,31,18,"aA",1,"bB",1,"CC",2,331,1181,-1,-1,1,1,1,-1,-1,1,1,-1,"d","d","D","D","D","d","D","d","D","D","D","D","d","D","D","D","d","D","D","d","D","d","d","D","D","D","D","d","d","d","d","D","D","D","D","D","D","D","D","d","d","d","D","D","D","D","D","d","d",-2.44399637451594
98,31,19,"AA",2,"bb",0,"Cc",1,1354,1747,-1,-1,1,-1,1,-1,1,1,-1,-1,"d","D","D","D","D","d","d","d","d","D","D","D","d","D","d","d","D","D","D","D","d","D","D","D","d","D","D","d","D","d","D","d","D","d","D","D","D","D","D","D","d","D","d","D","d","d","D","D","d",0.859427960846042
97,31,20,"aa",0,"BB",2,"cc",0,174,1799,-1,-1,1,-1,1,-1,-1,1,-1,-1,"D","D","d","D","D","d","d","D","D","D","d","d","D","d","d","D","d","D","D","D","d","D","d","D","d","D","D","d","d","d","D","d","d","D","D","D","d","D","D","d","d","D","d","D","D","d","D","d","D",1.72466187295559
100,31,21,"aa",0,"BB",2,"CC",2,2401,40,1,-1,-1,-1,1,1,1,1,-1,-1,"d","D","d","D","D","d","d","d","d","D","D","d","D","D","d","d","d","D","D","D","D","D","d","D","D","d","D","D","D","D","D","d","D","D","d","D","D","d","d","D","d","D","d","d","d","d","D","d","d",0.540091175030687
96,31,22,"Aa",1,"bB",1,"Cc",1,2199,854,-1,-1,1,-1,-1,1,1,-1,-1,-1,"d","d","D","D","d","D","D","d","d","D","D","d","D","d","d","D","D","D","d","d","d","D","D","D","D","D","d","d","d","D","D","D","D","D","D","d","D","d","D","D","D","d","D","D","D","d","d","d","d",0.120391921854788
95,31,23,"AA",2,"BB",2,"CC",2,2031,263,-1,1,-1,1,1,1,-1,-1,-1,-1,"D","d","D","D","D","d","d","d","D","d","d","d","D","d","d","d","d","D","D","D","D","D","d","d","D","D","D","d","d","D","D","D","D","D","d","D","D","d","D","d","D","D","d","d","D","D","d","D","d",-2.80596069635427
98,31,24,"Aa",1,"Bb",1,"cC",1,756,1,-1,-1,1,-1,1,1,-1,1,-1,-1,"d","D","D","d","D","d","D","d","D","D","d","D","D","d","d","D","d","D","d","D","D","d","D","D","D","D","D","d","d","D","D","D","d","D","D","D","d","d","D","d","d","D","d","d","d","d","D","D","d",0.790046741910075
92,31,25,"AA",2,"BB",2,"CC",2,1687,541,1,-1,-1,1,-1,-1,-1,-1,-1,-1,"D","D","D","D","D","d","d","d","d","d","D","D","D","d","d","d","d","D","D","D","d","d","d","d","d","D","D","d","d","D","D","d","D","D","D","d","d","D","d","D","D","D","d","d","d","d","d","d","d",-1.58903971053605
89,31,26,"aa",0,"bB",1,"cC",1,424,2340,-1,-1,-1,-1,1,-1,-1,1,-1,-1,"d","d","D","D","d","d","d","d","d","d","D","D","d","d","D","d","d","D","D","d","d","d","d","D","D","d","D","d","d","d","D","d","D","d","D","D","d","d","D","D","D","d","d","D","D","d","d","d","d",-4.88599835396678
106,31,27,"AA",2,"BB",2,"cC",1,760,1903,1,1,-1,1,1,1,1,1,1,-1,"d","D","D","D","D","D","d","D","d","d","d","d","d","d","D","D","d","D","D","d","d","D","d","D","D","D","D","d","d","D","d","D","D","d","D","d","D","D","d","D","D","d","d","d","D","d","D","D","d",0.974668592807663
100,31,28,"aA",1,"bB",1,"Cc",1,1519,143,-1,-1,1,1,1,1,1,1,-1,-1,"d","d","D","D","D","d","D","d","d","D","D","d","D","D","d","D","D","D","D","D","D","d","D","D","D","D","D","d","D","D","D","D","D","D","d","d","D","D","d","D","D","d","D","d","d","D","d","d","D",-1.09869684917278
96,31,29,"aA",1,"bB",1,"Cc",1,1571,1255,-1,-1,1,1,1,-1,-1,1,-1,-1,"D","D","d","d","D","d","d","d","d","D","D","D","D","d","d","d","D","D","D","D","D","D","D","D","D","D","d","d","d","d","d","d","D","D","D","d","d","d","D","d","d","d","D","d","D","D","D","d","d",-1.40449116662594
99,31,30,"aa",0,"Bb",1,"cC",1,2067,1637,-1,-1,1,1,1,-1,-1,1,-1,-1,"D","d","D","D","D","d","d","d","d","D","d","D","d","d","d","d","d","D","d","D","D","d","D","D","d","D","D","D","d","d","d","D","D","D","d","D","D","d","d","d","d","d","D","D","D","d","d","d","d",1.81238870730075
96,31,32,"aa",0,"Bb",1,"Cc",1,21,1227,-1,-1,-1,-1,1,-1,1,1,-1,1,"D","d","d","D","D","d","D","d","d","d","D","D","D","D","d","d","D","d","D","d","d","d","d","D","D","D","D","d","d","d","d","d","d","D","d","D","d","D","D","D","D","D","d","d","d","D","D","d","D",-1.24185918315061
100,31,33,"aA",1,"BB",2,"CC",2,1306,768,-1,1,1,1,1,1,-1,1,-1,-1,"D","D","D","D","D","D","d","D","D","D","d","D","d","d","D","d","D","D","D","D","D","d","D","D","D","D","D","d","D","D","d","d","d","D","D","D","D","D","d","D","d","d","d","d","d","d","d","d","d",-1.85320107940952
110,31,34,"aa",0,"BB",2,"Cc",1,444,1380,1,1,1,1,1,1,1,1,1,-1,"D","D","D","D","D","d","D","d","d","D","D","D","D","d","D","d","D","D","D","D","d","D","d","d","D","D","D","D","d","D","D","d","d","d","D","d","D","D","D","d","d","d","d","D","D","d","D","d","d",2.54646428950202
102,31,35,"Aa",1,"bB",1,"Cc",1,316,473,1,-1,-1,1,1,1,1,1,-1,-1,"D","D","D","D","D","D","d","d","d","d","D","D","d","d","D","d","d","D","D","D","d","D","D","D","D","D","d","d","d","D","d","d","d","D","D","d","d","d","D","d","d","d","D","D","D","d","D","d","d",0.371360639466699
95,31,36,"AA",2,"BB",2,"Cc",1,344,267,-1,-1,1,-1,-1,1,1,-1,-1,-1,"d","D","d","D","D","D","d","d","D","D","D","d","D","D","d","d","D","d","d","d","D","d","d","D","D","D","D","d","d","D","D","D","D","d","D","d","d","d","d","D","d","D","d","D","d","d","d","d","d",-0.704108682830913
95,31,37,"AA",2,"BB",2,"CC",2,2245,2262,-1,-1,1,1,-1,-1,1,-1,-1,-1,"d","D","D","D","d","D","D","d","d","D","d","d","d","D","D","D","d","D","D","D","d","d","d","d","D","D","D","d","D","D","D","d","d","d","D","d","d","D","D","d","d","d","D","d","d","d","d","d","d",-0.0289429184557999
101,31,38,"Aa",1,"bb",0,"Cc",1,1188,298,1,1,-1,-1,-1,1,1,1,-1,-1,"d","D","D","D","D","d","D","D","D","D","d","D","D","d","D","d","d","D","D","D","d","d","d","D","D","D","D","d","d","d","D","D","D","D","d","D","D","d","d","D","D","D","d","D","d","d","D","d","d",1.65315661472967
94,31,39,"AA",2,"Bb",1,"Cc",1,1343,600,-1,-1,-1,-1,1,1,-1,-1,-1,-1,"D","D","D","D","D","D","d","d","d","d","D","D","d","d","D","d","d","D","D","d","D","d","d","D","D","D","D","d","d","D","D","D","D","d","D","D","D","d","d","D","D","D","d","d","d","d","d","d","d",0.963105926057
99,31,40,"aa",0,"Bb",1,"cc",0,565,1441,-1,-1,1,-1,1,1,1,-1,-1,1,"d","d","d","D","D","D","d","d","D","D","D","D","d","D","d","D","d","D","d","D","d","D","D","D","D","D","D","d","d","d","D","D","D","D","d","D","D","d","D","D","d","d","D","d","d","d","d","d","d",-0.46244355798401
92,31,41,"aa",0,"BB",2,"cc",0,480,583,-1,-1,-1,-1,-1,1,-1,-1,-1,-1,"d","d","d","D","D","D","D","d","d","D","D","D","D","d","d","d","D","D","D","D","D","d","d","D","D","D","D","d","d","d","d","d","D","D","d","D","D","D","d","D","D","D","d","D","d","d","D","d","d",0.0656812729081659
97,31,42,"AA",2,"Bb",1,"CC",2,408,271,1,-1,1,-1,-1,-1,1,1,-1,-1,"D","d","D","D","D","D","D","D","d","d","D","D","D","d","D","d","D","D","D","d","d","d","D","D","D","D","D","d","d","D","D","d","d","D","D","D","D","d","D","d","d","d","d","D","d","D","d","d","d",-0.395599939055577
98,31,43,"aa",0,"BB",2,"Cc",1,741,1532,1,-1,1,1,-1,1,-1,1,-1,-1,"D","D","d","D","D","d","D","d","d","d","D","d","d","d","d","d","d","d","D","D","d","d","d","D","D","D","D","d","d","D","D","d","D","D","D","D","D","D","D","D","d","D","d","d","D","d","D","d","d",-1.22931140935707
107,31,44,"Aa",1,"Bb",1,"CC",2,1451,1037,-1,1,1,-1,1,1,1,1,1,1,"d","D","D","D","D","D","d","d","D","D","D","d","D","d","d","d","D","d","D","d","d","D","d","d","d","D","D","d","d","D","D","D","d","d","D","D","d","d","d","D","D","d","D","d","D","d","d","D","d",1.6807637319214
99,31,45,"aa",0,"BB",2,"CC",2,575,1174,-1,1,-1,1,1,-1,1,1,1,-1,"d","d","D","D","D","d","d","D","d","d","d","D","d","D","d","d","d","D","D","D","D","D","D","D","d","D","D","d","D","D","D","D","d","D","D","D","d","D","d","D","d","d","d","D","d","D","d","d","D",-2.06168483550658
104,31,46,"aa",0,"bB",1,"Cc",1,1570,607,1,-1,1,1,1,1,1,1,-1,-1,"D","D","d","D","D","D","d","d","d","d","d","D","D","d","d","D","D","d","D","D","D","D","d","D","d","D","D","D","d","D","D","D","D","D","d","d","D","D","D","D","d","d","d","d","d","D","d","d","d",0.807476110571875
90,31,47,"aA",1,"Bb",1,"cC",1,1648,1879,-1,-1,-1,-1,-1,-1,-1,-1,-1,-1,"d","D","d","D","D","d","D","d","d","D","D","D","D","d","D","d","d","D","D","d","D","D","d","D","D","D","D","d","d","D","d","D","d","D","D","d","D","d","D","D","d","d","d","D","d","d","d","d","D",0.173134050001919
102,31,48,"AA",2,"Bb",1,"CC",2,2265,1487,-1,1,1,1,1,1,1,-1,-1,1,"D","d","D","D","D","D","d","d","D","d","d","d","D","D","d","D","d","D","D","d","D","D","d","D","D","D","D","d","d","d","d","D","D","D","D","D","D","d","D","D","d","D","d","d","D","D","d","d","D",-1.95740416504501
92,31,49,"AA",2,"BB",2,"cc",0,1160,800,-1,-1,-1,-1,-1,1,-1,-1,-1,-1,"D","D","D","D","D","D","d","d","d","d","D","D","d","d","d","d","D","D","D","d","d","d","D","D","d","D","D","D","d","D","d","d","D","d","D","D","D","D","D","d","d","D","d","d","d","D","D","D","d",0.46531699772209
97,31,50,"AA",2,"BB",2,"cC",1,1183,894,-1,-1,1,-1,-1,-1,1,1,1,-1,"D","D","D","d","D","d","D","d","d","D","D","D","D","D","D","D","D","d","D","D","d","d","d","d","D","D","D","d","d","D","D","D","D","D","D","D","d","d","D","d","D","d","d","D","D","d","D","d","d",-0.381335991000427
106,32,1,"aa",0,"BB",2,"Cc",1,836,1901,1,-1,1,1,1,1,1,1,-1,-1,"d","D","D","D","d","D","d","d","d","D","D","d","d","d","D","d","d","D","D","D","d","D","D","D","D","D","D","d","d","D","D","D","d","d","D","D","D","D","D","d","d","D","d","D","D","D","D","D","d",2.75090934356202
96,32,2,"AA",2,"bb",0,"Cc",1,2364,1233,-1,1,1,-1,-1,1,-1,1,-1,-1,"D","D","d","D","D","d","d","d","D","D","D","d","D","d","d","D","D","d","D","D","D","D","d","D","D","D","D","d","d","D","D","D","D","D","D","d","d","D","d","D","D","D","d","D","d","d","D","d","d",-1.39304920408726
92,32,3,"aa",0,"Bb",1,"cc",0,908,413,-1,-1,-1,-1,-1,1,-1,-1,-1,1,"d","d","d","D","D","D","d","d","d","d","d","d","D","d","d","D","D","D","D","D","D","d","D","D","D","d","D","d","d","D","d","D","D","D","d","D","d","D","D","D","D","d","d","D","D","D","D","D","d",-1.63674406859633
93,32,4,"aa",0,"bB",1,"cC",1,236,288,-1,-1,-1,-1,1,-1,1,1,-1,1,"D","D","D","D","D","d","d","D","d","D","D","D","d","d","d","d","D","D","D","d","D","D","d","D","D","D","D","d","d","d","d","D","d","d","D","d","D","d","D","d","D","D","d","d","D","d","D","d","d",-4.2922768966739
95,32,5,"aa",0,"Bb",1,"Cc",1,222,1614,-1,1,-1,-1,-1,1,1,-1,-1,-1,"D","D","d","D","D","d","d","D","d","d","d","d","D","D","d","D","D","d","D","D","D","d","D","D","D","D","D","d","d","D","D","d","D","D","D","d","d","D","D","D","d","d","d","d","D","d","D","d","d",-0.632845831968681
99,32,6,"aa",0,"Bb",1,"CC",2,86,1427,-1,-1,1,1,1,1,-1,-1,-1,-1,"d","D","D","D","d","D","d","D","d","d","D","d","D","d","d","d","d","D","D","D","d","D","d","D","D","D","D","d","d","D","D","d","d","d","D","D","d","d","D","d","d","D","D","d","D","d","d","d","d",1.46672990958884
107,32,7,"Aa",1,"bB",1,"cc",0,2126,2319,1,1,1,1,1,-1,1,1,1,1,"D","d","d","D","d","d","d","d","d","d","D","D","d","d","d","D","d","D","D","D","D","D","D","D","D","D","D","d","D","D","D","D","D","d","d","D","d","D","D","D","D","d","d","D","d","d","d","d","d",-0.70497918180991
95,32,8,"AA",2,"BB",2,"cc",0,489,2418,-1,-1,-1,-1,1,-1,-1,1,-1,-1,"D","D","d","D","D","d","D","d","d","D","d","d","D","D","d","D","D","d","D","d","d","d","d","D","d","D","D","d","d","D","D","d","d","D","d","D","D","D","D","d","D","D","d","D","d","d","d","d","d",1.1126120106427
96,32,9,"Aa",1,"bB",1,"CC",2,1274,290,-1,-1,1,-1,1,1,-1,-1,-1,-1,"d","d","D","D","d","D","d","D","d","d","D","D","d","d","d","d","d","d","D","d","D","D","D","D","D","D","D","d","d","D","D","D","d","D","d","D","D","d","D","D","D","d","d","D","d","D","d","d","d",0.574021923648993
105,32,10,"aa",0,"Bb",1,"Cc",1,1599,2170,-1,-1,1,1,1,1,1,1,1,1,"d","D","D","D","D","d","d","D","d","D","D","d","D","d","d","D","d","D","D","D","d","d","D","d","D","D","d","d","D","D","d","d","D","D","d","D","D","d","d","D","D","d","d","d","d","d","D","D","d",-0.522929600076873
98,32,11,"Aa",1,"Bb",1,"CC",2,165,139,-1,-1,1,-1,-1,1,1,1,1,-1,"d","D","D","d","D","D","d","d","D","D","D","d","d","d","d","D","d","D","D","d","d","D","d","d","D","D","D","d","D","D","d","D","D","D","D","D","D","d","d","D","D","d","d","d","D","D","d","D","D",-1.94745601411418
106,32,12,"aA",1,"BB",2,"Cc",1,1114,1156,1,1,1,1,1,1,1,1,-1,-1,"D","D","d","D","D","d","D","d","d","D","d","d","d","D","d","D","d","D","d","d","d","D","d","D","D","D","D","d","d","d","d","D","D","D","D","D","D","D","d","D","D","D","d","D","d","D","d","D","d",0.202542088725754
103,32,13,"AA",2,"bb",0,"cC",1,1702,782,1,1,1,-1,-1,1,1,1,-1,-1,"D","D","D","d","D","D","D","d","D","D","d","D","d","d","d","D","D","D","D","D","D","d","d","d","D","D","d","d","d","D","D","d","D","D","D","D","D","d","d","d","d","d","d","D","d","d","d","d","d",1.98168520520161
95,32,14,"Aa",1,"BB",2,"cC",1,1340,1286,-1,-1,-1,1,-1,1,1,1,-1,-1,"d","D","D","d","d","d","D","D","d","D","D","D","D","d","d","D","d","D","D","D","d","D","D","d","D","D","D","d","d","d","D","d","D","d","D","D","D","D","d","d","d","d","d","d","D","d","d","d","D",-2.48772213177186
92,32,15,"Aa",1,"BB",2,"Cc",1,2140,2145,-1,-1,1,-1,-1,-1,-1,-1,-1,-1,"D","D","D","D","D","d","d","d","d","D","D","D","D","D","D","D","d","D","D","D","d","d","D","D","D","D","D","d","d","d","d","D","d","D","d","D","d","d","d","D","D","d","d","d","d","D","d","d","d",0.794478907805767
97,32,16,"aA",1,"BB",2,"CC",2,2372,25,1,-1,-1,-1,1,1,1,1,-1,-1,"d","D","d","D","D","d","D","D","d","D","D","d","D","d","D","d","d","D","d","d","d","d","D","D","D","D","D","d","d","D","D","D","D","D","D","D","D","d","D","d","D","d","d","d","d","d","d","d","d",-2.25366669411245
88,32,17,"aA",1,"bB",1,"CC",2,1154,482,-1,-1,-1,-1,-1,-1,-1,-1,-1,-1,"d","d","D","d","D","d","d","d","D","D","D","D","d","d","D","d","D","d","D","d","D","D","D","D","D","D","D","d","d","D","d","d","D","D","D","d","D","D","d","d","d","D","D","d","d","d","d","d","d",-1.6248282965447
92,32,18,"Aa",1,"bb",0,"cC",1,452,2191,-1,-1,-1,-1,-1,1,-1,1,1,-1,"D","D","D","D","D","d","d","D","d","d","D","D","D","D","d","D","d","D","D","d","d","D","d","D","d","D","D","d","D","D","D","D","d","D","D","D","D","D","d","D","D","d","d","d","D","d","d","d","d",-3.15664962846653
107,32,19,"aa",0,"BB",2,"cC",1,335,1467,1,1,1,1,1,1,1,1,-1,-1,"D","D","D","D","D","d","d","d","D","D","D","d","D","d","d","d","d","D","d","D","D","D","d","D","D","D","d","d","d","d","D","D","d","d","D","D","D","D","d","d","D","D","D","d","D","D","d","d","d",1.84151343754685
96,32,20,"aa",0,"BB",2,"cc",0,466,1006,-1,-1,1,1,-1,-1,-1,1,-1,-1,"D","D","d","D","d","d","d","D","d","D","d","d","D","D","d","d","d","d","D","D","d","D","D","D","D","D","D","d","d","D","d","D","D","D","D","D","D","d","D","D","d","D","D","d","d","d","d","D","d",0.742106541243433
91,32,21,"aa",0,"Bb",1,"cc",0,2173,1882,-1,-1,-1,-1,1,-1,-1,-1,-1,-1,"d","D","D","D","D","d","d","D","d","D","D","d","d","D","d","d","D","D","D","d","D","d","D","D","D","D","d","d","d","D","D","d","D","d","D","D","d","d","d","d","D","D","D","d","d","d","d","d","d",-0.232616250781215
89,32,22,"Aa",1,"BB",2,"cC",1,1629,176,-1,-1,-1,-1,-1,-1,-1,-1,-1,-1,"d","D","D","D","D","D","d","d","d","D","D","D","d","d","d","d","d","d","D","D","d","D","D","D","D","D","D","d","d","d","D","D","d","D","D","d","D","D","d","d","d","D","d","D","d","d","d","D","d",-0.253228331426967
101,32,23,"aa",0,"bb",0,"cC",1,205,1742,1,1,-1,1,1,1,-1,1,-1,-1,"D","D","d","D","D","d","d","D","d","d","d","d","D","d","d","d","D","D","D","D","d","d","d","D","D","D","D","d","d","D","D","D","D","d","D","D","d","d","D","d","D","d","D","d","d","d","d","d","D",-0.186829691124681
107,32,24,"aA",1,"bb",0,"cc",0,2164,2414,1,1,1,1,1,1,1,1,1,1,"d","D","D","D","D","d","d","D","D","D","d","d","D","d","D","D","d","D","D","d","d","D","D","D","d","D","D","d","d","D","D","d","D","D","D","D","D","d","D","d","D","d","d","d","D","d","d","D","d",-2.89092080212411
92,32,25,"Aa",1,"BB",2,"cC",1,1824,685,-1,-1,-1,-1,-1,-1,-1,-1,-1,-1,"d","D","D","d","D","d","d","D","d","D","d","D","D","D","D","d","D","D","D","D","D","D","d","D","d","D","D","d","d","D","D","d","D","D","D","D","D","D","D","d","d","d","d","D","D","d","d","d","d",2.19558824384195
99,32,26,"AA",2,"BB",2,"CC",2,1969,1324,1,-1,1,-1,-1,-1,1,1,-1,-1,"D","D","D","D","D","D","d","d","D","D","d","d","D","d","d","d","D","D","D","d","d","d","D","d","D","D","D","d","d","D","D","d","d","D","d","D","d","d","D","d","D","D","D","d","d","d","d","d","D",1.0899442077785
99,32,27,"Aa",1,"BB",2,"CC",2,2245,1563,-1,-1,1,1,-1,1,1,1,-1,-1,"D","D","D","D","D","D","d","d","d","d","D","d","d","d","d","d","D","D","D","D","d","D","d","d","D","D","D","d","d","D","D","d","D","D","D","d","d","d","D","d","d","d","D","d","d","D","d","d","d",-0.225937577108808
96,32,28,"aA",1,"bB",1,"CC",2,2114,107,-1,-1,1,1,1,-1,1,1,-1,-1,"d","d","D","D","D","d","D","d","D","D","d","D","d","d","d","d","D","D","D","D","d","D","d","D","d","D","D","d","d","d","d","D","d","D","D","D","D","D","d","D","D","D","d","D","d","d","D","D","d",-3.96679686758956
92,32,29,"aA",1,"BB",2,"cC",1,179,1131,-1,-1,-1,-1,-1,1,1,-1,-1,-1,"D","D","d","D","D","d","D","d","D","D","d","D","D","d","d","d","D","d","D","d","d","D","d","D","D","D","D","d","D","D","D","D","D","D","D","D","D","d","D","d","d","D","D","d","d","D","d","d","D",-1.06959448370758
91,32,30,"aa",0,"BB",2,"Cc",1,2023,43,-1,-1,-1,-1,1,-1,-1,-1,-1,-1,"d","d","D","d","D","d","D","d","d","d","D","D","D","d","d","d","d","d","D","D","D","D","D","D","D","D","D","d","d","d","D","D","d","D","D","d","D","D","d","D","d","d","d","D","D","d","d","d","d",-0.88993658499488
99,32,31,"AA",2,"bb",0,"Cc",1,1274,355,-1,1,1,1,1,-1,-1,-1,-1,-1,"d","d","d","D","D","D","D","D","d","d","D","D","D","d","d","d","D","d","D","d","D","D","d","D","D","D","d","d","d","D","D","D","D","D","D","D","D","d","D","D","D","d","d","d","d","D","d","d","d",1.69512798140167
104,32,33,"AA",2,"Bb",1,"CC",2,2035,2017,-1,1,1,1,1,-1,1,1,1,-1,"D","D","d","D","D","D","d","D","D","D","D","d","D","D","d","d","d","D","D","D","d","d","d","D","D","D","D","d","d","d","D","D","D","D","D","d","D","d","d","d","d","D","D","d","D","d","d","d","D",0.458758320952267
93,32,34,"aa",0,"bB",1,"Cc",1,567,2193,-1,1,-1,-1,1,-1,1,-1,-1,-1,"D","D","D","d","D","D","d","d","d","d","D","d","d","D","d","D","d","D","D","d","D","d","d","D","D","D","D","d","D","D","D","D","D","D","D","D","D","d","D","d","D","d","D","d","d","d","D","d","d",-2.27791717561917
94,32,35,"aa",0,"Bb",1,"cc",0,2062,130,-1,-1,-1,1,-1,-1,1,1,-1,-1,"d","D","D","D","D","D","D","d","D","d","D","D","d","D","d","d","d","D","D","d","d","D","d","d","D","D","D","D","D","d","D","D","D","D","D","d","d","d","D","d","d","d","D","d","d","d","d","d","D",-1.55354653272419
88,32,36,"aa",0,"bB",1,"Cc",1,1617,1621,-1,-1,-1,-1,-1,-1,-1,-1,-1,-1,"d","D","d","D","d","d","D","d","D","D","D","D","D","d","d","D","d","D","D","d","d","d","d","D","D","D","D","d","d","D","d","d","d","D","D","D","D","D","D","d","D","d","D","d","d","d","d","d","D",-1.55559836271833
102,32,37,"Aa",1,"bb",0,"Cc",1,2271,559,1,-1,-1,1,-1,1,1,1,-1,-1,"D","D","d","D","D","D","D","d","D","d","D","d","D","d","d","D","D","d","D","D","d","D","d","D","D","D","D","d","d","d","d","D","d","d","D","D","D","d","D","D","d","D","d","d","D","d","d","d","d",2.19998272400136
93,32,38,"aA",1,"Bb",1,"cC",1,1470,1264,-1,-1,1,1,-1,-1,-1,-1,-1,-1,"D","d","D","D","D","d","d","d","d","D","D","d","D","D","D","d","d","D","D","d","d","D","D","D","D","D","D","d","d","D","D","d","D","D","D","D","d","D","d","d","D","D","D","D","D","d","D","d","d",-0.0334149266406423
94,32,39,"aa",0,"BB",2,"cC",1,1904,2361,-1,-1,1,1,-1,-1,-1,-1,-1,-1,"d","d","D","d","D","D","d","D","d","D","d","D","d","D","D","d","d","D","D","d","D","D","D","d","d","D","D","d","d","D","d","d","D","D","d","D","D","d","d","D","d","D","d","d","d","d","d","D","d",0.988427926405915
102,32,40,"aA",1,"Bb",1,"Cc",1,2031,739,-1,-1,-1,1,1,1,1,1,-1,-1,"D","d","D","D","D","D","D","d","d","d","D","d","D","d","d","D","d","D","D","d","d","D","d","d","D","D","D","d","d","d","D","D","d","D","D","D","d","d","d","d","d","D","D","d","d","D","d","D","d",2.21606914333173
89,32,41,"Aa",1,"bB",1,"Cc",1,1294,2022,-1,-1,-1,-1,-1,-1,-1,-1,-1,-1,"d","D","D","D","D","d","D","d","d","D","D","d","D","d","d","D","d","D","d","d","d","D","D","D","D","d","D","d","d","D","D","d","D","D","d","d","D","d","d","D","d","D","D","D","d","D","d","d","D",-0.567103533951815
98,32,42,"Aa",1,"BB",2,"CC",2,483,2491,-1,-1,1,1,-1,1,-1,1,-1,-1,"D","d","d","D","D","D","D","D","d","D","D","d","d","d","d","d","D","d","D","d","D","D","D","D","d","D","D","d","D","D","d","D","d","D","D","d","D","D","D","d","d","D","d","D","D","d","D","D","d",0.415808331016874
96,32,43,"aA",1,"Bb",1,"CC",2,85,2317,1,-1,-1,1,1,-1,-1,1,-1,-1,"d","D","d","D","D","D","d","d","d","D","d","d","d","d","d","d","d","D","D","D","d","d","d","D","d","D","D","d","d","D","d","D","d","D","D","D","d","D","d","d","D","d","D","D","d","d","d","d","d",-1.10994376215714
99,32,44,"aA",1,"bb",0,"CC",2,904,1649,-1,1,1,1,1,-1,1,-1,-1,-1,"d","D","D","D","D","d","d","d","D","d","d","D","d","d","d","d","d","D","D","d","d","d","d","D","D","D","D","d","d","d","D","D","d","D","D","d","D","d","d","D","d","d","d","D","D","D","d","d","d",-0.422177036464553
100,32,45,"aA",1,"bb",0,"cc",0,736,136,-1,-1,1,1,1,-1,1,1,-1,-1,"D","d","d","D","d","D","d","d","d","D","D","D","d","d","d","d","D","D","D","D","d","D","d","D","D","d","D","d","d","D","D","d","D","D","D","d","D","d","D","D","d","D","d","d","d","d","D","d","d",0.194689218903659
92,32,46,"aa",0,"bb",0,"Cc",1,1029,2280,-1,-1,-1,1,-1,-1,-1,-1,1,-1,"d","D","D","D","d","d","d","d","D","D","D","d","D","D","d","D","D","D","D","d","D","D","d","D","d","D","D","d","D","d","d","D","D","D","D","d","d","D","d","D","D","D","d","D","d","d","d","d","d",-1.80103289914417
103,32,47,"aa",0,"bB",1,"cc",0,317,1398,1,1,1,1,1,-1,1,1,1,-1,"d","D","D","D","D","d","d","d","d","D","D","D","D","d","D","D","d","D","D","D","D","d","D","D","D","D","D","d","d","d","d","D","d","D","d","d","d","D","D","D","d","D","d","d","d","D","D","d","d",-2.29803122186247
102,32,48,"aa",0,"Bb",1,"cc",0,1619,1574,-1,1,1,1,-1,-1,1,1,-1,1,"d","d","D","d","D","d","d","d","d","D","d","d","D","d","d","D","D","d","D","d","D","D","d","D","D","D","D","d","d","D","d","d","d","d","D","D","d","d","d","D","D","D","d","D","D","d","D","D","d",0.806746133556257
101,32,49,"aa",0,"Bb",1,"CC",2,501,205,-1,1,1,-1,1,1,1,-1,-1,-1,"D","D","D","D","D","d","d","d","D","D","D","d","d","d","d","D","d","D","d","D","D","d","d","D","D","D","D","d","d","D","D","D","D","D","d","D","D","d","D","d","d","D","D","D","d","D","d","d","d",1.49483328881266
103,32,50,"aa",0,"bb",0,"cC",1,461,1848,1,-1,1,1,1,1,1,1,-1,-1,"D","d","d","D","D","D","D","D","d","d","d","D","D","d","D","D","D","D","D","d","d","d","d","d","D","D","D","d","D","D","D","D","D","d","D","D","D","d","D","D","d","d","d","D","d","d","d","d","D",-0.514247571258231
92,33,1,"aA",1,"BB",2,"CC",2,358,2402,-1,-1,1,-1,1,-1,-1,-1,-1,-1,"d","D","D","D","D","D","d","D","d","D","d","D","D","d","D","d","d","D","D","D","d","d","d","D","D","D","D","d","d","D","D","d","D","D","D","D","d","D","D","D","D","D","D","D","D","d","d","d","D",-1.95452988493613
89,33,2,"AA",2,"BB",2,"CC",2,1758,1615,-1,-1,-1,-1,-1,-1,-1,-1,-1,-1,"D","d","D","D","D","d","d","d","d","D","d","d","d","d","d","D","D","d","D","d","d","D","D","D","D","D","D","D","d","d","d","d","D","D","d","D","d","d","D","d","d","D","d","d","D","d","d","D","D",-0.75532497712014
103,33,3,"AA",2,"BB",2,"CC",2,943,536,1,-1,1,1,1,1,1,1,1,-1,"D","d","d","D","D","d","d","d","d","D","D","d","d","d","d","d","D","D","D","D","D","D","D","D","D","D","D","d","D","D","d","d","D","D","D","D","d","D","d","D","D","d","d","d","d","d","d","d","d",-2.38682574147271
96,33,4,"Aa",1,"BB",2,"cc",0,447,1743,-1,-1,1,1,-1,1,-1,-1,-1,-1,"D","d","D","D","D","D","d","d","d","d","D","D","d","D","d","D","d","D","D","D","D","D","d","d","D","D","D","d","d","d","D","d","d","D","d","d","D","D","D","d","d","D","d","d","d","d","d","D","d",0.457957388466798
94,33,5,"aA",1,"BB",2,"Cc",1,1636,23,-1,-1,-1,-1,1,-1,1,-1,-1,-1,"D","D","D","d","D","d","D","d","d","D","D","d","d","D","d","D","d","d","D","D","D","d","D","D","d","D","D","d","d","d","D","D","D","d","D","D","D","d","d","d","d","D","D","d","D","D","d","d","d",0.868948127708916
98,33,6,"aa",0,"bb",0,"Cc",1,291,1353,-1,-1,1,1,-1,1,1,1,-1,-1,"D","D","d","d","D","d","d","d","d","D","d","d","D","D","D","D","d","d","D","D","D","D","D","D","D","D","D","d","d","D","D","D","D","D","D","d","d","d","d","d","d","d","d","D","d","D","d","d","d",-1.10590517302228
93,33,7,"aa",0,"bB",1,"cC",1,1010,2340,-1,-1,-1,-1,-1,-1,1,1,-1,-1,"D","D","D","D","d","D","D","d","D","D","D","D","D","d","D","d","d","D","D","D","d","d","d","D","D","D","D","d","D","D","D","D","d","D","D","d","D","D","D","D","D","d","d","D","d","d","d","d","d",-0.323801513705543
98,33,8,"AA",2,"bb",0,"cc",0,124,1693,-1,1,1,-1,1,1,1,-1,-1,-1,"d","d","D","d","D","d","D","d","d","D","d","d","D","d","d","D","d","d","d","D","D","D","D","d","D","D","D","d","d","D","d","d","d","D","D","D","d","D","D","D","d","D","D","D","D","D","D","d","d",-1.15351391576458
103,33,9,"AA",2,"Bb",1,"cc",0,1372,2128,-1,-1,1,1,1,1,1,1,1,-1,"D","D","D","D","D","d","d","d","d","d","D","D","D","D","d","d","d","d","D","D","D","d","D","D","D","D","D","d","d","D","D","D","D","d","D","D","D","d","D","D","D","d","D","D","D","D","d","D","d",-0.590272612584756
98,33,10,"aa",0,"BB",2,"Cc",1,1852,1232,-1,-1,-1,1,1,1,-1,1,-1,-1,"d","d","D","D","D","d","D","d","d","D","D","d","D","D","d","d","D","D","D","d","D","D","d","D","D","d","D","d","d","D","D","D","D","d","D","D","D","d","d","d","d","D","d","D","D","D","d","d","d",0.548363708613264
103,33,11,"AA",2,"BB",2,"Cc",1,316,1824,1,-1,1,1,1,1,1,-1,-1,-1,"D","D","D","d","D","d","d","d","D","D","D","D","D","d","d","d","d","D","D","D","D","D","d","D","D","D","D","d","d","d","D","d","d","D","D","d","D","d","D","D","D","d","d","d","D","d","d","d","d",1.3476462132217
88,33,12,"aA",1,"Bb",1,"CC",2,914,366,-1,-1,-1,-1,-1,-1,-1,-1,-1,-1,"D","D","d","D","D","D","D","D","D","D","d","d","D","d","D","D","d","d","D","d","d","d","D","D","D","D","D","d","d","D","D","d","D","D","d","D","D","D","D","d","d","d","D","D","D","d","D","D","d",-1.19762110163539
100,33,13,"AA",2,"Bb",1,"cC",1,738,1196,1,-1,1,1,1,1,-1,-1,-1,-1,"D","d","D","D","D","d","d","d","d","D","D","D","D","d","D","d","d","d","d","D","D","d","D","D","D","d","D","d","d","D","D","D","D","D","D","d","d","d","d","D","D","d","d","d","d","d","d","d","d",0.158102057932928
93,33,14,"aA",1,"bB",1,"cc",0,2241,1307,-1,-1,-1,-1,-1,-1,1,-1,-1,-1,"d","d","D","D","d","D","D","D","d","d","D","d","D","D","d","D","d","d","D","D","D","d","D","d","D","D","d","d","d","d","D","D","d","d","D","D","D","d","d","d","d","D","d","d","d","D","D","d","d",1.85114313143304
96,33,15,"AA",2,"bB",1,"cc",0,602,2221,-1,-1,-1,1,1,-1,1,-1,-1,-1,"d","D","D","d","D","d","d","d","d","d","d","d","D","d","D","d","d","D","D","D","D","d","d","D","d","D","D","d","d","D","D","d","D","D","D","d","D","D","d","D","d","D","d","D","D","D","d","d","d",0.355828403739245
93,33,16,"aA",1,"Bb",1,"cC",1,1530,1781,-1,-1,1,-1,1,-1,-1,-1,-1,-1,"d","D","D","D","D","d","d","d","D","D","d","d","d","D","D","d","d","D","D","D","D","d","d","D","D","D","D","D","d","D","D","D","D","D","D","d","d","d","d","d","D","D","d","d","d","d","d","d","d",-0.0657530696912043
91,33,17,"Aa",1,"BB",2,"CC",2,1195,43,-1,-1,1,-1,-1,-1,-1,-1,-1,-1,"D","d","D","D","D","D","D","d","d","D","d","d","d","D","d","D","d","D","D","d","D","D","D","D","D","D","D","d","d","d","D","D","d","d","D","D","D","D","d","d","d","D","d","d","d","d","d","D","d",-0.751120313602739
96,33,18,"AA",2,"bB",1,"CC",2,2169,2045,-1,1,1,-1,-1,-1,-1,-1,1,1,"D","D","D","D","D","D","d","d","d","d","D","d","D","D","D","d","d","D","D","D","d","D","D","D","D","D","D","d","d","D","d","D","D","d","D","d","D","d","D","D","d","d","D","d","d","d","D","d","D",-1.1710328304814
102,33,19,"AA",2,"BB",2,"CC",2,202,1517,-1,-1,1,1,1,1,1,-1,-1,-1,"d","D","D","D","D","d","d","d","d","D","d","D","D","D","d","d","d","D","D","d","d","d","d","D","D","D","D","d","d","D","D","d","D","d","D","D","D","d","d","D","D","d","D","D","D","d","D","D","d",2.16446017515494
97,33,20,"Aa",1,"bB",1,"cC",1,760,2347,1,-1,-1,1,1,-1,-1,-1,1,-1,"D","D","d","D","D","D","d","D","d","d","D","D","d","d","D","D","D","D","D","d","D","d","d","D","D","D","D","d","D","D","D","D","D","d","D","d","d","d","D","D","d","d","d","d","d","d","d","d","D",-0.663398755578218
97,33,21,"aa",0,"BB",2,"Cc",1,1857,566,-1,-1,-1,1,-1,-1,1,1,-1,-1,"D","D","D","d","D","d","d","d","d","D","d","d","D","D","D","d","d","D","D","D","d","d","d","D","D","D","D","d","D","d","D","D","d","d","D","D","d","d","d","D","D","D","d","d","d","D","d","D","d",1.62741922949881
99,33,22,"aa",0,"bB",1,"cC",1,2484,1171,-1,-1,1,1,1,1,-1,1,-1,-1,"d","D","D","d","D","d","D","d","d","d","D","d","D","D","D","D","d","D","D","D","d","D","d","D","D","D","D","d","d","D","D","d","D","d","D","d","D","d","D","d","d","D","D","d","d","d","d","d","D",-0.784799306295406
109,33,23,"AA",2,"bB",1,"Cc",1,1741,1137,1,1,1,1,1,1,1,1,1,1,"d","D","d","D","D","D","d","d","D","D","d","D","D","d","D","d","d","D","D","d","D","D","d","d","D","D","d","d","d","d","d","D","D","D","D","D","D","D","D","D","d","d","D","d","D","D","d","d","d",-0.405983480506514
97,33,24,"aa",0,"bb",0,"CC",2,799,1132,-1,-1,1,1,1,-1,-1,1,-1,-1,"D","d","D","d","D","D","d","d","d","D","d","D","d","d","d","d","d","D","D","d","d","D","d","D","D","D","D","d","d","d","D","D","D","d","D","D","D","d","D","d","d","D","d","d","d","d","D","d","d",-0.148279922745647
101,33,25,"aA",1,"bB",1,"CC",2,2370,2089,1,-1,1,-1,1,1,-1,1,-1,1,"d","D","D","D","D","d","D","d","d","d","d","D","D","D","D","D","D","D","D","d","D","d","d","D","d","D","D","d","d","D","D","D","D","D","D","D","D","D","D","D","D","D","d","D","d","d","D","d","D",-0.19748770966174
103,33,26,"aa",0,"BB",2,"Cc",1,533,477,-1,1,-1,1,1,-1,1,1,1,1,"D","D","d","D","D","d","d","D","d","D","D","D","D","d","d","D","d","D","D","D","D","D","d","D","D","D","D","d","d","D","d","d","D","D","d","d","D","d","D","d","D","d","D","d","d","d","d","d","D",-0.885680508687569
100,33,27,"AA",2,"BB",2,"cC",1,531,731,1,1,1,-1,1,1,-1,-1,-1,-1,"D","d","D","D","D","d","d","d","d","d","D","D","D","d","d","D","D","D","D","d","D","D","d","D","D","D","d","d","d","D","d","D","d","d","D","d","d","D","D","D","D","d","d","D","d","D","d","D","d",0.0144859230224301
101,33,28,"aa",0,"Bb",1,"cc",0,1111,1831,1,-1,-1,1,1,-1,-1,1,-1,1,"d","d","d","D","D","D","d","D","d","D","D","d","D","d","d","d","d","D","D","D","D","D","D","D","D","D","D","d","d","D","d","D","D","D","D","D","D","D","d","d","D","d","d","d","d","d","d","D","d",1.58853694652572
99,33,29,"AA",2,"bB",1,"CC",2,772,1493,1,-1,1,1,1,1,-1,-1,-1,-1,"D","D","D","D","D","d","D","d","d","d","d","d","d","d","D","D","D","D","D","d","D","d","D","D","D","D","D","d","D","D","D","D","d","d","D","D","d","D","d","d","d","D","d","D","D","D","d","d","D",-0.155030397443292
103,33,30,"aa",0,"bB",1,"cC",1,382,1325,-1,-1,1,-1,1,1,1,-1,-1,1,"d","D","D","D","d","D","d","d","d","D","d","d","d","d","d","d","d","d","D","d","d","D","D","d","D","D","D","D","d","D","d","D","D","d","D","D","D","d","d","D","d","d","d","D","d","d","d","D","d",3.28382204225795
93,33,31,"aA",1,"bb",0,"Cc",1,332,447,-1,-1,-1,-1,-1,-1,1,1,-1,-1,"D","d","D","d","D","d","D","d","d","D","D","D","D","D","d","d","D","D","D","d","D","d","D","D","D","D","D","D","d","D","D","D","d","D","D","D","d","D","D","D","d","D","D","d","d","D","d","d","D",-0.440665060074032
97,33,32,"AA",2,"BB",2,"cC",1,1354,2127,-1,-1,1,1,1,-1,-1,1,-1,-1,"d","d","d","d","d","d","d","D","d","D","D","D","D","D","d","D","d","D","D","D","d","D","d","D","d","D","D","d","d","D","D","D","D","d","D","D","d","D","D","D","D","D","d","d","D","d","d","D","d",-0.296711415096653
91,33,34,"aa",0,"BB",2,"CC",2,176,1857,-1,-1,-1,-1,-1,1,-1,-1,-1,-1,"D","D","D","D","d","d","d","d","d","D","D","d","d","d","d","d","d","D","D","d","D","D","d","D","D","D","D","d","D","D","d","d","D","D","d","D","D","d","D","d","D","d","d","d","D","d","D","d","d",-0.144682430282355
103,33,35,"aa",0,"Bb",1,"cc",0,1812,1529,1,-1,1,1,-1,1,1,1,-1,-1,"d","d","D","d","D","d","D","D","d","D","D","D","D","d","d","D","d","d","d","d","D","D","D","D","D","D","D","d","d","d","D","d","D","D","d","d","D","d","D","d","d","d","d","D","d","d","d","d","d",1.3756682666708
95,33,36,"Aa",1,"bb",0,"CC",2,18,970,-1,-1,-1,-1,-1,1,-1,1,-1,-1,"d","D","D","d","d","d","d","d","D","d","d","d","D","d","d","D","D","d","D","d","D","D","D","D","D","d","D","d","d","d","d","D","d","d","d","D","D","d","d","d","d","D","d","D","D","d","D","d","d",1.32217306390502
93,33,37,"aA",1,"bB",1,"Cc",1,169,663,-1,-1,-1,-1,-1,1,-1,1,-1,-1,"d","d","d","d","D","d","d","D","D","D","d","d","D","d","D","D","D","D","D","d","d","d","D","D","d","D","D","d","d","d","D","D","d","D","D","d","D","d","D","d","d","D","D","d","d","d","d","d","d",-0.831722048175062
103,33,38,"aA",1,"bb",0,"CC",2,968,1481,-1,-1,1,1,1,1,-1,1,1,1,"d","D","d","d","D","d","D","d","D","D","d","D","D","d","d","d","D","d","D","d","d","D","d","D","D","d","D","d","d","d","D","D","D","D","D","d","d","D","D","d","d","D","d","d","D","D","d","D","d",-0.668059020947167
92,33,39,"aA",1,"bB",1,"cc",0,1175,1122,1,-1,1,-1,-1,-1,-1,-1,-1,-1,"d","D","D","D","D","d","d","D","d","D","D","d","D","D","d","D","D","D","D","D","D","d","D","D","D","D","D","d","d","D","D","D","d","D","D","d","D","d","D","d","d","D","D","d","D","d","D","d","d",-1.12278338323827
97,33,40,"aA",1,"BB",2,"Cc",1,255,22,1,-1,-1,1,-1,-1,1,-1,-1,-1,"D","D","D","D","D","D","D","d","d","d","D","D","D","d","D","d","D","D","D","D","d","d","d","D","D","D","D","d","d","D","D","D","D","D","d","D","d","d","D","d","d","D","d","D","d","d","d","d","d",1.79748940058021
94,33,41,"AA",2,"bb",0,"cc",0,1160,1251,-1,1,-1,-1,-1,-1,-1,-1,-1,1,"D","D","d","D","D","d","D","d","d","d","d","D","D","d","d","D","D","D","D","d","D","D","d","D","D","D","D","D","d","D","D","d","D","d","D","D","D","D","D","d","D","D","D","d","D","D","d","d","d",0.298293469984958
98,33,42,"aa",0,"BB",2,"Cc",1,1524,2011,1,-1,1,1,-1,1,-1,-1,-1,-1,"d","D","d","D","d","d","D","d","d","d","d","D","d","d","d","d","d","D","d","D","d","D","D","d","D","D","D","d","d","D","d","D","d","D","D","D","D","D","d","d","D","D","d","d","d","d","d","d","D",0.919520334495153
100,33,43,"aA",1,"bB",1,"CC",2,1721,1795,-1,-1,1,1,-1,1,1,1,1,-1,"d","D","D","D","D","d","d","D","d","d","D","d","D","d","d","d","d","D","d","d","d","D","D","D","D","D","D","d","d","d","d","d","d","D","D","d","D","d","D","d","d","D","d","d","D","d","D","D","d",-1.36163365242312
96,33,44,"AA",2,"bB",1,"cC",1,650,965,-1,-1,-1,-1,-1,1,1,1,-1,-1,"D","D","d","D","D","d","D","D","d","d","D","d","D","D","D","d","d","D","d","D","D","D","d","D","D","D","D","d","d","d","d","D","D","D","D","D","d","d","D","d","D","D","d","d","d","d","d","d","d",0.691936988670572
100,33,45,"aA",1,"BB",2,"CC",2,1997,157,1,-1,1,-1,-1,1,1,-1,-1,-1,"d","D","D","d","d","D","D","D","d","D","D","d","d","d","d","D","D","D","D","D","d","D","D","D","d","D","D","D","d","d","d","D","d","d","D","d","D","d","D","D","d","D","d","d","D","d","d","d","D",2.59282956173771
106,33,46,"aA",1,"Bb",1,"cC",1,1505,499,1,-1,1,1,1,1,1,1,-1,1,"D","d","D","D","d","d","d","d","d","d","d","d","D","D","d","d","d","D","D","d","D","d","d","D","D","D","D","d","D","D","d","d","d","D","d","d","d","d","D","D","d","d","D","d","D","d","d","D","d",0.090234622868035
94,33,47,"aa",0,"Bb",1,"CC",2,113,2475,-1,-1,-1,-1,-1,1,1,-1,-1,-1,"D","d","D","d","D","d","d","D","d","D","D","D","d","d","d","d","D","d","d","d","d","D","D","D","D","D","d","d","d","D","d","d","D","d","D","d","D","d","d","D","d","D","D","d","d","d","d","d","D",0.71552650964862
92,33,48,"aa",0,"Bb",1,"CC",2,844,965,-1,-1,1,-1,1,-1,-1,1,-1,-1,"D","d","D","D","D","d","D","D","d","D","D","D","D","d","D","d","d","D","D","d","d","d","d","D","D","D","D","D","d","D","d","d","D","D","D","D","d","d","D","D","D","D","d","D","d","D","D","d","d",-3.05136159538985
92,33,49,"AA",2,"Bb",1,"cC",1,605,561,-1,-1,-1,-1,-1,-1,-1,1,-1,-1,"D","d","D","D","d","d","d","d","d","d","D","D","d","D","d","D","D","D","d","d","D","d","d","D","D","D","D","D","d","d","D","D","d","d","d","d","D","d","D","D","d","d","D","d","d","d","d","d","d",0.29395033132828
100,33,50,"aa",0,"BB",2,"cC",1,1785,1857,-1,-1,1,-1,1,1,1,-1,-1,-1,"D","d","D","D","d","d","D","d","d","d","D","D","d","d","D","d","d","D","D","D","D","d","d","D","D","D","D","d","d","d","d","D","D","D","D","d","d","d","d","D","D","d","d","d","d","D","d","d","d",2.91688742829506
99,34,1,"AA",2,"bb",0,"cC",1,1322,739,-1,-1,1,1,-1,-1,-1,1,1,-1,"D","D","D","D","D","D","D","d","d","d","d","D","D","d","d","D","d","D","D","D","d","D","d","D","D","D","D","d","d","d","d","D","d","D","D","D","d","D","D","d","d","D","D","d","d","D","d","D","d",1.26259869839379
96,34,2,"aA",1,"bb",0,"cc",0,848,1495,-1,-1,1,1,-1,1,-1,1,-1,-1,"d","D","D","D","D","d","d","d","d","D","D","d","d","d","D","d","D","D","d","d","D","D","D","D","D","D","D","d","d","D","D","D","D","D","d","D","D","d","d","d","d","D","d","d","d","D","d","d","d",-1.53924397241338
93,34,3,"aA",1,"bb",0,"cc",0,2389,2036,-1,-1,-1,-1,-1,-1,1,1,-1,-1,"d","D","d","D","D","d","d","d","d","D","d","d","D","d","d","D","d","D","D","D","D","D","d","D","D","D","D","d","d","d","D","D","d","D","D","D","D","D","D","D","D","d","d","D","d","d","d","d","D",-0.175401526923967
90,34,4,"aA",1,"BB",2,"cc",0,1387,30,-1,-1,-1,1,-1,-1,-1,-1,-1,-1,"d","D","D","D","D","d","d","d","d","d","d","D","D","D","D","D","d","D","D","D","d","d","D","D","D","D","D","d","d","D","d","d","D","D","D","D","D","d","d","d","d","D","d","d","d","D","d","d","d",-1.48895246626973
98,34,5,"aA",1,"bb",0,"cC",1,2147,1017,1,1,1,1,-1,1,-1,1,-1,-1,"D","D","D","D","D","D","d","d","d","D","D","d","d","D","D","D","D","D","D","d","d","D","D","D","D","D","D","d","D","D","D","D","d","D","D","D","D","D","d","d","D","d","d","d","d","d","d","D","D",-3.93805109792294
96,34,6,"aA",1,"Bb",1,"CC",2,687,1781,-1,-1,1,1,-1,-1,1,-1,-1,-1,"D","D","D","d","D","D","d","d","d","D","D","d","d","D","D","d","D","d","D","D","d","D","d","d","D","D","D","d","d","D","D","D","D","D","d","d","d","D","d","D","d","D","d","d","d","D","D","d","d",0.169913309190029
104,34,7,"Aa",1,"BB",2,"cc",0,884,781,-1,1,1,1,1,1,1,1,-1,-1,"d","d","d","D","d","d","d","d","D","D","D","d","d","d","d","d","D","D","D","d","D","d","d","D","D","D","D","d","d","d","d","D","D","D","D","d","d","D","d","D","d","D","D","D","D","d","D","D","d",0.179074858592912
94,34,8,"aA",1,"Bb",1,"CC",2,1289,561,-1,-1,-1,-1,1,-1,-1,1,-1,-1,"d","D","d","D","D","d","d","d","d","D","D","D","d","d","d","D","D","D","D","d","d","d","d","d","D","d","D","d","d","D","D","d","D","d","d","D","D","D","D","D","d","d","D","D","d","d","d","d","d",0.929728504494379
101,34,9,"aA",1,"BB",2,"CC",2,804,1236,-1,1,-1,1,1,1,-1,1,1,-1,"d","D","d","D","D","D","d","d","d","D","d","D","D","d","D","D","D","D","D","D","D","D","d","D","D","D","D","d","d","d","D","D","d","D","D","D","D","D","D","D","D","d","D","D","D","d","D","d","D",-0.773275453137976
95,34,10,"Aa",1,"bb",0,"cC",1,1218,1627,-1,-1,-1,1,1,-1,-1,-1,-1,-1,"d","d","d","D","D","d","d","D","D","D","d","D","D","d","d","D","d","d","D","d","d","d","D","D","d","D","D","D","d","D","D","d","D","d","D","D","D","D","D","d","d","D","d","D","d","d","D","d","d",1.56178565707277
100,34,11,"Aa",1,"bB",1,"CC",2,1697,1222,1,-1,1,-1,1,1,1,-1,-1,-1,"d","d","d","D","D","D","D","D","d","D","D","d","d","d","D","d","D","D","d","d","D","D","d","D","D","D","D","d","d","D","D","D","D","D","D","D","D","D","d","d","d","d","D","d","d","d","D","D","D",0.482738562704673
97,34,12,"aa",0,"BB",2,"cC",1,854,536,-1,-1,-1,1,1,1,-1,1,-1,-1,"D","D","d","D","D","d","D","d","d","D","D","D","d","d","d","D","d","d","D","d","d","D","D","D","D","d","D","d","d","D","D","D","d","D","D","D","D","D","d","D","D","D","D","D","d","D","d","d","d",-0.189491386576195
103,34,13,"Aa",1,"BB",2,"Cc",1,172,1138,-1,1,1,-1,1,1,-1,1,1,-1,"d","D","d","D","D","D","d","d","d","D","d","D","d","d","d","d","D","D","d","d","d","D","D","D","d","D","D","d","d","D","d","D","D","D","D","D","d","D","D","D","d","d","d","d","d","d","D","d","d",1.51480470055359
108,34,14,"AA",2,"Bb",1,"Cc",1,1434,1698,1,-1,1,1,1,1,1,1,1,-1,"d","D","D","D","D","d","d","D","d","d","D","d","D","D","d","D","d","D","D","d","d","d","D","d","D","D","D","d","D","D","D","D","D","D","d","d","D","D","d","d","D","D","d","d","d","d","D","d","d",2.33292381205643
94,34,15,"Aa",1,"Bb",1,"cC",1,1027,1247,-1,-1,-1,1,-1,-1,-1,1,-1,-1,"d","D","D","D","d","D","d","d","d","D","d","D","D","D","d","d","d","d","D","d","d","D","D","D","D","D","D","d","d","D","d","D","D","D","D","D","D","d","d","D","D","D","d","D","D","d","D","D","d",0.52690175618218
91,34,16,"Aa",1,"bB",1,"Cc",1,1405,1948,-1,-1,-1,-1,-1,-1,1,-1,-1,-1,"D","D","D","D","D","d","d","D","d","d","D","d","d","d","D","D","d","D","d","d","d","d","d","D","D","D","d","d","d","D","d","D","d","D","d","D","D","D","D","D","D","d","d","D","d","D","D","d","D",-0.947340975999917
97,34,17,"Aa",1,"BB",2,"cc",0,306,2091,-1,-1,1,1,-1,-1,1,-1,-1,-1,"D","d","d","D","d","D","D","D","d","d","D","d","D","d","d","d","d","d","d","D","D","D","d","D","D","D","D","d","D","d","D","D","D","D","D","d","D","D","d","D","d","D","D","d","d","D","d","d","D",1.04518505991499
101,34,18,"AA",2,"BB",2,"CC",2,2182,40,-1,1,1,-1,1,1,1,1,-1,-1,"D","D","D","D","D","d","d","d","D","D","D","D","D","D","D","d","D","D","d","D","D","d","d","d","D","D","d","d","D","d","D","d","D","D","d","D","D","d","D","d","D","d","d","D","D","D","D","D","d",-0.960381983029267
101,34,19,"AA",2,"BB",2,"Cc",1,2065,1348,-1,-1,1,-1,1,1,1,1,-1,-1,"d","D","D","D","D","D","D","d","d","d","d","d","D","d","d","d","d","D","D","D","d","d","d","d","d","D","D","d","d","D","d","d","d","D","D","D","d","D","D","d","D","d","d","d","d","D","d","d","d",1.37670469523533
99,34,20,"aa",0,"bB",1,"CC",2,1618,716,-1,-1,1,-1,1,-1,1,1,1,-1,"D","D","d","D","D","d","d","D","D","D","D","D","D","d","d","D","d","D","D","D","d","d","D","D","D","D","d","d","d","D","D","D","d","D","D","D","d","D","D","d","d","d","d","d","d","d","d","D","d",-0.472812085451219
103,34,21,"aA",1,"BB",2,"cc",0,35,2343,1,-1,1,1,-1,1,1,1,-1,1,"d","D","D","D","D","D","d","d","D","D","D","D","d","d","d","D","d","D","D","D","D","d","d","d","D","D","D","D","d","D","d","d","d","D","d","D","D","d","D","D","D","d","d","d","D","D","D","d","d",-0.93063527649547
102,34,22,"AA",2,"BB",2,"cc",0,17,338,-1,1,1,1,-1,1,-1,1,-1,1,"D","d","D","D","D","D","d","d","d","D","d","d","d","D","d","d","d","D","d","D","D","D","D","D","D","d","D","D","d","d","D","D","D","D","D","D","d","d","D","d","d","D","d","D","D","d","d","d","d",0.597695302051217
101,34,23,"AA",2,"bb",0,"cc",0,1633,1229,1,-1,1,1,1,1,1,1,-1,-1,"D","D","D","d","D","d","d","D","d","d","d","D","d","d","d","D","d","d","d","D","D","d","D","d","D","D","D","d","D","D","D","d","d","D","D","D","d","D","D","d","D","d","D","d","D","D","D","D","D",-2.91579608070325
95,34,24,"Aa",1,"Bb",1,"CC",2,168,1569,-1,-1,1,1,1,-1,-1,1,-1,-1,"D","d","D","D","d","d","D","D","D","D","D","D","D","d","D","D","D","D","d","d","d","d","d","D","D","D","D","D","d","D","D","D","d","D","d","D","D","D","D","d","D","d","d","d","d","D","d","D","d",-2.66567074909329
98,34,25,"AA",2,"bb",0,"cc",0,191,1835,-1,1,1,-1,1,-1,1,1,-1,-1,"d","d","D","D","D","d","d","d","D","D","d","D","d","D","d","d","d","d","D","D","D","d","D","D","D","D","D","d","d","d","D","d","D","D","D","D","D","d","d","D","D","d","d","D","d","d","d","d","d",-1.10975643775182
98,34,26,"aA",1,"Bb",1,"Cc",1,1659,8,1,-1,1,1,-1,1,1,-1,-1,-1,"D","D","d","D","d","D","d","d","D","D","D","d","d","d","d","d","d","D","D","d","D","D","D","D","D","D","D","d","d","d","D","D","D","D","D","D","D","d","D","d","D","d","d","d","D","D","D","d","D",-1.77688987147704
97,34,27,"aa",0,"Bb",1,"Cc",1,1571,1441,-1,-1,1,-1,-1,1,-1,-1,-1,1,"D","D","d","D","D","d","d","d","d","D","D","d","d","D","d","D","D","D","d","D","d","D","D","D","D","D","D","d","d","D","D","D","D","D","d","D","d","d","D","d","d","d","D","d","D","D","d","d","d",1.00858888265475
99,34,28,"Aa",1,"BB",2,"cC",1,437,405,-1,-1,1,1,1,-1,1,1,-1,-1,"d","D","D","D","D","d","d","d","d","D","D","D","D","D","d","D","d","D","D","d","D","D","D","d","D","D","D","d","d","D","D","D","D","d","D","d","D","D","D","d","D","D","d","d","D","D","d","d","D",-0.518991698921744
109,34,29,"AA",2,"bB",1,"CC",2,1492,304,1,-1,1,1,1,1,1,1,1,1,"D","D","d","D","D","d","d","d","d","d","D","d","D","d","d","D","d","D","D","D","D","d","d","D","D","D","D","d","d","D","D","d","D","D","D","D","D","D","d","d","D","d","d","D","d","D","d","d","D",1.84708724578552
95,34,30,"aa",0,"BB",2,"cc",0,2412,674,1,-1,-1,-1,-1,-1,1,-1,-1,-1,"D","D","D","D","D","d","d","D","D","D","d","d","d","d","d","D","D","D","D","D","D","D","d","D","D","D","D","d","d","D","d","D","D","D","D","D","D","D","D","d","d","d","d","D","D","d","d","d","D",1.28567814149321
93,34,31,"aA",1,"bB",1,"CC",2,1558,914,-1,1,-1,-1,-1,1,-1,-1,-1,-1,"D","D","D","D","D","D","D","D","D","d","d","D","D","d","d","d","D","D","d","d","d","d","d","D","D","D","D","d","d","d","D","d","d","D","D","D","D","D","D","d","d","d","d","D","d","d","d","D","d",-0.534085513086623
98,34,32,"AA",2,"BB",2,"CC",2,1030,924,-1,-1,-1,-1,1,1,1,1,-1,-1,"d","D","D","D","D","d","D","d","d","D","D","D","D","d","d","d","d","D","D","d","D","D","d","D","D","D","D","d","d","d","d","d","d","D","D","D","D","D","D","D","d","D","D","d","d","d","d","d","d",0.671934646874198
92,34,33,"aA",1,"Bb",1,"Cc",1,2408,984,-1,-1,1,-1,-1,1,-1,-1,-1,-1,"d","D","d","D","D","d","d","d","d","d","D","D","d","D","d","D","d","D","D","d","D","d","d","D","D","D","d","d","d","d","d","d","d","D","D","d","d","D","D","D","D","D","D","D","d","D","D","d","d",-1.02711808996036
89,34,35,"Aa",1,"BB",2,"cC",1,1939,1205,-1,-1,-1,-1,-1,-1,-1,-1,-1,-1,"D","d","d","D","d","d","d","d","D","d","D","D","D","d","d","D","d","d","D","d","d","d","D","D","d","D","d","d","d","D","D","d","d","D","d","d","d","D","d","D","D","D","d","D","d","D","d","d","d",-0.939772254002299
89,34,36,"aa",0,"BB",2,"CC",2,656,855,-1,-1,-1,-1,-1,-1,-1,-1,-1,-1,"d","D","d","D","D","d","D","d","D","d","D","D","D","d","d","D","d","D","D","d","d","d","d","D","D","D","D","d","d","d","d","D","D","d","D","d","D","d","d","D","d","D","d","D","d","d","D","D","D",-0.541568311957677
97,34,37,"aA",1,"Bb",1,"Cc",1,302,174,-1,-1,1,1,1,1,-1,-1,-1,-1,"D","D","d","D","D","d","D","d","d","D","D","D","D","d","d","d","D","D","D","d","D","d","d","d","D","D","D","d","d","D","d","D","d","D","D","d","d","D","D","d","d","D","D","d","d","d","d","D","d",-0.035710417211363
90,34,38,"AA",2,"Bb",1,"CC",2,1758,1627,-1,-1,-1,1,-1,-1,-1,-1,-1,-1,"D","d","d","D","D","d","d","d","D","D","d","d","D","d","d","D","D","D","D","d","d","D","D","D","d","D","D","D","d","d","D","D","d","D","D","D","D","d","d","D","d","D","d","d","d","d","d","D","D",-1.16644515819953
102,34,39,"aA",1,"BB",2,"Cc",1,1222,161,-1,-1,-1,1,1,1,-1,1,-1,1,"D","d","d","D","D","d","d","d","d","D","d","d","D","D","D","d","d","D","d","D","d","D","D","D","D","D","D","d","d","d","D","D","D","D","D","D","D","d","D","d","d","d","d","d","d","D","D","d","d",2.00861462461041
96,34,40,"aA",1,"Bb",1,"CC",2,1580,2165,-1,-1,-1,1,-1,1,1,-1,-1,-1,"d","d","d","D","D","D","d","d","d","D","d","D","D","D","d","D","D","D","D","d","d","D","d","D","D","D","D","D","D","d","D","D","D","d","d","D","D","D","D","d","d","D","d","D","D","d","D","D","d",0.852405599013056
100,34,41,"aA",1,"bB",1,"cc",0,94,430,-1,1,-1,1,1,1,1,1,-1,-1,"d","d","d","D","D","d","D","d","d","D","D","D","D","d","D","D","D","d","D","d","D","d","d","D","D","d","d","d","D","d","D","D","d","D","D","d","D","d","D","d","D","D","d","D","D","d","d","d","D",-1.76502398527537
97,34,42,"Aa",1,"BB",2,"cc",0,636,501,-1,-1,-1,1,1,1,-1,-1,1,-1,"d","D","d","D","D","d","D","d","d","D","D","D","d","d","D","d","d","d","D","d","D","D","d","D","d","D","D","d","d","D","D","d","D","D","d","D","d","d","D","D","D","D","D","D","d","d","D","d","d",-0.963672076714193
95,34,43,"AA",2,"bb",0,"cC",1,1836,1064,-1,-1,1,1,-1,-1,-1,-1,-1,-1,"D","D","D","D","d","d","D","D","D","D","D","d","d","d","d","D","D","D","d","D","D","D","d","d","D","D","D","d","d","d","D","d","D","D","D","D","d","d","D","D","d","d","d","d","d","d","D","d","d",1.26899822522228
91,34,44,"Aa",1,"bB",1,"cC",1,483,1336,-1,-1,-1,1,-1,1,-1,-1,-1,-1,"D","D","D","D","d","d","d","d","d","d","D","d","D","D","d","D","d","D","d","d","d","d","D","D","D","D","D","d","d","D","D","D","D","D","D","d","d","D","D","d","d","D","D","d","d","d","d","d","d",-2.27639903271504
94,34,45,"Aa",1,"bB",1,"Cc",1,287,131,-1,-1,-1,1,-1,-1,-1,1,-1,-1,"D","d","D","D","D","d","d","d","d","D","D","D","d","d","D","D","D","D","d","D","D","D","D","D","D","D","D","d","d","d","D","D","d","d","D","D","D","d","d","D","d","D","d","D","D","D","D","d","d",0.787981714127
101,34,46,"AA",2,"Bb",1,"cc",0,492,758,-1,-1,1,1,1,1,1,1,-1,-1,"D","d","d","D","D","D","d","d","D","d","d","d","d","d","d","d","D","d","D","d","d","d","D","D","D","D","D","d","d","D","D","d","D","d","D","D","D","D","D","d","d","d","d","d","D","D","d","D","d",-0.673238893028834
110,34,47,"AA",2,"BB",2,"cC",1,426,2379,1,1,1,1,1,1,1,1,-1,1,"D","d","d","D","d","D","d","D","d","d","d","d","D","D","d","D","D","d","d","d","D","d","D","D","D","D","d","d","d","d","d","d","D","d","d","D","D","D","d","d","d","D","d","D","d","d","d","d","d",2.9671700108494
106,34,48,"Aa",1,"bb",0,"CC",2,172,2382,-1,-1,1,1,1,1,1,1,1,1,"D","D","d","D","D","D","d","d","D","d","D","D","D","d","D","d","d","D","D","d","D","d","d","D","D","D","D","d","d","D","D","D","d","D","D","D","d","D","D","d","D","D","D","d","d","d","d","d","d",0.622647820925788
103,34,49,"aA",1,"BB",2,"cC",1,1472,1261,-1,1,1,-1,1,1,-1,1,1,-1,"D","D","D","D","D","d","D","D","d","d","d","D","D","d","D","D","d","D","D","d","d","d","D","D","d","D","D","d","d","D","D","D","D","D","d","D","D","D","d","d","d","D","d","D","d","d","d","d","d",1.12015800906315
92,34,50,"aa",0,"BB",2,"cc",0,716,1823,-1,-1,1,-1,-1,-1,1,1,-1,-1,"D","D","D","D","D","d","d","d","d","D","d","D","d","d","D","d","D","D","D","d","d","D","d","D","D","d","D","D","d","D","d","D","D","D","D","D","d","D","D","d","d","d","D","d","d","d","d","d","d",-3.54316873040034
97,35,1,"aA",1,"bb",0,"cC",1,1614,980,1,-1,1,-1,1,-1,-1,-1,-1,-1,"d","D","d","D","D","d","d","d","d","d","D","d","d","d","d","D","d","D","D","d","d","D","d","D","D","D","D","d","d","D","D","D","D","D","D","D","D","d","d","d","d","d","D","d","D","D","D","d","d",1.62443439216955
99,35,2,"aA",1,"bb",0,"cc",0,2377,817,-1,1,-1,1,1,1,-1,-1,1,-1,"D","D","D","D","D","d","D","d","d","D","D","D","D","d","d","D","d","D","D","D","D","D","d","D","D","D","D","d","D","D","D","d","D","D","D","d","D","D","d","d","d","D","d","d","d","d","d","d","d",-0.319266156370597
104,35,3,"aa",0,"bb",0,"Cc",1,892,2090,1,-1,1,-1,1,1,1,1,1,-1,"D","D","D","D","d","d","D","D","d","D","d","D","D","d","D","D","d","D","D","D","D","d","d","D","D","D","D","d","d","D","d","d","d","d","D","D","d","D","D","D","D","d","d","d","d","d","d","D","d",0.953381403225126
98,35,4,"Aa",1,"BB",2,"Cc",1,1298,2425,-1,1,-1,1,1,-1,-1,1,-1,-1,"D","D","d","D","D","d","d","d","d","D","D","D","D","d","d","D","D","D","D","D","D","D","D","D","d","D","D","d","d","D","D","d","D","D","D","D","d","d","D","d","d","D","D","d","d","d","d","D","D",0.104615831785954
104,35,5,"Aa",1,"bb",0,"cC",1,2019,467,1,1,1,1,-1,1,1,1,-1,1,"d","D","D","D","d","d","D","D","d","D","d","D","d","D","d","D","d","D","D","d","D","d","d","D","D","D","D","d","d","D","D","d","D","d","D","D","d","D","D","d","d","d","D","D","D","d","d","d","d",-1.08043065322506
90,35,6,"aa",0,"BB",2,"CC",2,572,2478,-1,-1,-1,-1,-1,-1,-1,-1,-1,-1,"d","D","D","d","D","d","d","d","D","d","d","D","D","d","D","d","D","D","D","d","d","d","D","d","D","D","D","d","d","D","d","D","D","D","D","d","D","d","d","D","d","d","D","d","d","d","d","d","d",0.561576114464881
95,35,7,"AA",2,"bB",1,"Cc",1,2129,1822,-1,-1,-1,1,-1,-1,1,1,-1,-1,"D","D","d","d","D","d","d","d","d","D","d","d","d","D","d","d","d","D","d","d","d","d","d","D","D","D","D","d","D","d","D","D","D","D","d","D","D","d","d","d","D","D","D","D","D","d","D","D","D",-0.12127933009561
100,35,8,"AA",2,"bB",1,"Cc",1,1982,2070,-1,-1,-1,1,1,1,1,1,-1,-1,"d","D","D","d","D","d","d","d","d","d","d","d","d","d","D","D","d","D","d","D","D","D","d","D","D","D","D","d","d","d","D","d","D","d","d","D","d","D","D","d","d","d","d","D","D","d","D","d","d",0.310775048708206
100,35,9,"AA",2,"bB",1,"cC",1,201,1220,-1,1,1,1,1,1,-1,-1,-1,-1,"D","d","D","D","D","d","d","d","d","d","D","d","d","d","d","d","d","d","D","d","d","d","d","D","D","D","D","d","d","d","D","D","D","D","D","D","D","D","D","d","d","d","d","D","d","d","d","d","d",0.0297264457253409
97,35,10,"AA",2,"BB",2,"Cc",1,157,585,-1,-1,1,1,-1,-1,-1,-1,-1,1,"D","D","D","d","D","D","d","d","d","D","d","d","D","d","D","d","d","D","D","d","d","d","d","d","d","D","D","D","d","D","d","d","D","D","D","D","D","D","d","d","D","D","d","D","D","D","d","d","d",1.58603658116354
96,35,11,"Aa",1,"bb",0,"cC",1,76,2087,-1,-1,1,1,1,1,-1,-1,-1,-1,"d","D","d","D","D","d","d","d","d","D","D","d","d","D","d","d","D","D","D","d","D","D","D","D","D","D","D","d","d","D","d","D","D","d","D","d","d","D","D","D","d","D","d","d","d","d","d","d","d",-1.00543103186527
94,35,12,"AA",2,"BB",2,"cC",1,227,2363,-1,-1,1,-1,-1,-1,-1,-1,-1,-1,"d","D","d","D","d","d","d","D","d","d","D","d","d","d","D","D","d","D","D","D","D","d","d","D","D","D","D","d","d","D","d","D","D","d","D","D","D","d","D","d","d","D","D","d","D","D","d","d","d",2.49398179982562
95,35,13,"AA",2,"Bb",1,"Cc",1,1130,1225,-1,-1,-1,1,1,1,-1,-1,-1,-1,"D","d","D","D","D","d","D","d","d","D","D","D","d","d","d","d","d","d","D","D","d","d","d","D","D","D","d","d","d","D","D","D","d","D","d","D","d","D","D","D","d","d","d","D","d","d","d","d","d",-0.808593278602844
94,35,14,"aA",1,"BB",2,"CC",2,612,1388,-1,-1,-1,-1,-1,-1,1,1,-1,-1,"d","d","D","D","D","d","d","d","d","D","d","d","D","D","d","D","D","D","D","d","D","D","D","D","d","D","D","d","d","D","D","D","D","D","D","D","D","d","D","d","D","D","d","D","D","d","d","d","d",0.124349243819735
102,35,15,"AA",2,"Bb",1,"Cc",1,109,1186,1,-1,-1,1,1,1,1,1,-1,-1,"d","d","D","D","D","D","D","d","d","D","D","D","d","d","D","d","D","D","d","D","d","d","D","D","D","D","D","d","d","d","D","d","D","D","d","d","d","d","D","D","D","D","D","D","D","d","d","d","d",0.270824627979236
100,35,16,"AA",2,"Bb",1,"Cc",1,635,1284,-1,-1,1,-1,1,1,1,-1,1,-1,"D","D","D","D","D","d","d","D","d","d","D","D","D","d","D","D","D","D","D","D","D","d","d","D","D","D","D","d","d","D","d","D","D","d","d","d","D","D","D","d","d","d","d","D","d","D","D","D","d",0.237853484772235
100,35,17,"aA",1,"BB",2,"cC",1,2418,755,-1,-1,1,-1,1,-1,1,1,-1,-1,"D","D","d","D","D","d","d","d","D","D","D","D","d","d","D","d","d","D","D","d","D","d","d","d","D","D","D","d","d","D","d","d","D","D","D","D","d","D","D","D","d","d","D","d","d","d","D","d","d",2.04673452823837
96,35,18,"aA",1,"bb",0,"Cc",1,849,938,-1,-1,1,1,1,-1,1,1,-1,-1,"D","D","D","d","D","d","D","D","d","D","D","d","d","D","d","D","d","D","D","d","D","d","D","D","D","D","D","d","d","d","D","D","d","D","D","D","d","d","d","d","d","d","D","d","d","d","d","d","d",-3.86570478368404
91,35,19,"aa",0,"bb",0,"Cc",1,1882,1740,-1,-1,-1,-1,-1,-1,-1,1,-1,-1,"D","D","D","D","D","d","D","D","d","D","D","d","D","d","d","D","D","D","D","D","d","D","D","D","D","D","D","D","d","D","D","d","D","D","D","d","d","d","D","d","D","d","D","d","d","d","D","d","d",-0.197541748064841
98,35,20,"Aa",1,"BB",2,"CC",2,1637,198,-1,-1,1,-1,-1,1,1,-1,-1,1,"d","D","d","D","D","D","D","D","d","d","d","d","d","d","D","D","D","d","D","D","D","d","d","d","D","D","D","d","d","d","D","D","d","D","D","d","d","d","D","d","d","D","d","D","d","D","d","d","d",0.698093839937865
103,35,21,"aa",0,"bB",1,"Cc",1,498,1722,1,-1,1,1,1,1,1,1,-1,-1,"D","D","D","D","D","d","D","D","D","D","D","D","D","D","D","D","D","D","D","D","D","d","D","D","D","D","D","d","d","d","d","D","d","d","D","D","d","d","d","d","d","d","D","D","D","d","d","D","d",-0.395539682834942
96,35,22,"aa",0,"bb",0,"cC",1,1683,235,-1,1,-1,1,-1,1,-1,1,-1,-1,"D","D","D","D","D","d","d","d","d","d","D","d","d","D","d","D","d","D","D","D","D","d","D","D","d","D","D","d","d","D","D","d","D","D","D","D","D","D","d","D","d","d","D","d","D","d","d","d","D",-1.0273903695358
98,35,23,"aa",0,"bB",1,"cC",1,981,669,-1,-1,1,1,1,-1,-1,1,-1,-1,"d","D","D","D","d","d","d","d","d","d","D","D","D","d","d","d","D","d","D","D","d","d","D","D","D","D","D","d","D","d","D","d","D","D","D","d","D","D","D","D","d","d","d","D","d","d","D","d","d",0.282069653813813
94,35,24,"aA",1,"Bb",1,"CC",2,2132,2039,-1,-1,-1,-1,1,1,-1,-1,-1,-1,"D","D","D","D","D","d","D","d","d","D","d","D","D","d","D","d","d","d","D","D","D","D","D","D","D","D","D","D","d","D","d","D","d","D","D","D","D","D","D","D","d","D","D","D","d","D","d","D","d",0.239788836837882
106,35,25,"AA",2,"BB",2,"Cc",1,1667,152,1,-1,1,1,1,1,1,1,-1,1,"D","D","D","D","D","d","D","D","d","D","D","D","d","D","D","d","D","d","D","D","D","d","d","D","d","D","D","d","d","D","d","D","D","d","D","d","D","d","d","d","D","d","d","d","d","d","D","d","d",0.965225069835066
97,35,26,"AA",2,"bb",0,"CC",2,1497,955,1,-1,-1,1,1,-1,-1,1,-1,-1,"d","d","d","d","D","D","d","d","d","D","D","D","D","D","d","D","d","d","D","D","D","D","d","D","D","D","D","d","d","D","D","D","D","d","D","d","D","d","d","d","d","d","d","d","D","D","D","d","D",-0.659888048611088
96,35,27,"Aa",1,"Bb",1,"Cc",1,1191,952,-1,-1,1,-1,1,1,-1,-1,-1,-1,"D","D","D","d","d","d","d","D","d","D","D","D","D","d","D","D","d","d","D","D","D","d","D","D","D","D","D","d","d","D","d","d","d","d","d","D","D","D","d","D","D","D","d","d","D","D","d","d","d",0.127928262401313
97,35,28,"aA",1,"bb",0,"CC",2,730,71,1,-1,-1,1,1,-1,-1,1,-1,1,"D","D","D","D","d","d","d","d","D","d","d","D","D","d","D","D","d","D","D","D","d","d","d","D","D","D","D","d","d","d","D","D","D","d","D","d","D","d","d","d","D","D","d","d","d","d","d","D","d",-2.15062679813888
100,35,29,"aA",1,"bb",0,"CC",2,815,244,-1,1,1,1,1,-1,1,1,-1,-1,"d","D","D","D","d","D","d","d","d","d","D","D","D","d","d","d","D","D","D","d","d","D","d","D","D","D","D","d","d","D","D","d","D","D","D","D","D","d","D","d","D","d","d","D","d","D","D","d","D",-1.12543483252471
96,35,30,"Aa",1,"bB",1,"CC",2,318,359,-1,-1,1,-1,-1,1,1,-1,-1,-1,"D","D","D","D","D","d","D","d","d","d","d","D","d","d","D","d","D","D","d","D","D","d","d","d","D","D","D","d","d","D","d","d","D","D","D","d","d","D","d","D","d","D","D","d","d","D","D","D","d",0.0415868609533031
99,35,31,"AA",2,"BB",2,"cC",1,676,1681,-1,1,1,-1,-1,1,1,1,-1,-1,"d","d","D","D","D","d","D","D","d","D","D","D","D","d","d","D","D","D","D","D","D","d","d","D","D","D","D","d","d","d","D","D","D","d","D","D","D","d","D","d","D","d","D","D","d","D","d","D","d",-0.527453549408527
98,35,32,"aA",1,"bb",0,"cc",0,1682,2004,-1,-1,1,1,1,1,-1,1,-1,-1,"d","d","D","D","d","d","d","d","D","D","D","d","d","D","D","d","D","D","D","D","d","d","d","d","D","D","D","d","d","D","D","D","d","d","D","d","d","D","D","D","D","d","D","d","D","d","d","d","d",-1.4515478416312
92,35,33,"aa",0,"bb",0,"cc",0,130,142,-1,-1,-1,-1,-1,1,1,-1,-1,-1,"d","D","D","D","D","d","d","D","d","D","D","d","D","D","D","d","D","D","D","D","d","d","D","D","D","D","D","d","d","D","d","D","d","D","D","d","d","D","d","d","d","d","d","d","d","d","d","d","D",-1.9244917940044
93,35,34,"Aa",1,"bb",0,"cc",0,2258,1456,-1,-1,-1,-1,-1,-1,-1,1,-1,-1,"d","D","D","D","d","D","D","d","D","D","d","D","d","D","d","d","d","D","D","D","D","D","d","D","D","D","D","d","D","d","D","D","d","D","D","d","D","D","d","d","d","D","d","d","d","D","d","D","D",1.10615267338645
101,35,36,"Aa",1,"bB",1,"cC",1,1898,737,1,1,1,1,1,1,-1,1,-1,-1,"D","D","D","D","D","d","D","d","d","D","D","D","D","d","D","D","D","D","D","D","d","D","D","D","D","D","D","D","d","d","D","D","D","D","D","D","D","D","d","d","d","d","d","D","D","D","d","d","d",-2.09164152193767
103,35,37,"Aa",1,"bB",1,"Cc",1,1252,419,-1,1,1,1,1,-1,1,1,-1,-1,"d","d","D","D","D","d","d","d","d","D","D","D","D","d","d","D","D","D","d","d","D","d","D","D","D","D","D","d","d","D","d","d","D","D","d","d","D","d","d","D","D","d","d","D","D","d","D","d","d",1.34566215410594
103,35,38,"Aa",1,"BB",2,"Cc",1,432,250,-1,1,1,1,1,1,1,-1,1,-1,"D","D","D","D","D","d","d","d","D","D","d","D","D","d","d","d","d","D","D","d","D","D","D","D","D","D","D","d","d","D","D","D","d","D","d","D","D","d","d","D","D","D","d","d","d","d","D","d","d",-0.147046482380475
100,35,39,"aa",0,"bb",0,"CC",2,2175,1564,-1,1,1,1,1,1,1,-1,-1,-1,"d","D","D","D","d","D","d","d","d","d","D","d","D","d","d","D","D","D","D","d","D","d","D","d","D","D","D","d","d","D","D","D","d","D","d","d","d","d","d","D","d","D","d","d","d","d","D","D","d",-1.83335800062109
100,35,40,"AA",2,"bB",1,"cC",1,1805,819,-1,1,1,-1,1,-1,1,-1,1,1,"d","d","D","D","D","d","d","d","d","d","D","D","D","d","D","d","d","D","D","d","d","d","D","D","D","D","D","D","d","D","D","D","D","d","d","D","d","D","d","D","d","d","D","D","d","D","d","D","D",-1.44058278607966
94,35,41,"Aa",1,"bB",1,"CC",2,1250,587,-1,-1,-1,1,-1,1,-1,-1,-1,-1,"D","d","d","D","D","d","d","D","d","D","D","d","D","d","d","D","D","D","D","D","D","D","D","D","D","D","D","d","d","D","D","d","D","D","D","d","D","d","D","d","d","d","d","D","d","d","D","d","d",0.0664475466435074
100,35,42,"Aa",1,"bb",0,"cc",0,1923,796,-1,-1,1,1,1,-1,1,1,-1,-1,"D","D","D","D","D","d","d","D","D","d","D","D","D","D","d","D","D","D","D","D","d","d","d","d","D","D","D","d","d","d","D","d","d","D","D","D","D","D","D","d","d","d","d","d","D","D","d","d","D",0.850941351093899
98,35,43,"aA",1,"bB",1,"cc",0,1227,1725,-1,-1,-1,1,-1,1,1,1,-1,-1,"d","d","D","D","D","D","D","d","d","D","D","D","D","d","D","D","D","D","D","d","D","d","D","D","D","D","D","d","d","d","D","d","D","D","D","d","D","D","D","D","d","d","D","d","d","d","d","d","D",0.625297033056593
100,35,44,"aa",0,"BB",2,"CC",2,2398,1749,1,-1,1,-1,-1,1,-1,1,-1,1,"d","D","D","D","D","D","d","d","d","D","d","D","d","D","d","d","D","D","D","D","D","d","d","d","D","D","D","d","d","D","D","d","D","D","d","D","D","D","d","D","d","d","d","d","D","D","d","D","d",0.354826277610978
91,35,45,"AA",2,"bb",0,"Cc",1,2052,1860,-1,-1,-1,1,-1,-1,-1,-1,-1,-1,"d","D","D","D","d","d","d","d","d","D","D","d","D","D","D","d","d","D","D","D","D","d","D","D","D","D","D","d","d","d","d","D","D","D","D","D","D","D","d","D","d","d","D","d","d","D","d","D","d",-0.789708086336395
96,35,46,"AA",2,"bb",0,"cC",1,670,1399,1,-1,-1,1,-1,1,-1,1,-1,-1,"d","d","D","D","D","d","d","D","D","D","D","d","D","d","d","D","D","D","d","d","d","d","D","D","D","D","D","d","d","D","D","D","D","D","d","D","D","d","d","d","d","d","d","d","d","d","d","d","D",-1.07283598319342
96,35,47,"aA",1,"bB",1,"CC",2,1144,233,1,-1,-1,1,-1,1,1,-1,-1,-1,"D","d","d","D","D","D","d","D","d","D","d","D","D","d","d","D","d","D","D","D","D","d","d","D","D","d","D","d","d","D","D","D","d","D","D","d","D","d","D","d","d","D","D","d","d","D","d","d","D",-1.35343555816072
98,35,48,"aA",1,"BB",2,"CC",2,591,22,-1,-1,1,1,1,-1,-1,-1,-1,-1,"D","D","D","D","D","d","d","d","d","d","D","d","D","d","D","d","d","D","d","d","d","D","D","d","D","D","D","d","d","d","d","d","D","D","d","D","d","D","D","D","d","d","d","d","d","D","d","d","d",2.33218837638074
95,35,49,"Aa",1,"bB",1,"CC",2,819,1562,-1,-1,-1,1,1,-1,-1,-1,-1,-1,"D","D","d","d","D","d","d","d","d","D","D","D","D","d","d","d","D","D","D","d","D","D","D","D","D","D","D","d","D","D","D","D","d","d","D","D","D","d","D","d","D","D","d","d","d","d","D","D","d",1.9468289020934
101,35,50,"aa",0,"BB",2,"CC",2,2381,375,-1,-1,1,1,1,1,-1,-1,1,1,"D","D","d","D","D","D","d","d","D","D","d","D","D","D","d","D","D","D","D","D","d","D","d","D","D","d","D","d","d","D","d","D","D","D","D","D","D","D","d","D","d","D","D","d","D","d","D","D","d",-0.170956113392874
99,36,1,"aa",0,"Bb",1,"cC",1,1163,1271,-1,1,1,-1,1,-1,1,1,-1,-1,"d","D","d","d","d","d","d","d","d","D","d","d","d","d","d","d","d","D","D","D","D","D","D","D","D","D","d","d","d","D","D","d","D","D","d","D","D","D","D","D","D","D","D","D","d","D","d","D","d",-0.416607494889842
101,36,2,"aa",0,"bb",0,"CC",2,1017,1578,1,-1,1,1,-1,1,1,1,-1,-1,"D","D","d","D","D","d","D","d","d","d","d","d","d","d","d","D","d","D","d","d","D","d","D","D","D","D","d","d","d","D","D","d","d","D","d","D","D","D","d","D","d","d","d","d","d","d","d","d","d",-0.828821467108992
99,36,3,"Aa",1,"bb",0,"cC",1,739,822,1,1,1,-1,-1,1,-1,1,-1,-1,"D","D","D","D","D","d","d","d","d","d","d","D","d","d","d","d","d","D","D","d","D","d","D","D","D","D","D","d","d","d","d","d","D","D","D","d","D","D","d","d","D","d","D","D","d","d","d","d","D",-0.9886995348883
106,36,4,"aA",1,"Bb",1,"CC",2,2013,862,1,-1,1,-1,1,1,1,1,1,1,"D","d","D","D","D","d","d","d","d","d","d","D","d","d","d","d","d","d","d","D","D","d","d","D","D","D","D","D","d","D","d","D","D","d","D","D","D","d","d","d","D","D","d","d","D","D","d","d","d",0.146529366604066
100,36,5,"Aa",1,"bb",0,"Cc",1,1725,1987,1,-1,-1,1,1,1,-1,1,-1,-1,"d","D","D","D","D","D","D","d","d","D","D","D","D","D","d","D","d","D","D","D","D","D","d","D","D","D","D","d","d","D","D","D","D","D","d","D","d","D","D","d","D","D","D","d","D","d","d","d","D",0.1340230972132
96,36,6,"aa",0,"bB",1,"cc",0,1905,1880,-1,-1,1,1,-1,-1,-1,1,-1,-1,"D","d","D","d","D","D","D","d","d","D","D","D","D","d","d","D","D","D","D","D","d","d","d","D","D","d","d","D","d","d","d","D","D","D","D","D","D","D","d","d","d","D","D","d","D","D","d","d","d",0.881109102910309
91,36,7,"aA",1,"Bb",1,"Cc",1,52,1020,1,-1,-1,-1,-1,1,-1,-1,-1,-1,"d","D","D","D","D","d","D","d","D","D","d","D","d","D","d","d","d","D","D","D","d","d","d","D","D","D","D","d","d","D","D","D","D","d","D","d","d","D","D","d","d","D","d","d","D","D","D","d","D",-2.58412594718216
94,36,8,"aa",0,"BB",2,"cC",1,2440,832,-1,-1,-1,-1,1,-1,-1,-1,-1,-1,"D","d","D","D","D","D","d","d","D","D","D","D","D","d","D","d","D","d","D","D","D","d","d","D","D","D","D","d","d","D","D","D","d","D","d","d","D","d","d","D","D","d","d","d","d","d","D","d","d",2.14358014019993
94,36,9,"aA",1,"BB",2,"cC",1,1799,980,-1,-1,-1,-1,-1,1,1,-1,-1,-1,"d","d","d","D","d","d","d","D","D","D","D","D","d","d","d","D","d","D","D","D","d","d","d","d","D","D","D","d","d","D","D","d","D","D","D","d","D","D","d","d","d","d","D","d","D","d","D","D","d",0.93312370036626
92,36,10,"AA",2,"BB",2,"Cc",1,1290,1404,-1,-1,-1,-1,1,-1,-1,-1,-1,-1,"d","D","D","D","D","d","d","d","d","D","D","D","D","d","d","d","D","d","d","D","D","d","d","D","D","D","D","D","d","D","D","d","D","d","D","d","D","d","D","D","D","d","D","d","d","d","d","d","d",0.0105912875164964
102,36,11,"aA",1,"Bb",1,"Cc",1,972,680,-1,-1,1,1,-1,1,1,1,1,-1,"d","D","d","D","D","d","d","d","d","D","d","d","d","d","d","D","d","D","D","d","D","d","D","D","D","D","D","D","d","D","d","D","d","D","D","D","D","D","d","d","D","d","D","D","D","d","d","d","d",0.0864759102449883
101,36,12,"Aa",1,"bb",0,"CC",2,793,1929,-1,1,-1,1,1,1,1,-1,-1,-1,"d","D","d","d","D","d","d","D","d","D","D","D","D","D","d","d","d","d","d","d","d","d","D","d","D","D","D","d","d","D","D","D","D","d","d","D","d","D","d","d","d","d","D","D","D","D","d","d","d",1.71467740209032
97,36,13,"Aa",1,"bB",1,"Cc",1,1098,2041,-1,-1,-1,1,-1,1,1,1,-1,-1,"d","D","D","D","D","d","D","d","d","d","D","D","d","D","d","d","d","D","D","d","D","D","d","D","D","D","D","d","d","D","d","d","D","d","D","d","d","d","D","d","d","d","D","d","D","D","d","D","d",-0.939313117131518
102,36,14,"Aa",1,"Bb",1,"CC",2,1891,1274,-1,-1,-1,1,-1,1,1,1,1,-1,"D","D","d","D","D","D","D","d","D","D","d","d","D","d","d","D","d","D","D","D","d","d","d","D","D","D","D","d","d","D","D","d","D","D","D","d","D","d","d","D","d","D","D","d","d","d","D","d","d",2.44547362218313
99,36,15,"AA",2,"bB",1,"cC",1,778,1920,-1,-1,-1,1,1,-1,-1,1,-1,-1,"d","d","d","D","D","D","d","D","d","D","d","D","d","d","D","d","D","d","D","D","d","d","D","d","D","d","D","D","d","D","D","D","D","D","D","D","D","d","D","D","D","d","D","d","D","d","d","d","d",3.92979511950597
96,36,16,"Aa",1,"BB",2,"cC",1,724,751,1,-1,1,-1,1,-1,1,-1,-1,-1,"d","D","d","D","D","D","d","d","d","D","d","D","d","D","d","D","D","d","D","d","D","D","D","D","D","D","D","d","d","D","D","D","d","d","D","d","d","d","D","d","d","D","D","d","D","d","D","d","d",-1.12801364799091
96,36,17,"aA",1,"Bb",1,"CC",2,179,2190,-1,-1,-1,1,-1,1,1,-1,-1,-1,"D","D","d","D","D","d","D","d","d","D","d","D","D","d","d","D","D","D","D","d","d","D","D","d","D","D","D","d","d","D","D","D","D","D","D","D","D","D","D","d","D","D","D","d","d","d","d","d","d",0.923773531859999
99,36,18,"AA",2,"BB",2,"cC",1,1006,739,-1,-1,1,1,1,1,-1,-1,1,-1,"d","D","D","D","D","d","d","d","d","d","d","D","D","d","d","D","d","D","D","d","d","D","d","D","D","D","D","d","d","d","D","D","d","d","D","D","d","D","D","d","d","D","D","D","d","D","d","d","d",-0.663831428481639
103,36,19,"AA",2,"Bb",1,"cC",1,2113,2446,1,-1,1,1,1,1,-1,1,-1,-1,"d","d","D","d","D","d","d","d","d","D","d","D","D","d","d","d","D","D","D","d","d","D","D","D","D","D","D","d","d","D","D","D","D","D","D","D","D","D","D","D","D","d","d","d","d","D","d","D","d",1.20395209106984
99,36,20,"aA",1,"bB",1,"Cc",1,1522,1080,-1,-1,-1,-1,1,1,-1,1,-1,-1,"D","d","D","D","D","d","d","d","D","D","d","d","D","D","d","d","D","D","d","D","D","d","d","D","D","D","D","d","d","D","D","d","D","d","D","D","D","d","d","d","D","d","d","D","D","d","d","D","d",3.46705947214778
103,36,21,"Aa",1,"BB",2,"cC",1,1472,629,1,1,1,-1,1,1,1,1,-1,-1,"d","d","d","D","D","d","D","d","D","d","D","D","D","D","d","d","d","d","D","D","d","d","d","D","D","D","D","d","D","D","d","D","D","D","d","D","D","D","d","d","d","D","d","D","d","d","D","d","d",-0.0158860505084286
99,36,22,"aa",0,"Bb",1,"cC",1,1966,2450,1,-1,1,1,1,-1,1,-1,-1,-1,"D","d","D","D","D","D","D","D","D","D","d","D","d","d","d","d","d","D","D","d","d","D","d","D","D","D","D","d","d","D","D","D","D","D","D","D","D","d","D","d","d","d","d","d","d","D","d","d","D",-0.750687505403835
96,36,23,"AA",2,"Bb",1,"cc",0,58,466,-1,-1,-1,-1,-1,1,1,1,-1,-1,"d","D","D","D","D","d","d","D","D","D","D","D","d","d","d","d","d","D","D","D","D","d","D","D","D","D","D","d","d","d","d","D","D","D","D","D","D","d","D","D","d","d","D","d","d","d","d","d","D",0.909137265649783
105,36,24,"AA",2,"bb",0,"cc",0,1548,1072,1,-1,1,1,1,1,1,1,-1,-1,"d","d","D","D","D","d","d","d","d","D","D","D","D","d","D","d","d","D","D","D","D","d","d","D","D","D","D","d","d","D","D","D","d","D","D","d","D","d","d","d","D","D","d","d","d","d","D","D","D",1.52198432747694
99,36,25,"aA",1,"Bb",1,"cc",0,1892,2026,-1,1,-1,-1,1,1,-1,1,1,-1,"D","D","D","d","D","D","d","d","D","d","D","D","d","d","D","D","d","D","D","D","D","d","D","D","D","D","D","D","d","D","d","D","d","d","D","d","D","D","d","d","d","d","D","d","D","d","D","d","D",-0.321909714572419
95,36,26,"aA",1,"bb",0,"cc",0,2471,1510,-1,-1,-1,1,-1,-1,1,1,-1,-1,"D","D","D","D","D","D","D","D","d","d","D","D","D","D","d","D","d","D","d","D","D","D","d","D","D","D","D","d","d","D","D","D","D","d","D","D","D","D","D","d","d","D","d","d","d","D","d","d","d",-0.0879411732799538
87,36,27,"Aa",1,"Bb",1,"CC",2,1462,2440,-1,-1,-1,-1,-1,-1,-1,-1,-1,-1,"d","D","D","D","D","d","D","d","d","d","D","d","d","d","d","d","d","D","d","d","D","D","D","D","D","D","D","D","d","D","D","D","D","D","d","D","D","D","d","d","D","d","d","d","D","d","d","d","d",-2.08742317109654
94,36,28,"AA",2,"BB",2,"cC",1,738,1423,1,-1,1,-1,-1,-1,-1,-1,-1,-1,"D","d","D","D","d","D","d","d","D","D","D","D","d","d","D","d","D","d","d","D","D","d","d","D","D","d","D","d","D","D","D","D","D","d","D","d","D","d","D","D","d","d","D","d","D","d","d","D","D",0.106936663778971
93,36,29,"aA",1,"BB",2,"cc",0,853,2336,1,1,1,-1,-1,-1,-1,-1,-1,-1,"D","D","d","D","D","d","d","D","d","d","D","D","D","D","d","d","d","d","D","d","D","d","D","D","d","D","D","d","d","D","D","D","D","D","D","d","D","D","D","d","d","d","d","d","d","D","d","d","d",-2.3298979049354
88,36,30,"Aa",1,"BB",2,"CC",2,800,1360,-1,-1,-1,-1,1,-1,-1,-1,-1,-1,"D","D","D","D","D","D","d","d","d","D","D","d","d","d","D","D","d","D","D","D","D","D","d","d","D","D","D","d","d","D","d","D","D","D","D","D","d","D","d","D","d","d","d","d","d","D","d","d","D",-3.34047049895797
102,36,31,"Aa",1,"Bb",1,"cc",0,1837,1594,-1,-1,1,1,-1,1,1,1,-1,-1,"D","d","D","D","d","d","D","d","d","D","d","d","d","d","d","D","d","d","d","d","D","d","D","D","D","D","D","d","d","D","d","d","d","d","D","D","D","d","D","d","D","d","D","D","d","D","D","d","d",2.27438878524623
102,36,32,"aA",1,"bb",0,"Cc",1,1227,661,-1,-1,-1,1,-1,1,1,1,-1,-1,"D","d","d","D","D","d","d","d","d","D","d","D","D","d","D","D","D","D","D","d","d","d","d","D","D","D","D","d","d","d","D","d","d","d","D","d","D","D","d","d","d","d","d","d","d","d","d","D","d",4.31792379731689
92,36,33,"AA",2,"BB",2,"CC",2,751,819,-1,1,-1,-1,-1,-1,1,-1,-1,-1,"d","d","D","D","D","D","d","d","d","D","D","D","D","D","d","D","d","D","D","d","d","d","D","D","D","D","D","d","d","D","D","d","D","D","d","D","D","D","d","d","d","D","D","d","D","d","d","d","d",-1.19553876409967
98,36,34,"AA",2,"bb",0,"Cc",1,1665,1747,-1,-1,1,-1,1,-1,-1,1,-1,-1,"d","D","D","D","D","D","d","d","d","D","d","d","d","d","d","D","D","D","D","d","d","d","D","D","D","D","D","d","D","D","d","D","D","D","D","D","D","D","D","D","d","d","d","d","d","d","d","d","d",2.25065967224797
98,36,35,"aA",1,"BB",2,"CC",2,1528,1553,1,-1,-1,1,1,1,-1,-1,-1,-1,"D","D","D","D","D","D","d","D","d","d","D","d","D","d","d","d","D","D","D","D","D","d","d","D","D","D","D","d","d","D","D","d","d","D","D","d","D","D","D","D","d","d","d","D","d","d","d","d","d",0.484687807551452
93,36,37,"aa",0,"BB",2,"cc",0,798,908,-1,-1,1,-1,-1,1,-1,-1,-1,-1,"d","d","d","D","D","d","d","d","d","d","d","D","D","d","d","D","D","D","D","D","D","d","d","D","D","d","d","d","d","D","D","d","d","D","D","D","d","d","D","D","D","d","D","D","D","d","d","d","d",-0.166552924508748
101,36,38,"aa",0,"BB",2,"Cc",1,1868,1269,-1,-1,1,1,-1,1,1,1,1,-1,"D","D","d","D","D","d","d","d","d","d","D","D","D","D","d","D","d","D","d","d","d","d","D","D","D","D","D","d","d","D","D","d","D","D","D","d","d","D","d","D","D","d","D","d","D","D","d","d","d",-0.595175954198768
101,36,39,"AA",2,"bb",0,"cc",0,2335,157,-1,-1,1,1,1,1,1,-1,-1,-1,"d","d","D","D","D","d","D","d","d","D","D","d","D","d","d","d","D","d","D","D","D","d","d","d","d","D","D","d","d","D","d","d","d","D","D","D","D","D","D","D","d","d","d","d","D","D","D","d","d",1.22691541884355
97,36,40,"aA",1,"BB",2,"cc",0,130,1942,-1,1,1,-1,-1,-1,1,-1,-1,-1,"d","d","D","D","D","d","d","D","d","D","d","D","D","D","d","d","d","D","D","D","D","d","d","D","D","D","D","D","d","D","D","D","d","d","D","d","D","D","d","D","D","d","d","d","D","d","d","D","D",1.61796173778438
98,36,41,"aa",0,"BB",2,"cC",1,1387,1030,-1,-1,1,-1,1,1,-1,1,-1,-1,"d","D","D","D","D","d","D","d","d","d","D","D","D","D","d","D","d","D","D","D","d","d","d","D","D","D","D","d","d","d","D","d","D","D","d","D","D","d","D","d","D","D","d","d","d","D","D","d","d",0.553933559031388
93,36,42,"aa",0,"BB",2,"cC",1,1318,2383,-1,1,1,-1,-1,-1,-1,-1,-1,-1,"d","D","d","D","D","D","D","d","d","d","d","d","D","D","d","d","D","D","D","D","D","D","D","D","D","D","D","d","d","d","d","d","D","D","D","D","D","d","D","d","d","d","d","D","d","d","d","D","D",-0.137686647671256
103,36,43,"aa",0,"bb",0,"cC",1,1925,368,1,1,1,1,1,-1,1,1,-1,-1,"D","d","d","D","D","d","d","d","d","D","d","D","D","D","D","d","D","D","D","D","D","D","D","D","D","D","D","d","d","D","d","d","D","D","D","D","D","d","D","D","d","d","D","d","D","d","D","D","d",-0.540307084037583
99,36,44,"AA",2,"bb",0,"cc",0,1134,330,-1,1,-1,1,1,1,1,-1,1,1,"d","D","D","D","D","d","d","d","D","d","d","D","d","d","d","D","D","d","d","d","D","D","D","D","D","D","d","d","D","D","d","d","D","d","d","D","d","d","D","D","D","D","D","D","D","d","D","d","d",-4.70296587029771
89,36,45,"aA",1,"bb",0,"cC",1,1727,464,-1,-1,-1,-1,-1,-1,-1,-1,-1,-1,"d","D","D","D","D","D","D","d","D","D","d","D","d","D","D","D","d","d","D","d","d","d","D","d","D","D","D","d","d","d","d","d","D","D","D","D","D","d","D","d","d","d","d","D","D","d","d","D","d",-0.7074684175608
103,36,46,"aA",1,"BB",2,"Cc",1,2220,505,-1,1,1,1,1,1,1,1,-1,-1,"d","D","d","d","d","D","D","d","d","D","d","d","d","d","d","D","d","d","D","D","d","D","D","D","D","D","D","d","d","D","D","D","D","d","D","D","D","d","D","D","d","D","D","d","d","d","d","D","d",-0.0366117798654236
99,36,47,"aA",1,"BB",2,"cc",0,1892,223,-1,1,-1,1,1,-1,-1,1,-1,1,"D","D","D","d","d","D","d","d","D","d","d","d","d","d","d","d","d","D","D","D","D","D","d","D","D","D","D","d","d","D","D","D","D","D","D","d","d","D","D","d","d","d","d","d","D","d","d","d","d",-0.393342674986827
100,36,48,"AA",2,"bb",0,"cC",1,397,220,1,-1,-1,1,1,1,1,1,-1,-1,"D","D","D","D","D","D","D","d","d","d","D","D","D","D","D","D","d","D","D","D","d","D","d","D","D","D","D","d","D","d","D","D","D","D","D","D","D","D","D","d","d","D","d","d","d","D","d","D","d",-1.37772541387354
100,36,49,"aa",0,"bB",1,"CC",2,33,949,-1,-1,1,-1,1,1,1,1,-1,-1,"d","D","D","D","D","d","D","d","D","d","D","d","d","d","d","D","d","D","D","d","D","D","d","D","D","D","D","d","d","D","d","D","D","D","D","D","D","d","d","D","D","d","d","d","d","d","D","d","d",0.909895313467949
99,36,50,"aa",0,"bb",0,"cC",1,250,1883,1,-1,1,-1,1,1,-1,1,1,-1,"d","D","d","D","D","d","D","D","D","D","d","D","d","d","D","D","D","D","D","d","D","d","D","D","D","D","d","d","d","D","D","d","D","D","D","d","D","d","d","D","d","d","d","d","d","D","d","d","D",-2.20044534190875
107,37,1,"AA",2,"BB",2,"Cc",1,1657,1827,1,1,1,1,1,-1,1,1,1,-1,"d","D","D","d","D","D","D","D","d","d","d","D","D","D","d","d","d","D","D","D","d","d","d","D","d","d","d","d","d","d","D","d","D","D","d","d","d","D","D","d","d","d","d","d","d","d","d","D","d",1.80785425596797
93,37,2,"aa",0,"bb",0,"CC",2,1558,1363,-1,-1,-1,-1,-1,-1,1,1,-1,-1,"D","D","D","D","D","D","d","D","d","d","D","D","d","D","d","d","D","D","D","D","d","D","D","D","D","D","D","d","d","d","D","D","D","D","D","D","d","d","D","D","d","D","D","d","D","d","D","d","d",-0.722431460548794
102,37,3,"aa",0,"bB",1,"cC",1,1859,975,-1,-1,1,1,1,1,1,-1,1,1,"d","D","d","D","D","D","d","d","d","d","D","d","d","d","d","D","d","D","d","D","D","d","d","D","D","D","d","D","d","d","D","D","D","d","D","D","D","D","D","D","d","D","d","d","D","D","d","d","d",-1.42594021931609
92,37,4,"aA",1,"BB",2,"cc",0,1780,2027,-1,-1,1,-1,1,-1,-1,-1,-1,-1,"d","d","D","D","D","D","d","d","d","D","d","d","d","D","d","d","d","D","D","D","d","D","D","d","D","D","D","d","D","D","D","d","D","D","d","D","d","d","D","d","D","d","D","d","d","d","d","d","d",-1.45854768116581
106,37,5,"AA",2,"BB",2,"CC",2,665,702,1,1,1,1,1,1,1,1,-1,1,"d","D","d","D","D","D","d","d","d","D","D","D","D","D","d","D","D","D","D","D","D","D","d","D","D","D","D","d","d","D","d","D","D","D","D","D","D","d","d","d","D","D","d","d","d","d","D","D","d",-1.64476394328573
94,37,6,"aa",0,"BB",2,"Cc",1,970,1191,-1,-1,-1,1,-1,1,-1,-1,-1,-1,"d","D","d","d","D","d","d","d","D","D","D","D","D","d","d","D","D","D","D","D","d","d","d","D","D","D","D","d","d","d","D","D","d","d","d","D","D","d","D","d","D","d","d","D","d","D","D","d","d",0.596907283687348
93,37,7,"aa",0,"bb",0,"CC",2,557,1165,-1,-1,-1,1,-1,-1,-1,-1,-1,-1,"D","D","D","D","D","d","d","D","D","D","D","d","d","d","d","D","D","d","D","d","D","d","d","D","D","D","D","d","D","D","D","D","d","D","d","D","D","d","d","d","d","D","d","d","D","d","d","d","D",1.01033949851528
101,37,8,"aa",0,"BB",2,"CC",2,131,823,-1,-1,1,-1,1,1,1,1,-1,-1,"d","D","D","D","D","d","d","d","D","d","d","D","D","d","d","D","d","D","D","D","d","D","d","D","D","D","D","d","D","D","D","d","D","d","D","D","D","D","D","d","D","d","d","D","D","D","D","d","D",1.34284190310253
99,37,9,"aa",0,"BB",2,"cc",0,1843,2203,1,-1,-1,1,-1,1,1,1,-1,-1,"d","D","d","D","d","d","d","d","d","d","d","d","D","D","d","d","D","D","D","D","d","D","D","D","D","D","D","d","d","d","D","D","D","d","D","d","D","d","d","D","d","d","D","d","d","D","D","D","D",-0.907711978540918
99,37,10,"aA",1,"bB",1,"cc",0,523,109,1,-1,1,-1,-1,1,-1,1,-1,-1,"D","D","d","D","D","D","D","d","d","d","D","D","D","d","d","d","d","d","D","d","D","d","D","D","D","d","d","d","d","D","d","d","d","D","D","D","d","D","D","d","D","D","D","d","D","d","d","d","d",1.01450059778478
96,37,11,"aA",1,"BB",2,"cC",1,129,2265,-1,-1,1,1,1,1,-1,-1,-1,-1,"d","d","D","D","D","d","D","d","d","d","D","d","d","d","D","d","D","D","D","d","d","D","D","D","D","D","D","d","d","d","d","d","D","d","D","D","D","D","d","D","d","D","D","d","D","D","D","d","D",-1.1344380707695
99,37,12,"aA",1,"bb",0,"cC",1,114,1096,1,-1,-1,-1,1,-1,1,1,-1,-1,"D","D","d","D","d","d","D","d","d","D","d","d","D","d","d","d","D","D","D","d","d","D","d","D","D","D","D","D","d","D","d","D","D","D","D","d","d","D","D","d","d","D","D","D","d","d","D","d","d",1.07790297711058
93,37,13,"aA",1,"Bb",1,"Cc",1,1778,75,-1,-1,1,-1,1,-1,-1,-1,-1,-1,"d","d","D","D","d","D","d","d","d","D","D","d","d","d","d","d","d","d","D","d","D","D","d","D","D","D","D","d","d","D","d","d","d","D","D","D","D","D","D","d","D","D","D","d","d","d","D","d","D",-0.835059619608976
106,37,14,"aa",0,"BB",2,"Cc",1,1126,2305,-1,1,1,1,1,1,1,1,1,-1,"d","d","d","D","D","D","d","d","D","d","d","D","D","d","D","D","D","D","D","D","d","D","d","D","D","D","D","d","D","D","D","d","D","D","D","D","D","D","d","d","D","d","d","d","d","D","D","d","D",0.390163669943934
101,37,15,"aA",1,"Bb",1,"Cc",1,1596,1090,1,1,1,1,1,1,-1,1,-1,-1,"D","D","D","D","D","d","d","d","d","D","D","D","D","d","D","D","d","D","D","D","D","D","d","D","D","D","D","d","d","d","D","d","d","D","D","D","D","d","d","d","d","d","d","d","D","d","d","d","D",-2.25452979208518
89,37,16,"aa",0,"BB",2,"CC",2,2118,936,-1,-1,-1,-1,-1,-1,-1,-1,-1,-1,"D","d","d","D","D","D","d","d","d","D","d","D","d","d","d","d","d","D","D","D","D","D","d","d","D","D","D","D","d","d","D","d","D","d","d","d","d","D","D","D","d","d","D","d","d","d","d","D","d",-0.459616282162903
95,37,17,"Aa",1,"bB",1,"Cc",1,831,1267,-1,-1,1,1,-1,1,-1,-1,-1,-1,"D","d","D","D","d","d","d","d","d","D","D","d","D","D","d","D","d","D","d","D","D","D","D","D","D","D","D","d","d","D","D","d","d","d","D","d","D","D","D","D","d","d","D","D","d","d","d","d","d",-0.0968118442079826
97,37,18,"aa",0,"BB",2,"Cc",1,1297,2119,-1,1,1,1,1,-1,-1,-1,-1,-1,"D","D","D","D","D","d","d","D","d","D","D","D","d","D","D","D","D","d","D","d","d","D","D","D","D","D","D","D","d","d","d","d","D","D","D","D","D","D","d","D","D","d","d","D","d","d","d","d","d",-0.731004791147659
96,37,19,"aa",0,"bb",0,"cC",1,910,1338,-1,-1,-1,1,1,1,-1,-1,-1,-1,"D","D","d","D","D","D","D","d","D","D","D","d","D","d","D","d","D","D","D","D","d","d","d","D","D","D","D","D","d","D","D","D","D","D","D","d","d","d","D","d","d","D","D","d","d","d","d","d","d",0.60263109696982
100,37,20,"aa",0,"bb",0,"Cc",1,822,833,1,1,-1,-1,1,-1,1,1,-1,-1,"D","d","D","d","d","d","d","d","d","d","D","d","D","d","D","d","D","D","D","D","d","d","D","D","d","D","D","d","d","D","D","D","d","d","D","D","D","d","D","D","D","D","D","d","d","D","d","D","d",0.139138846034848
95,37,21,"aa",0,"BB",2,"CC",2,2318,1922,-1,-1,-1,-1,1,1,-1,-1,-1,-1,"D","D","d","D","D","d","d","d","d","D","d","D","d","d","d","d","d","d","d","d","d","D","d","D","D","D","D","d","d","d","D","D","D","D","d","D","D","d","D","d","d","d","d","d","d","D","d","d","D",1.34099751989897
95,37,22,"aA",1,"bB",1,"CC",2,905,384,-1,-1,-1,1,-1,1,-1,1,-1,-1,"D","D","d","D","D","D","d","d","D","d","D","d","D","D","d","d","D","d","D","d","d","d","d","D","D","D","D","d","d","D","D","d","D","D","D","D","d","d","D","D","D","D","d","D","D","D","d","d","d",-0.783017762635588
102,37,23,"aa",0,"Bb",1,"Cc",1,1302,661,1,1,-1,1,-1,1,1,1,-1,-1,"D","d","d","D","D","D","d","d","d","d","d","d","D","d","D","d","D","d","D","d","d","D","d","D","D","d","D","d","d","D","d","d","d","D","D","d","D","D","d","D","d","D","d","d","d","d","d","d","D",0.187720637572384
95,37,24,"aa",0,"Bb",1,"cC",1,798,868,-1,1,-1,-1,1,1,-1,1,-1,-1,"d","d","D","D","D","d","d","d","D","d","D","D","d","d","d","D","d","D","D","d","d","d","d","D","D","D","D","d","d","D","D","d","d","D","D","D","D","d","d","d","d","d","D","D","D","d","D","d","d",-2.4962300891842
95,37,25,"Aa",1,"BB",2,"CC",2,569,1723,1,-1,1,-1,-1,-1,-1,-1,-1,-1,"D","d","D","D","D","d","D","D","d","d","D","D","D","D","d","D","d","D","D","d","D","d","d","D","D","D","D","d","d","d","d","D","d","D","D","D","D","D","d","D","d","d","d","D","D","d","d","d","d",1.23465842809412
102,37,26,"aa",0,"bB",1,"Cc",1,38,620,-1,1,1,-1,1,1,1,1,-1,-1,"d","d","d","D","D","d","d","D","D","D","D","d","D","D","d","D","d","D","d","d","D","d","d","D","d","D","D","d","d","d","d","d","D","D","D","d","D","d","D","D","d","D","d","D","D","d","D","D","d",0.970041485561985
101,37,27,"aA",1,"bb",0,"cc",0,2074,1954,-1,-1,1,1,-1,1,1,1,-1,1,"d","d","D","D","d","d","d","d","d","D","D","d","d","d","d","D","d","D","D","D","d","d","d","D","D","D","D","d","d","D","D","d","D","D","D","D","D","D","d","D","d","d","d","D","D","d","d","d","d",-0.12231308742862
92,37,28,"Aa",1,"bb",0,"Cc",1,1764,1830,-1,-1,-1,1,-1,-1,-1,-1,-1,-1,"D","D","d","D","D","D","d","D","d","D","D","D","D","d","d","D","d","D","D","D","D","D","d","D","d","D","D","d","d","d","D","D","D","d","D","D","d","d","D","d","D","d","D","D","d","d","d","d","d",0.437499372915627
101,37,29,"Aa",1,"bB",1,"cc",0,565,1044,-1,1,1,-1,-1,1,1,1,-1,1,"d","d","D","D","D","D","d","d","d","d","d","D","d","D","d","D","d","d","d","D","D","D","D","D","D","D","D","d","d","D","d","d","D","D","d","D","D","d","d","D","D","d","D","d","D","D","d","d","d",-0.310767280201568
105,37,30,"aA",1,"bb",0,"cC",1,638,1339,1,1,1,1,1,1,1,1,-1,-1,"d","d","D","d","D","d","d","D","d","D","d","d","D","d","D","d","d","D","d","d","D","D","D","D","D","D","D","d","D","D","D","d","d","d","D","D","D","d","d","d","d","d","d","d","d","d","d","d","D",-0.077955286245848
103,37,31,"aa",0,"BB",2,"CC",2,1822,1170,-1,1,1,1,-1,1,1,1,-1,-1,"D","d","d","D","d","d","d","d","D","d","D","d","D","d","d","d","d","d","D","d","D","D","d","D","D","d","D","D","d","D","D","D","d","d","D","D","d","d","D","D","D","D","D","D","D","d","D","D","d",1.31970153842147
99,37,32,"aA",1,"bb",0,"CC",2,487,915,1,-1,1,-1,-1,1,-1,-1,1,-1,"D","D","d","D","D","d","d","d","D","D","D","D","d","d","d","D","D","D","d","D","d","d","D","d","D","D","D","d","d","D","d","D","D","D","D","D","D","D","D","d","D","D","D","D","D","D","d","D","d",1.75872837620821
96,37,33,"AA",2,"bb",0,"Cc",1,273,448,-1,-1,1,1,-1,1,1,-1,-1,-1,"d","D","D","D","D","d","D","D","D","D","D","D","d","d","d","d","d","D","d","D","D","d","d","D","D","D","D","d","D","d","d","D","D","D","D","D","D","d","D","d","D","D","D","d","d","D","d","d","d",-1.27716097043371
102,37,34,"Aa",1,"Bb",1,"CC",2,2339,341,-1,1,1,1,-1,1,1,1,-1,-1,"D","d","d","D","d","D","d","d","d","D","d","D","D","D","d","d","d","D","D","D","d","D","d","D","D","D","D","d","d","d","D","D","d","D","D","D","D","d","d","d","D","d","d","d","d","d","d","d","D",0.251443464994673
103,37,35,"AA",2,"Bb",1,"cC",1,2495,220,-1,-1,1,1,1,1,1,1,1,-1,"D","D","d","D","d","d","D","d","d","D","d","d","D","d","d","D","D","d","D","D","d","d","D","D","D","D","D","d","D","D","D","d","D","D","D","d","D","d","D","D","d","D","D","d","d","d","D","D","d",-0.884314461484081
101,37,36,"aa",0,"bb",0,"cC",1,1347,965,1,-1,1,-1,1,1,1,1,-1,-1,"D","D","d","D","D","d","D","D","d","D","D","D","d","d","d","d","d","D","d","D","D","d","d","d","D","D","D","d","d","D","d","D","D","d","D","D","d","D","D","D","D","d","d","d","D","d","D","d","D",-0.827782717586734
92,37,38,"AA",2,"bb",0,"CC",2,292,2282,-1,-1,-1,-1,-1,1,1,-1,-1,-1,"d","d","D","D","D","d","d","D","d","d","D","d","D","d","D","d","d","D","D","D","d","D","d","D","D","D","D","d","D","D","D","d","d","D","D","d","D","D","d","d","d","D","D","d","D","d","d","d","d",-1.50078036570948
94,37,39,"aa",0,"Bb",1,"CC",2,1562,754,-1,-1,1,-1,-1,-1,-1,-1,-1,-1,"D","d","d","D","d","D","d","D","d","D","D","D","D","d","d","D","d","D","D","d","D","D","D","D","D","D","D","D","d","D","d","D","D","D","D","D","D","D","d","D","d","d","d","d","d","D","d","D","d",2.50294689663672
100,37,40,"aa",0,"BB",2,"cC",1,2461,1563,-1,-1,1,-1,-1,1,1,1,-1,-1,"D","D","D","D","d","d","d","d","d","d","D","d","d","D","d","D","D","D","D","d","d","D","d","d","D","D","D","d","d","D","d","D","D","D","D","D","d","D","D","d","d","d","D","d","d","d","d","d","d",2.44137719745955
95,37,41,"Aa",1,"bB",1,"CC",2,391,587,-1,-1,-1,1,1,-1,1,-1,-1,-1,"D","d","D","D","D","d","d","d","d","D","D","D","D","d","d","D","D","D","D","d","D","D","D","D","D","D","D","d","d","d","d","D","D","D","D","D","D","D","D","D","d","d","d","D","D","d","d","D","d",-0.244993629792803
92,37,42,"aa",0,"bB",1,"CC",2,1221,1706,-1,-1,-1,-1,-1,-1,-1,-1,1,1,"D","d","d","D","D","d","d","d","d","D","D","D","D","d","d","d","d","D","D","d","d","d","D","d","D","D","D","d","d","d","D","D","D","D","d","D","d","D","D","d","d","d","D","d","d","d","d","D","D",-1.83538730181665
98,37,43,"aa",0,"BB",2,"Cc",1,1142,2420,-1,1,-1,-1,1,-1,1,1,-1,-1,"D","D","d","D","d","D","d","d","d","d","D","D","d","d","d","D","D","D","D","D","d","D","D","d","D","d","D","d","d","d","D","d","D","D","D","D","D","d","D","D","D","D","d","D","D","d","D","d","d",0.00150804137119427
98,37,44,"Aa",1,"Bb",1,"Cc",1,1212,716,1,-1,-1,-1,1,-1,-1,1,1,-1,"D","d","D","D","D","D","d","D","d","d","D","d","D","d","d","D","d","D","D","D","d","d","D","D","D","D","D","d","d","D","D","D","d","D","D","D","D","D","D","D","D","D","d","d","d","D","d","D","d",0.487950369393148
103,37,45,"Aa",1,"bB",1,"cc",0,1192,2429,-1,1,1,1,1,1,1,1,-1,-1,"D","d","d","D","D","d","d","d","d","D","D","D","D","d","d","d","d","d","D","D","d","d","D","D","D","D","D","d","D","D","d","d","D","d","D","D","d","D","d","d","D","d","d","d","d","D","d","D","d",-0.520506379348686
102,37,46,"aA",1,"BB",2,"cC",1,1019,1676,1,-1,1,1,-1,1,1,1,-1,-1,"D","D","d","D","D","d","d","d","d","d","D","d","D","d","d","d","d","d","D","d","d","d","D","d","D","D","D","d","d","d","D","D","D","D","D","D","d","D","D","D","d","D","D","D","D","d","d","d","d",0.439135498751218
95,37,47,"aA",1,"BB",2,"cC",1,216,105,-1,1,1,-1,-1,1,1,-1,-1,-1,"d","D","D","D","D","d","d","d","d","D","D","d","d","d","d","d","d","d","d","d","D","d","d","D","D","D","D","d","d","D","d","d","d","D","d","D","d","d","D","D","d","d","D","d","d","D","d","d","d",-2.98738142868309
99,37,48,"AA",2,"bB",1,"Cc",1,1612,2204,-1,-1,1,1,1,-1,1,-1,1,-1,"D","D","D","D","D","D","D","d","d","D","D","d","D","d","d","D","D","D","D","D","D","d","d","D","d","D","D","d","D","D","d","D","D","D","D","D","D","D","D","d","D","D","d","D","d","d","D","D","d",-0.440028551727433
101,37,49,"aa",0,"bB",1,"CC",2,1855,1422,1,-1,-1,1,1,1,1,1,-1,-1,"D","D","D","D","D","D","D","D","d","D","D","d","d","d","d","d","d","d","D","D","D","d","D","D","D","D","D","D","d","D","D","D","d","D","D","D","D","d","d","D","d","D","d","D","d","D","d","d","d",-0.798318154608434
92,37,50,"AA",2,"bb",0,"CC",2,428,1602,-1,1,-1,-1,1,-1,-1,-1,-1,-1,"D","D","d","D","D","d","d","D","D","D","D","D","D","d","d","D","d","D","D","d","D","D","d","D","D","D","D","d","D","d","D","D","d","D","D","d","D","d","d","D","D","D","d","d","d","d","d","d","d",-1.40201255642776
103,38,1,"AA",2,"bB",1,"Cc",1,1943,1622,1,-1,1,1,1,-1,1,1,-1,-1,"d","D","D","D","D","d","d","D","d","d","D","D","D","D","d","D","d","d","D","d","D","D","D","D","D","D","D","d","d","D","D","D","d","D","d","d","D","D","d","D","D","d","d","D","D","D","D","D","D",1.01047567057653
95,38,2,"AA",2,"bb",0,"CC",2,1918,881,-1,-1,1,1,-1,-1,1,-1,-1,-1,"D","D","d","d","d","d","d","d","d","d","d","D","d","d","d","d","d","d","D","D","D","d","D","D","D","D","D","d","d","D","D","d","D","D","d","D","D","d","d","D","D","d","D","d","D","d","d","d","d",-0.989378416409057
91,38,3,"Aa",1,"Bb",1,"Cc",1,1077,428,-1,-1,-1,-1,-1,-1,-1,1,-1,-1,"D","d","D","d","d","D","D","d","d","D","D","D","D","d","d","d","D","D","d","D","d","d","D","D","d","D","D","d","d","D","d","d","D","d","d","D","d","D","d","d","D","D","d","d","D","D","d","d","d",-0.580011895316628
97,38,4,"AA",2,"BB",2,"cc",0,2399,1406,-1,1,-1,1,1,-1,1,-1,-1,-1,"D","D","D","D","D","d","d","d","D","D","d","D","d","d","d","D","d","D","D","d","D","D","d","D","D","D","D","d","d","D","D","d","d","d","D","D","D","d","D","d","D","d","d","D","D","d","D","d","d",-0.72134760157576
106,38,5,"aA",1,"bb",0,"cc",0,278,1872,1,-1,1,1,1,1,1,1,1,-1,"d","D","D","D","D","d","D","d","d","d","D","D","D","d","d","d","d","D","D","D","D","d","d","D","D","D","d","d","d","D","D","D","D","D","D","D","D","d","d","D","D","d","d","d","D","D","d","d","D",0.0723897332625775
102,38,6,"aa",0,"bB",1,"cC",1,1925,573,1,-1,1,-1,1,-1,1,1,-1,-1,"D","d","D","D","D","d","D","d","D","D","D","D","d","D","d","D","d","D","d","D","d","D","d","D","d","D","d","d","d","D","D","d","D","D","D","D","D","d","d","d","d","d","D","d","D","d","D","D","D",2.99708473440239
94,38,7,"aa",0,"bb",0,"cc",0,1006,2385,-1,-1,1,1,-1,-1,1,-1,-1,-1,"d","D","D","D","D","d","d","d","d","d","d","D","D","d","D","D","D","D","D","d","D","D","d","D","D","D","D","d","d","d","D","D","D","D","D","D","D","D","d","d","d","D","d","d","D","D","D","d","d",-1.57537064762447
104,38,8,"aA",1,"BB",2,"Cc",1,546,1300,1,1,1,-1,1,1,-1,1,1,-1,"d","D","d","d","D","D","D","d","d","D","D","d","D","d","D","d","D","D","D","d","D","d","d","D","D","D","D","d","d","d","d","d","D","D","D","D","d","d","D","d","d","d","d","d","d","D","D","d","d",0.800080672052446
93,38,9,"aA",1,"Bb",1,"cc",0,915,332,1,-1,-1,-1,1,-1,-1,-1,-1,-1,"D","d","d","D","d","d","d","D","d","D","D","d","d","d","D","D","D","D","D","d","D","D","D","D","d","D","D","d","D","D","d","D","D","D","D","D","D","D","D","d","d","D","D","d","d","d","D","D","d",-0.410343165827476
96,38,10,"aa",0,"Bb",1,"cC",1,377,2054,-1,-1,-1,-1,1,1,-1,-1,-1,-1,"D","d","D","D","D","D","d","d","d","D","D","d","d","d","d","D","D","D","D","D","D","d","D","D","D","D","D","d","d","d","d","D","D","D","D","D","D","d","d","d","D","D","d","d","d","d","d","d","d",2.51027368083891
103,38,11,"aA",1,"bB",1,"CC",2,1807,1187,-1,1,1,1,1,1,-1,-1,1,1,"d","D","D","D","D","D","d","d","d","D","D","D","d","D","D","D","D","d","D","d","d","D","d","D","D","D","D","d","d","D","D","D","d","d","D","D","D","D","d","D","d","d","D","D","D","d","d","d","D",-0.0906979851203411
90,38,12,"Aa",1,"bB",1,"CC",2,689,1071,-1,-1,-1,-1,-1,-1,-1,1,-1,-1,"d","D","d","D","d","d","d","d","d","d","D","d","D","d","d","D","d","D","D","d","D","d","d","D","D","D","D","d","d","D","d","D","D","D","d","D","D","D","D","D","d","D","d","d","d","d","d","d","d",-1.90239249789941
89,38,13,"AA",2,"bB",1,"Cc",1,1330,2333,-1,-1,-1,-1,-1,-1,-1,-1,-1,-1,"D","D","d","D","D","d","d","d","D","D","D","d","d","d","D","d","D","D","D","d","d","D","d","d","D","D","D","d","d","d","d","D","D","D","D","D","d","d","D","d","d","D","D","d","D","D","D","d","D",-0.723651409542432
98,38,14,"AA",2,"BB",2,"CC",2,22,171,-1,-1,-1,1,-1,1,1,-1,-1,1,"d","D","D","D","D","D","d","d","d","D","D","D","D","D","d","d","d","d","D","D","d","d","d","D","D","D","D","d","D","D","d","D","d","d","D","d","d","d","D","d","D","d","D","d","d","d","d","d","d",0.243660420739156
100,38,15,"aA",1,"bb",0,"CC",2,964,1875,-1,-1,-1,1,1,-1,1,1,1,-1,"D","d","D","D","D","D","D","D","D","D","d","d","d","d","d","d","D","D","D","D","d","d","D","D","D","D","D","d","d","D","D","d","d","D","d","D","D","d","D","D","D","D","D","D","d","d","d","d","d",0.969505153626276
95,38,16,"aa",0,"bB",1,"CC",2,1598,754,-1,-1,-1,-1,1,-1,1,-1,-1,-1,"D","d","D","d","D","D","D","d","d","D","D","d","D","d","D","D","d","d","D","D","D","D","D","D","D","D","D","d","d","D","D","D","D","D","D","D","d","D","D","d","d","d","D","d","d","d","D","d","d",1.4037672044218
100,38,17,"aa",0,"bB",1,"CC",2,1598,801,-1,1,-1,1,1,1,1,1,-1,-1,"D","d","d","D","D","D","D","d","d","D","d","d","d","d","d","D","d","D","d","D","D","D","d","D","D","D","D","d","d","D","D","D","d","D","d","D","D","D","D","d","d","D","D","D","d","d","D","d","d",-1.62897063080277
100,38,18,"AA",2,"Bb",1,"Cc",1,1444,1006,-1,-1,1,1,1,1,1,-1,-1,-1,"d","D","D","D","D","d","d","D","d","d","D","d","D","d","d","D","d","D","d","D","d","d","D","D","D","D","D","d","d","D","D","D","D","D","d","D","d","d","D","d","d","d","D","d","D","d","d","d","d",0.794445260801277
94,38,19,"Aa",1,"BB",2,"cc",0,1970,771,1,-1,-1,1,1,-1,1,-1,-1,-1,"D","D","d","D","D","d","D","d","d","d","D","D","D","d","d","d","D","D","D","d","d","D","d","D","D","d","D","d","d","d","d","D","D","D","D","d","D","D","d","D","d","D","D","d","D","d","d","D","d",-3.03950211819992
98,38,20,"Aa",1,"Bb",1,"cC",1,452,799,-1,-1,-1,1,1,1,-1,1,-1,-1,"d","D","D","D","D","d","D","D","d","d","D","D","d","d","d","D","D","D","D","D","d","D","D","D","d","D","D","d","d","D","d","D","D","D","d","D","D","D","D","D","d","d","D","d","d","d","d","d","d",0.351729186550039
102,38,21,"aa",0,"bB",1,"Cc",1,1367,2193,1,-1,1,1,1,1,-1,1,-1,-1,"D","d","D","D","d","d","D","d","d","D","D","D","d","d","d","D","d","d","D","d","D","d","d","D","D","d","D","d","d","d","D","d","D","d","D","D","D","D","d","D","D","d","d","d","d","d","D","d","d",0.748188690336241
102,38,22,"aA",1,"BB",2,"cc",0,1786,1111,-1,1,1,-1,-1,1,1,1,1,-1,"d","d","d","D","D","d","D","d","d","d","D","D","d","d","d","d","d","D","D","d","d","D","D","D","D","D","D","D","d","D","D","D","D","D","D","D","D","D","D","D","d","D","D","d","d","d","d","d","D",0.639725362993655
103,38,23,"aA",1,"Bb",1,"CC",2,940,102,1,1,1,-1,1,-1,1,1,-1,-1,"d","d","D","d","D","D","d","d","d","D","d","D","D","D","D","d","D","d","D","D","D","D","d","D","D","D","D","d","d","D","D","D","d","D","d","D","D","d","d","d","d","d","d","d","d","d","d","d","d",1.53612567525274
98,38,24,"Aa",1,"BB",2,"cc",0,1904,1911,-1,1,1,1,-1,1,-1,1,-1,-1,"D","d","d","d","D","d","d","d","d","D","D","D","D","D","d","D","d","D","D","d","D","D","d","D","D","D","D","d","d","D","D","D","d","D","D","D","D","d","D","d","d","D","d","d","d","d","d","D","d",-1.16897000510066
104,38,25,"Aa",1,"Bb",1,"Cc",1,1759,2043,-1,-1,1,1,1,-1,1,1,1,1,"D","d","D","D","d","d","d","d","d","D","d","D","d","d","d","D","D","D","d","d","d","D","D","D","D","D","D","d","d","D","D","d","d","d","d","D","D","D","D","d","d","d","d","D","d","D","D","d","d",0.18788965590818
101,38,26,"aA",1,"bb",0,"cC",1,285,1539,-1,-1,-1,1,1,1,1,1,-1,-1,"d","D","D","D","D","D","D","d","D","D","D","D","d","d","D","D","D","d","D","D","d","D","D","D","D","D","D","d","D","D","d","D","D","d","d","D","D","d","d","d","D","d","D","d","D","d","D","D","d",1.1529072931595
107,38,27,"AA",2,"BB",2,"cC",1,2448,2485,-1,1,1,1,1,1,1,1,1,-1,"D","d","d","D","d","d","D","d","D","d","D","d","D","d","d","d","d","D","D","D","d","d","d","d","D","D","D","d","d","D","d","d","d","D","D","D","D","d","d","D","D","d","D","D","d","d","D","D","d",1.97730781512136
96,38,28,"Aa",1,"bb",0,"cc",0,1468,1709,1,1,1,-1,-1,1,-1,-1,-1,-1,"D","d","D","D","D","D","D","D","D","D","D","d","d","D","d","D","d","D","d","d","D","d","D","D","D","D","D","d","d","d","D","D","d","D","D","D","D","d","d","D","D","D","d","d","d","D","d","D","d",-1.82872844675463
92,38,29,"Aa",1,"bB",1,"cc",0,1763,2125,-1,-1,-1,-1,1,-1,-1,-1,-1,-1,"d","D","d","D","D","d","D","D","d","D","D","d","D","d","d","d","D","D","D","d","d","d","d","D","D","D","D","D","d","D","d","d","D","d","d","D","d","D","D","D","D","d","d","D","d","D","d","d","d",0.120217535798175
101,38,30,"aa",0,"BB",2,"cc",0,312,1746,1,-1,1,1,1,1,1,-1,-1,-1,"d","D","d","D","D","d","d","D","d","D","d","D","d","d","D","d","d","D","D","d","d","D","D","D","d","D","D","D","d","d","D","D","D","D","D","D","D","D","D","d","d","D","d","D","D","D","d","d","d",-0.193002803401466
90,38,31,"AA",2,"Bb",1,"cc",0,1662,2270,-1,-1,-1,-1,-1,-1,-1,-1,-1,-1,"d","D","d","D","D","D","D","D","D","D","D","d","D","d","D","d","d","d","D","D","D","d","D","D","D","D","D","d","d","d","D","D","D","D","d","d","D","D","D","d","d","d","d","d","d","D","d","d","d",0.322587040231099
100,38,32,"aa",0,"Bb",1,"cC",1,535,2451,-1,-1,-1,1,1,1,1,1,-1,-1,"D","D","d","D","D","D","d","D","d","D","D","d","d","d","d","d","D","D","D","D","d","d","D","D","d","D","D","d","D","d","D","D","D","d","d","D","D","D","d","D","d","d","d","D","d","d","d","d","D",0.848470023170251
102,38,33,"aa",0,"BB",2,"Cc",1,1158,1975,-1,1,1,-1,1,-1,1,1,-1,1,"D","D","D","D","D","d","d","D","D","D","d","D","d","d","d","d","D","D","D","d","d","d","D","D","D","D","D","d","d","D","D","d","D","D","d","D","D","d","D","d","d","D","D","d","D","d","d","d","D",0.786452717870832
102,38,34,"aA",1,"bB",1,"CC",2,1408,1110,-1,1,1,1,1,-1,1,1,-1,-1,"d","D","D","D","D","d","d","d","D","D","D","d","D","D","d","D","D","D","D","D","D","d","D","D","D","D","D","d","d","d","D","d","D","d","D","D","d","d","D","D","D","d","d","D","D","d","d","D","d",0.572579389848315
102,38,35,"aA",1,"bB",1,"Cc",1,235,1825,1,-1,1,-1,1,1,1,1,-1,-1,"d","D","d","D","D","d","D","d","D","D","d","d","d","d","D","d","D","d","d","D","D","d","d","D","D","D","D","d","d","D","d","D","d","D","D","d","d","d","d","d","d","D","d","D","d","D","d","D","d",0.665271933111771
99,38,36,"Aa",1,"bb",0,"cC",1,2237,2045,-1,1,1,-1,1,-1,1,-1,-1,1,"D","D","D","D","D","D","d","D","d","D","D","d","D","d","d","D","d","D","D","d","D","d","D","D","D","d","D","d","d","D","d","D","D","d","D","D","d","D","d","d","d","d","D","D","D","d","D","D","D",-0.937976310513699
96,38,37,"aA",1,"bB",1,"cC",1,890,281,1,-1,-1,1,1,1,-1,-1,-1,-1,"d","d","d","D","D","D","d","d","d","d","D","d","d","d","D","D","D","D","D","D","d","d","D","D","D","D","D","d","d","D","d","D","D","D","D","d","D","d","D","D","D","D","D","d","D","d","d","D","d",-1.10478180502498
101,38,39,"aa",0,"bb",0,"cc",0,451,442,1,-1,-1,1,1,1,-1,-1,1,-1,"D","d","D","D","D","d","D","d","d","d","D","d","D","d","D","d","D","d","D","D","d","d","d","D","D","D","D","d","d","D","D","D","D","D","d","D","d","D","d","D","D","d","D","d","d","D","d","d","d",1.34447389361643
95,38,40,"aa",0,"bb",0,"cC",1,961,2383,-1,1,-1,-1,1,-1,-1,-1,-1,-1,"D","d","d","D","D","d","D","D","d","D","d","d","D","D","d","d","D","D","D","d","D","D","D","D","D","D","D","d","d","D","d","D","d","D","D","D","D","d","d","D","D","D","d","D","d","d","d","d","D",1.94588951940555
99,38,41,"Aa",1,"bb",0,"cC",1,1682,1103,-1,-1,1,-1,1,1,-1,1,-1,-1,"D","d","d","D","d","d","d","d","d","D","d","d","D","D","d","d","D","D","D","d","d","d","d","D","D","D","D","d","d","D","D","D","D","D","d","D","d","D","d","D","d","d","d","d","d","D","d","d","D",1.78124166863746
96,38,42,"AA",2,"BB",2,"Cc",1,2399,2162,-1,-1,-1,-1,1,-1,1,1,-1,-1,"D","D","D","D","D","d","d","d","d","D","D","D","D","d","d","D","d","D","D","d","d","D","d","D","D","D","D","d","d","D","D","d","d","D","D","D","D","d","d","d","D","d","D","D","D","D","D","d","d",0.472878427025355
99,38,43,"Aa",1,"BB",2,"Cc",1,1059,1286,-1,-1,1,1,1,1,-1,1,-1,-1,"d","d","d","D","d","D","D","d","d","D","D","d","D","d","d","d","d","D","D","d","d","d","D","D","D","D","D","d","d","d","d","d","D","D","d","D","D","d","d","D","d","d","D","D","d","D","D","d","d",-0.745230898994149
101,38,44,"aa",0,"bB",1,"CC",2,857,70,1,-1,1,-1,1,1,1,1,-1,-1,"d","d","D","D","D","D","d","D","d","D","D","d","d","d","d","d","D","D","D","D","d","d","d","D","D","D","D","d","d","D","d","d","d","d","D","D","D","d","d","D","D","d","d","D","d","d","d","d","d",-0.281451159226082
98,38,45,"AA",2,"BB",2,"cC",1,756,1083,-1,1,-1,1,1,1,1,-1,-1,-1,"d","D","D","d","D","d","D","d","D","D","D","d","D","d","d","D","d","D","D","D","D","d","d","D","D","D","D","d","d","d","d","D","D","d","D","D","d","d","d","d","D","d","D","d","d","d","d","D","d",-1.23986844096944
101,38,46,"aA",1,"bB",1,"Cc",1,1017,2026,1,1,-1,-1,1,1,1,1,-1,-1,"D","D","D","D","D","d","d","d","d","D","D","d","d","D","D","d","d","D","D","d","d","d","D","D","D","D","D","D","d","D","d","D","d","D","D","d","d","d","d","D","d","d","d","d","d","d","D","D","D",-0.479261340657372
95,38,47,"aA",1,"bB",1,"cC",1,1930,1388,-1,-1,-1,-1,1,-1,1,1,-1,-1,"D","D","D","d","D","d","D","d","d","D","d","D","d","D","d","D","D","D","D","d","D","d","D","D","D","D","D","d","d","D","D","D","D","D","D","D","D","D","D","d","D","d","d","d","d","D","d","D","d",-0.912891095950016
99,38,48,"aa",0,"bb",0,"cc",0,1677,327,-1,-1,1,-1,1,1,-1,-1,1,-1,"d","D","D","D","D","d","d","d","D","d","d","D","d","d","d","d","d","D","D","d","d","d","d","d","D","D","D","d","D","D","D","d","D","d","d","d","D","d","D","d","d","d","D","D","D","d","d","d","d",1.64784675130905
99,38,49,"Aa",1,"Bb",1,"CC",2,543,1732,1,-1,-1,1,1,1,1,-1,-1,-1,"d","D","d","D","D","D","D","d","d","d","d","D","d","d","d","d","D","d","D","d","d","d","D","D","D","D","D","d","d","d","D","d","D","D","D","D","D","D","D","D","d","d","d","D","d","D","D","d","d",-0.456839329579398
99,38,50,"aA",1,"bb",0,"Cc",1,2025,581,-1,-1,-1,1,1,1,-1,-1,-1,-1,"D","d","d","D","D","d","D","d","d","D","D","D","D","D","d","d","d","d","d","d","D","d","D","D","D","D","D","d","d","d","D","D","D","D","D","d","D","D","d","d","d","D","d","d","d","d","d","d","d",3.30632852677239
98,39,1,"aa",0,"bb",0,"cc",0,529,1533,-1,1,1,-1,1,1,-1,-1,-1,-1,"d","D","D","D","D","d","D","d","d","D","D","D","d","d","d","d","d","D","D","d","d","d","D","D","D","D","D","d","d","D","D","D","D","D","d","D","D","d","D","D","D","D","d","d","d","d","d","d","d",0.924377036828253
99,39,2,"aA",1,"BB",2,"Cc",1,1532,1632,-1,1,1,-1,1,-1,1,1,-1,-1,"d","D","d","D","D","D","d","d","d","D","D","D","d","d","d","d","D","D","d","d","d","d","d","D","d","D","D","d","d","D","d","D","d","D","D","D","D","D","D","d","D","d","D","d","d","D","D","d","D",-0.225734631378219
96,39,3,"aA",1,"bB",1,"cC",1,1424,2161,-1,-1,-1,1,-1,1,1,-1,-1,-1,"d","d","D","D","D","D","d","d","d","d","d","D","D","d","d","d","d","d","d","D","D","d","d","D","D","D","D","d","D","D","D","d","d","D","d","d","D","d","D","d","D","d","d","d","d","d","d","d","d",0.764936092881051
97,39,4,"AA",2,"bb",0,"cc",0,1537,472,-1,-1,-1,1,1,-1,1,-1,-1,-1,"D","D","D","D","D","d","d","d","d","D","D","D","d","d","d","D","D","d","D","D","d","d","d","d","D","D","D","D","d","D","D","D","D","D","D","D","d","D","d","D","D","D","D","d","d","D","D","d","D",1.09138672184289
104,39,5,"AA",2,"bB",1,"cC",1,680,2289,1,1,1,1,1,1,1,1,-1,-1,"d","d","D","D","d","d","D","d","d","D","D","d","D","D","D","d","D","D","d","d","D","D","D","D","d","D","D","d","d","d","d","d","D","D","D","d","D","D","d","D","D","D","D","D","D","D","d","d","D",-1.43404517134534
96,39,6,"AA",2,"bb",0,"cc",0,630,1079,-1,-1,-1,-1,1,1,-1,-1,1,-1,"D","D","D","D","d","d","D","d","d","d","D","d","D","D","D","d","D","D","D","D","D","d","D","D","D","D","D","d","d","D","D","D","D","d","D","d","d","D","D","d","d","d","D","d","d","d","d","d","d",0.342420797253962
95,39,7,"aA",1,"Bb",1,"cC",1,914,1546,-1,-1,-1,1,-1,1,-1,1,-1,-1,"d","D","d","D","D","D","D","D","d","d","D","D","d","d","d","D","D","d","D","d","D","d","D","D","D","D","D","d","D","D","D","d","d","D","D","D","D","D","d","D","D","d","d","D","d","d","D","d","D",-0.68877109423963
95,39,8,"Aa",1,"bB",1,"cC",1,2240,809,-1,-1,1,-1,-1,1,-1,-1,-1,-1,"D","D","D","d","d","D","d","d","d","d","D","D","d","D","d","D","d","d","D","d","d","d","d","D","D","D","D","d","d","D","D","d","D","D","D","D","D","D","d","d","D","d","D","d","d","d","d","d","d",1.25803013428821
102,39,9,"Aa",1,"Bb",1,"cc",0,1183,349,-1,-1,1,1,-1,-1,1,1,1,-1,"D","D","d","d","D","d","D","d","d","d","D","D","d","d","d","d","d","d","D","D","d","d","d","d","D","D","D","d","d","D","D","d","D","D","d","D","D","d","D","d","D","d","d","D","D","d","D","d","d",2.21379978569105
98,39,10,"Aa",1,"BB",2,"cC",1,918,1973,-1,-1,1,1,1,1,1,-1,-1,-1,"D","D","d","D","D","d","d","d","d","D","D","D","d","d","d","d","d","d","D","d","d","D","D","D","D","D","d","D","d","D","d","d","D","D","D","d","D","d","d","d","D","D","d","d","d","d","d","d","D",-1.65381793797342
96,39,11,"AA",2,"Bb",1,"cC",1,157,1456,-1,-1,1,-1,1,-1,-1,1,-1,-1,"d","D","d","D","d","D","d","d","D","D","d","D","d","d","d","D","d","D","D","d","D","D","d","d","D","D","D","d","d","D","D","d","d","D","D","D","D","D","d","d","d","d","d","D","D","D","d","d","D",0.0548818015175916
98,39,12,"AA",2,"bb",0,"CC",2,1544,1500,-1,-1,-1,1,1,1,-1,-1,1,1,"d","D","d","d","D","d","d","d","d","d","d","D","d","d","d","d","d","D","D","d","d","D","d","D","D","D","d","d","d","D","D","d","d","D","d","d","D","D","D","d","D","D","d","D","D","d","d","d","d",-1.24063298966824
100,39,13,"aa",0,"BB",2,"cC",1,429,2251,-1,1,1,1,1,1,1,-1,-1,-1,"D","D","D","D","D","d","d","D","D","d","d","d","d","d","d","d","D","d","D","d","D","D","d","D","d","D","D","d","d","d","d","D","d","D","D","D","D","d","D","D","d","d","d","d","D","d","d","d","d",-1.33836894699991
98,39,14,"aa",0,"bB",1,"Cc",1,1342,1298,-1,-1,1,1,1,1,-1,-1,-1,-1,"D","d","d","D","D","d","d","d","d","D","D","D","D","d","d","d","D","D","D","D","D","D","D","D","D","D","D","d","d","d","D","D","d","D","D","d","D","D","d","d","D","d","D","d","d","D","D","d","D",0.0248932263776611
106,39,15,"AA",2,"BB",2,"Cc",1,134,2176,1,-1,1,1,1,1,1,1,-1,1,"d","D","d","D","D","d","d","d","D","D","D","D","D","D","d","D","D","D","d","d","D","D","d","D","D","D","D","d","D","D","D","d","d","d","D","D","D","D","D","d","d","d","D","d","d","d","D","d","d",0.522803544336037
93,39,16,"Aa",1,"Bb",1,"cc",0,605,1808,-1,-1,-1,-1,-1,-1,1,-1,-1,-1,"d","d","D","D","D","D","D","d","d","d","d","D","D","D","D","D","d","D","D","d","d","d","d","D","D","D","D","D","d","d","D","D","D","d","d","d","d","d","D","d","d","d","d","D","d","d","D","d","D",1.86357492314744
97,39,17,"Aa",1,"bB",1,"cC",1,2091,587,-1,-1,1,1,-1,1,-1,-1,-1,-1,"D","d","d","d","D","D","d","D","d","D","D","D","D","d","d","d","D","D","D","D","d","d","D","D","D","D","D","D","d","D","d","D","d","d","D","D","D","d","D","d","D","D","d","d","D","d","d","D","D",1.19337225443381
95,39,18,"aa",0,"bb",0,"Cc",1,1190,413,-1,-1,1,-1,-1,1,-1,1,-1,1,"d","D","d","D","D","d","d","D","D","D","d","d","D","d","d","d","D","D","D","D","d","d","D","D","D","D","D","D","d","D","D","d","D","D","D","d","D","D","D","d","D","d","D","d","D","d","d","d","d",-2.23150880214161
99,39,19,"Aa",1,"bb",0,"cc",0,1943,883,1,-1,1,-1,1,1,1,1,-1,-1,"D","D","d","d","d","d","d","D","d","D","d","d","d","D","d","D","d","d","D","d","D","D","d","D","d","D","D","d","d","D","D","D","d","D","D","d","D","D","d","D","D","d","d","d","d","D","D","d","d",-2.1982854901266
100,39,20,"Aa",1,"BB",2,"CC",2,2060,340,-1,-1,1,1,-1,1,1,1,-1,-1,"D","D","d","D","D","D","d","d","D","D","d","d","d","d","d","D","d","d","d","d","d","D","D","D","D","D","D","d","d","D","D","D","D","D","d","D","d","d","d","d","d","D","D","d","d","d","d","d","d",0.253122987935463
102,39,21,"AA",2,"Bb",1,"cc",0,1376,1898,-1,1,1,1,1,1,1,-1,1,-1,"d","D","D","d","D","d","d","d","D","D","d","d","D","D","D","d","D","D","D","d","D","D","D","D","D","D","D","D","D","D","d","D","d","d","D","D","D","D","D","d","d","d","d","D","D","d","D","d","d",-1.08136122070948
108,39,22,"Aa",1,"Bb",1,"cC",1,1080,1304,-1,1,1,1,1,1,1,1,1,1,"d","d","d","D","D","d","D","D","d","d","d","D","d","d","d","d","D","D","D","D","d","d","D","D","D","D","D","d","d","d","d","D","D","D","D","d","d","d","D","d","d","d","D","d","D","D","D","d","d",0.454797495225364
97,39,23,"Aa",1,"bB",1,"cc",0,154,1946,1,-1,1,1,-1,-1,-1,-1,-1,-1,"d","D","d","D","D","D","D","d","d","D","D","d","D","d","d","d","D","D","D","D","D","d","d","D","D","D","D","d","d","D","d","D","d","d","D","d","D","D","d","d","d","d","d","d","d","D","D","D","d",1.69858561282186
104,39,24,"Aa",1,"BB",2,"CC",2,1605,2365,1,1,1,-1,1,1,1,1,-1,-1,"D","D","D","d","D","D","d","D","d","D","D","D","d","d","d","D","D","d","D","d","d","d","d","D","D","D","D","d","d","D","D","d","d","d","D","D","D","d","d","D","d","d","d","d","d","d","D","D","d",0.103674572878416
91,39,25,"aA",1,"BB",2,"CC",2,541,2290,-1,-1,1,1,-1,-1,-1,-1,-1,-1,"d","D","D","D","D","D","d","d","d","D","D","D","d","d","d","D","d","D","d","D","d","d","D","d","D","D","D","d","d","D","D","D","D","D","D","D","d","d","D","D","D","d","d","d","d","d","D","d","d",-2.26724524160888
98,39,26,"Aa",1,"bb",0,"CC",2,882,2034,1,-1,1,1,-1,-1,1,-1,-1,-1,"D","D","D","D","D","D","D","d","d","D","d","D","D","D","d","D","d","D","D","d","D","d","d","D","D","D","d","D","d","D","D","D","D","D","d","D","D","D","D","d","D","d","D","d","d","d","d","d","D",0.682332732995251
94,39,27,"aA",1,"bB",1,"Cc",1,1152,2366,-1,-1,-1,-1,-1,1,-1,1,-1,-1,"D","d","d","D","D","d","D","d","D","d","D","d","d","d","d","d","d","D","D","D","D","d","D","D","D","D","D","d","d","D","d","d","d","D","D","D","D","D","D","d","d","D","D","d","d","d","d","d","d",0.110065522898269
101,39,28,"aA",1,"Bb",1,"CC",2,911,2400,-1,-1,1,1,-1,1,1,1,-1,1,"d","D","d","D","D","d","D","D","D","D","D","D","d","d","d","d","d","d","D","d","d","d","D","D","D","D","D","d","d","d","D","D","d","D","D","D","D","D","d","d","d","D","d","D","d","D","d","d","d",-0.709611411227713
93,39,29,"Aa",1,"BB",2,"cc",0,1335,1373,1,-1,-1,-1,-1,-1,-1,-1,-1,-1,"D","D","D","d","D","D","D","d","D","D","D","D","D","d","d","D","D","D","D","D","d","d","D","d","D","D","D","d","d","d","D","D","D","d","D","d","d","D","d","d","D","d","D","D","D","D","D","d","d",1.3534028314757
99,39,30,"Aa",1,"bB",1,"cc",0,2406,820,-1,1,1,1,-1,1,-1,-1,-1,1,"d","D","D","D","D","d","d","D","D","D","d","D","D","d","d","D","D","D","D","d","D","d","d","D","D","D","d","d","d","D","D","D","d","D","D","d","D","d","d","D","d","d","d","d","D","D","d","d","d",-0.240346404985203
102,39,31,"Aa",1,"bB",1,"Cc",1,1440,2251,1,1,-1,1,1,1,-1,-1,1,-1,"D","D","D","D","D","D","d","D","D","D","d","D","D","d","d","D","d","D","D","d","d","d","d","D","d","D","D","D","d","D","d","d","d","D","D","D","D","D","D","D","d","d","D","D","d","d","D","D","d",0.032996912414001
100,39,32,"AA",2,"BB",2,"cc",0,920,1069,1,1,-1,-1,-1,1,1,-1,-1,-1,"D","d","d","D","D","D","D","d","d","d","D","D","d","d","d","d","D","D","D","d","d","D","d","D","D","D","D","d","d","D","D","d","D","D","D","D","D","D","d","d","D","D","D","d","D","d","d","D","D",2.52776068248443
105,39,33,"Aa",1,"Bb",1,"Cc",1,1605,1745,1,1,1,1,1,1,-1,1,-1,-1,"D","d","D","D","D","d","d","D","d","d","D","D","d","D","d","D","D","D","d","d","D","d","d","D","D","D","D","d","d","D","D","d","D","d","D","D","D","d","d","D","d","d","D","d","d","d","d","d","d",1.90435337455927
99,39,34,"AA",2,"bB",1,"Cc",1,1024,2347,-1,-1,-1,1,-1,1,1,1,-1,-1,"D","D","d","D","D","d","D","d","d","d","D","d","D","D","D","D","D","D","D","d","d","d","d","D","D","D","D","d","D","D","D","D","D","D","D","D","D","D","D","d","D","D","d","d","d","d","d","D","D",1.78258024655265
96,39,35,"aa",0,"bB",1,"Cc",1,2025,1684,-1,-1,1,-1,1,-1,-1,1,-1,-1,"D","D","d","D","D","d","D","D","d","D","D","D","d","D","D","d","d","D","D","D","d","d","d","D","D","D","D","d","d","d","d","d","d","D","D","D","D","d","d","d","d","D","d","d","d","d","d","d","d",0.670009883940977
102,39,36,"Aa",1,"bB",1,"CC",2,1911,543,-1,1,1,-1,1,1,1,1,-1,-1,"d","d","D","D","D","D","D","D","D","D","d","d","D","D","d","D","d","D","d","D","d","d","d","D","D","D","D","d","d","D","D","d","D","d","D","D","D","D","D","d","d","D","d","d","D","d","D","d","d",0.863906860085547
109,39,37,"aa",0,"Bb",1,"cc",0,335,1127,1,1,1,1,1,1,1,-1,1,1,"d","d","D","D","D","d","d","d","D","D","d","d","D","d","d","d","d","D","D","d","D","D","d","D","D","D","D","D","d","d","d","d","d","d","d","D","d","d","D","d","d","D","d","d","D","d","d","D","d",1.81636241044356
95,39,38,"aa",0,"Bb",1,"CC",2,2387,948,-1,1,-1,-1,-1,-1,-1,-1,-1,1,"d","D","D","D","d","d","D","D","d","d","d","d","d","D","d","d","D","D","d","d","D","D","d","D","d","D","D","d","D","D","D","d","d","D","d","D","D","d","D","d","d","d","D","d","D","D","d","D","d",1.68542470465491
98,39,40,"aA",1,"BB",2,"cc",0,41,756,-1,-1,1,-1,1,1,1,-1,-1,-1,"d","D","D","D","d","d","d","d","d","D","D","D","D","d","d","D","D","D","D","d","D","d","d","D","D","D","D","D","d","d","d","D","D","D","d","D","D","D","d","D","d","D","D","d","d","D","d","d","D",0.0427112260563214
92,39,41,"aa",0,"Bb",1,"Cc",1,197,778,1,-1,-1,-1,1,-1,-1,1,-1,-1,"D","D","D","D","D","D","D","d","d","d","D","D","d","d","d","d","d","d","d","D","D","d","D","D","d","D","d","d","D","D","D","d","d","D","D","D","D","D","D","D","D","d","d","D","D","D","d","d","d",-3.80503467586366
98,39,42,"aA",1,"BB",2,"Cc",1,514,1487,1,-1,-1,1,1,-1,1,-1,-1,-1,"D","D","d","D","D","d","d","d","d","d","d","D","D","d","D","d","d","D","D","d","d","d","d","D","D","D","D","D","d","d","D","D","D","D","D","D","D","d","D","d","d","d","d","d","D","D","d","d","D",0.0286203862739552
94,39,43,"Aa",1,"Bb",1,"CC",2,1412,2411,-1,-1,-1,1,-1,-1,1,-1,-1,-1,"D","d","d","D","d","D","d","d","d","D","D","d","d","d","d","d","D","D","D","d","D","D","D","d","d","D","D","d","d","D","D","D","d","D","D","D","d","D","d","D","D","d","D","d","d","d","d","D","d",0.910198691339551
101,39,44,"aA",1,"BB",2,"cc",0,2496,2176,-1,-1,1,1,1,-1,1,1,-1,1,"d","d","d","d","D","D","d","D","D","D","d","D","D","d","D","d","d","D","d","d","D","d","d","D","D","D","D","d","D","D","d","D","d","D","D","d","D","D","D","D","D","d","D","d","d","d","D","D","D",-0.672837251065046
92,39,45,"AA",2,"Bb",1,"cc",0,512,952,1,-1,-1,-1,1,-1,-1,-1,-1,-1,"D","D","D","D","d","d","d","D","d","d","D","d","D","d","D","d","d","d","D","d","D","d","D","D","D","D","D","d","d","D","d","D","d","D","D","D","D","D","d","d","d","d","d","d","D","d","D","d","d",-1.83730893215982
99,39,46,"aa",0,"Bb",1,"cc",0,2434,2444,1,-1,-1,1,1,1,-1,1,-1,-1,"D","D","d","D","D","d","d","d","D","D","d","d","d","d","d","D","d","D","D","D","D","D","d","D","D","d","D","d","d","D","D","d","d","D","d","D","D","d","d","d","D","D","d","d","D","D","d","d","d",-0.0146432504332815
105,39,47,"Aa",1,"bb",0,"CC",2,611,1062,1,1,1,1,1,1,1,1,-1,-1,"D","D","d","D","D","D","d","D","D","D","d","d","d","d","d","D","D","d","D","D","d","D","D","D","D","D","D","D","d","D","D","d","D","D","D","D","D","D","D","d","D","D","d","d","d","d","D","D","d",-0.739279744064719
93,39,48,"aA",1,"BB",2,"CC",2,1455,902,-1,-1,1,-1,-1,-1,-1,1,-1,-1,"d","d","d","D","d","d","d","d","d","d","D","D","d","d","D","D","D","D","D","D","d","d","D","D","d","D","D","D","d","D","d","d","d","D","D","D","d","d","d","d","d","d","d","D","D","D","d","d","D",-0.895403176620444
100,39,49,"aa",0,"bB",1,"CC",2,1742,1563,1,1,1,-1,1,-1,1,-1,-1,-1,"D","d","D","D","d","d","d","d","d","D","D","D","D","d","d","D","d","D","D","d","d","d","d","D","D","D","D","d","d","d","D","d","D","d","D","d","d","D","D","D","d","D","D","d","d","d","d","D","d",0.494123574374924
97,39,50,"aa",0,"bB",1,"CC",2,2103,613,-1,-1,-1,1,1,-1,1,1,-1,-1,"d","d","D","D","D","d","D","d","d","D","d","d","d","d","d","d","d","D","d","d","D","d","d","D","D","D","D","d","D","d","d","D","D","D","D","D","D","d","D","d","d","D","D","d","d","D","d","d","d",-0.0364546881417802
101,40,1,"Aa",1,"Bb",1,"cC",1,1634,2137,-1,1,1,-1,1,-1,1,1,-1,1,"d","d","d","D","D","D","d","D","d","d","D","D","d","d","d","D","d","D","D","D","D","d","d","D","D","D","D","d","d","D","D","d","D","D","D","d","D","D","D","D","d","d","d","D","D","D","d","d","d",-0.57600434953942
99,40,2,"aa",0,"BB",2,"cc",0,2175,669,-1,-1,-1,1,1,1,-1,1,-1,-1,"D","D","D","D","D","D","d","d","d","d","D","d","D","d","d","D","D","D","D","d","d","D","d","d","D","D","D","d","d","d","D","D","d","D","D","d","D","d","D","D","d","D","d","d","d","d","D","D","d",1.97877523576545
93,40,3,"aA",1,"BB",2,"cc",0,1013,1465,-1,1,-1,-1,-1,-1,-1,-1,-1,1,"d","D","D","D","D","d","d","d","d","D","D","D","D","d","d","D","d","D","D","d","D","d","d","D","d","D","D","d","d","d","d","d","d","d","D","D","d","d","D","d","d","D","d","d","d","D","D","D","d",-0.215352654438999
104,40,4,"Aa",1,"bB",1,"CC",2,1611,241,1,-1,1,1,-1,1,1,1,-1,1,"d","D","d","D","D","d","d","D","d","d","D","d","d","D","d","D","d","D","D","D","D","d","d","D","D","D","D","d","d","d","D","d","d","D","D","d","D","d","D","D","d","d","d","d","d","d","d","d","d",0.581939496731963
91,40,5,"aa",0,"bb",0,"cc",0,1882,2091,-1,-1,-1,1,-1,-1,-1,-1,-1,-1,"D","D","d","D","D","d","D","d","D","D","D","d","D","d","d","D","d","D","D","D","D","D","d","D","D","D","D","d","d","D","D","d","D","D","D","D","D","d","d","d","D","d","d","d","d","d","d","d","D",-0.599229964880505
101,40,6,"AA",2,"BB",2,"CC",2,441,2241,-1,-1,-1,1,1,-1,1,1,1,-1,"D","d","D","D","D","D","D","d","D","D","d","D","d","d","D","d","D","D","D","D","D","D","d","D","d","D","D","d","D","d","D","d","d","D","D","D","D","D","d","d","d","d","D","d","d","d","D","d","d",1.43479005230304
94,40,7,"aa",0,"bB",1,"CC",2,2138,2000,-1,-1,-1,-1,1,1,-1,-1,-1,-1,"d","d","D","D","d","D","d","d","d","d","D","D","d","d","D","d","d","D","D","d","D","d","D","D","D","D","D","d","d","d","D","d","D","D","D","D","D","D","d","d","D","d","d","d","D","D","d","D","D",0.80186171623461
101,40,8,"aA",1,"bB",1,"cc",0,1521,619,1,1,-1,1,1,-1,1,1,-1,-1,"D","d","D","D","D","d","d","d","d","D","D","D","d","d","d","D","D","D","D","d","d","d","d","D","D","D","D","d","d","d","d","d","d","D","D","D","D","d","D","d","d","d","D","D","D","d","D","d","d",-0.38871175113868
98,40,9,"aa",0,"bb",0,"cC",1,182,796,-1,1,1,-1,1,-1,1,-1,-1,-1,"D","d","D","d","D","d","d","d","D","D","D","D","D","d","d","D","D","d","d","D","d","D","d","D","D","D","D","D","d","D","d","D","d","D","D","D","D","d","D","d","d","d","d","d","D","d","d","d","d",0.418679426226504
97,40,10,"aA",1,"BB",2,"Cc",1,2232,452,-1,-1,-1,-1,-1,1,1,1,-1,1,"D","D","D","D","D","D","d","D","d","D","d","D","D","d","d","D","D","D","D","d","D","d","D","D","D","D","D","d","d","D","D","D","D","D","D","D","D","D","D","d","D","d","d","d","d","d","d","D","d",-0.540780595353204
95,40,11,"AA",2,"BB",2,"CC",2,2394,2383,-1,1,-1,-1,1,-1,-1,-1,-1,-1,"d","D","d","D","D","D","d","D","d","D","d","d","D","d","d","d","d","d","D","D","D","d","D","D","D","D","D","d","D","d","d","D","d","D","D","D","d","d","d","D","D","d","d","d","d","d","D","D","d",1.23129805742786
105,40,12,"aA",1,"BB",2,"Cc",1,1622,1829,1,-1,1,-1,1,1,1,1,-1,1,"d","D","D","D","D","d","D","D","d","d","D","D","D","d","d","D","D","D","D","d","D","D","d","D","D","D","D","d","D","D","D","d","D","D","d","D","D","d","D","d","d","d","D","D","d","D","d","D","d",1.17870651588068
98,40,13,"aa",0,"bb",0,"Cc",1,273,2335,-1,-1,1,1,-1,1,-1,1,-1,-1,"D","d","d","d","D","d","d","d","d","D","D","D","d","d","d","D","d","D","d","d","d","d","D","D","D","D","D","d","d","d","D","D","d","D","D","D","d","D","D","D","D","d","d","d","d","D","d","d","d",0.404649820748499
97,40,14,"aa",0,"Bb",1,"CC",2,658,2015,-1,-1,-1,-1,1,1,1,1,-1,-1,"D","D","D","D","d","D","d","D","d","D","D","D","D","d","d","d","D","D","D","d","d","D","D","D","D","D","D","d","d","D","d","d","D","D","d","D","D","D","d","d","d","D","d","d","d","D","d","D","d",-0.366276703613811
104,40,15,"aa",0,"bb",0,"CC",2,904,444,-1,1,1,1,1,1,1,1,-1,-1,"d","D","D","d","D","d","D","d","d","D","D","D","D","d","d","d","d","d","D","D","D","d","D","D","d","D","D","d","D","d","D","D","d","D","D","d","D","D","D","D","d","d","D","D","D","D","d","d","d",0.537720341790712
103,40,16,"AA",2,"bb",0,"cc",0,545,1742,1,-1,1,1,1,1,1,-1,-1,-1,"d","d","d","D","D","D","d","d","d","d","D","D","d","d","d","d","D","D","D","d","d","D","d","D","D","D","D","d","d","D","D","d","D","D","d","d","d","d","D","D","D","d","d","D","d","D","d","d","D",1.91823571173406
98,40,17,"aa",0,"bB",1,"CC",2,1749,1439,-1,-1,-1,-1,1,1,1,-1,1,-1,"D","d","d","D","D","d","d","d","D","D","d","d","d","D","D","d","d","D","D","d","d","D","d","D","D","D","D","d","D","D","d","D","D","d","D","D","D","d","D","D","D","d","D","D","d","d","d","D","d",0.119050296946671
100,40,18,"aa",0,"bb",0,"cc",0,866,236,1,-1,1,-1,1,-1,1,1,-1,-1,"D","D","D","D","D","d","d","D","d","d","D","d","d","d","d","d","d","D","D","d","d","d","D","D","D","D","D","d","d","D","D","D","D","d","d","D","d","d","d","D","D","D","D","D","d","d","d","d","d",0.0228663542815666
105,40,19,"aa",0,"bB",1,"cC",1,1046,1673,-1,-1,1,1,1,1,1,1,1,1,"D","d","d","d","D","d","d","D","d","D","d","D","d","d","d","d","d","D","D","D","d","D","D","d","d","D","D","d","d","D","D","D","d","D","D","d","D","d","d","D","D","D","D","d","d","d","D","d","d",-0.0205227763196267
95,40,20,"AA",2,"Bb",1,"cC",1,2293,357,1,1,-1,-1,-1,1,-1,-1,-1,-1,"D","d","D","D","D","d","d","d","d","D","D","d","d","d","D","D","d","D","D","d","D","d","d","D","D","D","D","d","d","D","D","D","d","D","D","d","D","d","d","d","d","d","d","d","d","D","D","d","d",-0.953882287464364
112,40,21,"AA",2,"BB",2,"Cc",1,1492,53,1,1,1,1,1,1,1,1,1,1,"D","d","d","D","D","d","D","d","d","d","d","D","d","d","d","D","D","D","D","D","d","d","d","D","D","D","D","d","d","D","D","d","d","D","D","D","D","d","D","d","D","d","d","D","D","d","d","d","d",2.01399150454884
101,40,22,"aA",1,"Bb",1,"Cc",1,904,810,-1,-1,1,1,1,1,1,1,-1,-1,"d","d","D","d","D","d","d","D","d","d","D","D","D","d","D","D","d","d","D","D","d","d","D","D","D","D","D","d","d","d","D","D","d","D","D","d","d","D","D","D","d","d","D","D","d","D","D","d","d",-0.63901459218118
92,40,23,"aa",0,"bB",1,"CC",2,1401,587,-1,-1,-1,-1,1,1,-1,-1,-1,-1,"D","d","d","D","D","d","d","D","d","D","D","d","D","d","d","d","D","D","D","D","d","d","D","D","D","D","D","d","d","D","D","d","D","D","D","d","D","d","d","D","D","d","d","d","D","D","d","d","d",-1.25979709118975
103,40,24,"aA",1,"bB",1,"cC",1,477,1996,1,1,1,-1,1,1,1,1,1,-1,"d","d","d","D","D","d","D","d","D","d","d","d","d","d","D","D","d","D","d","D","D","D","d","D","D","D","D","d","d","D","D","D","D","D","D","D","D","d","D","d","d","D","D","d","d","d","D","d","d",-2.99123386624663
107,40,25,"aA",1,"BB",2,"cC",1,1748,1745,1,1,1,1,1,1,1,1,1,-1,"d","D","D","D","d","d","d","d","d","D","d","D","d","d","d","D","d","D","d","d","D","D","d","D","D","D","D","D","d","D","D","D","D","D","D","d","D","D","d","D","D","d","d","D","D","D","d","d","D",-0.411350843220396
98,40,26,"aa",0,"bb",0,"Cc",1,694,262,-1,1,1,-1,-1,-1,1,1,-1,-1,"D","D","D","d","D","D","D","d","d","D","D","D","D","d","d","D","d","D","D","D","D","d","D","D","D","D","D","D","d","d","d","d","D","D","D","D","D","d","D","d","d","d","d","D","d","d","d","d","d",0.930906903666492
99,40,27,"AA",2,"bB",1,"CC",2,510,1676,1,-1,1,1,-1,1,-1,-1,-1,1,"D","d","D","D","D","D","d","d","d","D","d","D","D","D","D","d","D","D","D","D","D","D","D","D","D","D","D","d","d","D","D","D","D","D","D","D","d","d","D","D","d","d","d","d","d","d","d","d","d",-0.984372099931742
96,40,28,"Aa",1,"BB",2,"cc",0,2093,2184,-1,-1,1,-1,-1,1,1,-1,-1,-1,"d","D","D","D","d","D","d","D","d","d","D","D","d","D","D","d","D","D","D","d","D","D","D","D","d","d","D","d","d","d","D","D","D","D","D","D","d","D","D","d","d","d","d","d","D","D","D","d","d",0.328460772232748
103,40,29,"aa",0,"BB",2,"Cc",1,2180,820,1,-1,-1,1,1,1,1,1,-1,1,"D","D","D","D","D","d","d","d","D","D","d","D","D","d","d","D","D","D","D","D","D","d","D","D","d","D","D","d","d","d","D","D","d","d","D","D","D","D","D","d","D","D","d","d","d","D","d","d","D",-0.644703134503811
102,40,30,"AA",2,"BB",2,"Cc",1,851,161,1,-1,1,1,-1,1,1,1,-1,-1,"D","D","d","D","D","D","d","d","d","d","d","D","D","d","D","D","d","d","d","d","d","d","d","D","D","D","D","D","d","D","D","d","D","D","d","d","D","D","D","D","d","d","D","D","d","D","D","d","D",0.250424518504114
100,40,31,"aA",1,"BB",2,"Cc",1,454,830,-1,1,-1,-1,1,1,1,1,-1,-1,"D","d","D","D","D","D","D","d","d","D","D","d","d","d","d","d","D","D","D","d","d","d","D","D","D","D","D","d","d","D","D","d","d","D","D","D","d","D","D","D","d","d","D","d","d","d","D","d","d",0.621112623361667
101,40,32,"Aa",1,"BB",2,"CC",2,2466,2251,-1,1,-1,1,-1,1,1,1,-1,-1,"D","D","D","D","D","d","d","d","D","D","d","D","D","D","d","D","d","D","d","d","D","d","d","D","d","D","D","D","d","d","d","d","d","D","d","d","d","D","d","d","d","d","D","d","D","D","D","D","d",1.24300204520959
100,40,33,"AA",2,"BB",2,"Cc",1,1476,17,-1,-1,1,1,1,-1,1,1,1,-1,"D","d","D","d","D","D","D","D","d","D","D","d","d","d","D","D","d","d","D","D","D","d","D","D","d","D","d","d","d","D","d","d","D","D","d","d","D","D","d","d","d","d","D","d","D","d","d","d","d",-1.61046970288963
94,40,34,"Aa",1,"BB",2,"CC",2,2355,840,-1,-1,-1,-1,1,1,-1,1,-1,-1,"D","D","d","D","D","d","D","d","d","d","D","d","D","d","D","D","d","D","d","d","d","D","D","d","D","d","D","D","d","D","D","D","d","D","D","d","D","D","d","d","D","d","D","d","d","D","d","D","d",-1.06344662515159
102,40,35,"aa",0,"Bb",1,"Cc",1,1786,409,-1,-1,1,1,-1,-1,1,1,1,-1,"D","d","d","D","D","D","D","d","d","d","D","D","d","d","d","d","D","D","D","d","D","D","D","D","D","d","D","d","d","d","D","d","D","D","d","D","d","D","d","D","d","D","d","d","d","d","d","d","d",2.19353394738937
98,40,36,"aa",0,"bB",1,"cC",1,563,82,-1,1,1,-1,1,1,1,-1,-1,-1,"d","d","D","D","D","D","d","D","d","D","D","d","d","d","D","D","d","D","D","D","D","d","d","D","D","D","D","d","D","d","D","D","d","d","d","D","D","d","D","D","d","d","d","d","D","D","D","d","d",-1.21819331707407
105,40,37,"AA",2,"bb",0,"CC",2,2344,564,-1,-1,1,1,1,1,1,-1,1,1,"D","D","D","D","D","d","d","d","D","d","D","d","d","D","d","d","D","D","D","d","d","d","D","D","D","D","D","d","d","d","D","D","D","D","d","D","d","d","d","D","d","d","D","d","D","D","d","D","D",1.30052894495095
101,40,38,"aA",1,"BB",2,"CC",2,1906,2375,-1,-1,1,1,-1,1,1,-1,-1,1,"D","d","d","D","d","d","D","d","d","D","D","d","d","D","d","d","d","D","D","d","d","d","D","d","D","D","D","D","d","D","D","D","d","D","D","D","D","D","d","d","d","D","d","d","D","d","d","d","d",1.27301777294326
103,40,39,"Aa",1,"bB",1,"cC",1,929,430,-1,-1,1,1,1,1,1,1,-1,1,"d","D","D","D","D","d","D","d","d","D","D","D","D","D","D","d","D","d","D","D","D","D","d","D","D","d","D","d","D","D","d","d","d","D","D","D","d","d","D","d","D","D","d","d","d","d","D","d","D",-0.146048705028687
96,40,41,"aA",1,"bb",0,"CC",2,1405,625,-1,-1,-1,1,-1,1,1,-1,-1,-1,"D","D","D","D","D","d","d","d","D","d","d","D","d","d","D","D","d","D","D","d","d","d","D","D","D","D","D","d","d","D","d","D","D","D","d","D","D","D","D","D","d","d","D","D","D","d","d","d","d",0.8236380819839
89,40,42,"aA",1,"bB",1,"Cc",1,1571,2226,-1,-1,-1,1,-1,-1,-1,-1,-1,-1,"d","D","d","d","D","d","D","d","d","D","D","D","D","D","D","d","d","D","D","D","d","D","d","D","D","D","D","d","d","d","d","d","d","D","d","D","d","D","d","d","d","d","d","D","d","D","d","d","d",-2.69584504505705
91,40,43,"Aa",1,"bb",0,"CC",2,831,2459,-1,-1,1,-1,-1,-1,-1,-1,-1,-1,"D","d","D","D","d","d","d","d","d","D","d","d","D","D","D","d","d","D","D","D","D","D","D","D","D","D","D","d","d","D","d","D","d","d","D","D","d","D","D","D","d","d","d","d","D","d","d","d","D",-0.741496789618725
98,40,44,"aA",1,"Bb",1,"cC",1,1817,1421,-1,1,-1,-1,1,-1,1,1,1,-1,"d","D","D","D","D","d","d","d","d","D","D","D","D","d","d","d","d","D","d","D","d","d","d","D","D","D","D","d","d","D","d","d","D","D","D","D","d","D","D","d","D","d","d","d","D","D","d","d","d",-1.54160405485618
99,40,45,"Aa",1,"Bb",1,"CC",2,1252,1408,-1,-1,1,-1,1,1,1,1,-1,-1,"d","d","d","D","d","d","d","d","d","D","D","D","d","d","d","D","D","D","D","D","D","d","D","d","D","D","D","d","d","D","D","d","d","D","d","d","D","d","D","D","d","d","d","d","D","d","d","d","D",-0.406503455321438
100,40,46,"aa",0,"bB",1,"Cc",1,1017,2119,1,-1,1,1,1,-1,1,-1,-1,-1,"D","D","D","D","d","d","d","d","d","d","D","d","D","d","D","d","D","D","D","d","d","d","d","D","D","D","D","d","d","D","d","D","D","D","d","D","D","d","d","D","D","d","d","d","d","d","d","d","d",0.497861265139673
100,40,47,"aa",0,"Bb",1,"CC",2,1989,1049,-1,-1,1,1,-1,1,1,1,-1,-1,"D","d","d","d","D","d","D","d","d","D","D","D","D","d","d","D","d","D","D","d","D","d","D","D","D","D","D","d","D","d","D","D","D","D","D","D","D","D","d","d","d","d","D","d","D","d","D","D","d",0.197106895462489
92,40,48,"aa",0,"bb",0,"cC",1,1806,1627,-1,-1,-1,-1,-1,1,-1,-1,-1,-1,"D","D","d","D","d","D","d","d","D","D","d","d","D","d","d","D","d","D","D","D","d","D","D","D","d","D","D","d","d","D","D","d","d","d","D","D","D","D","d","D","D","D","d","d","d","d","d","d","d",0.948219183246704
99,40,49,"AA",2,"bb",0,"cC",1,2128,892,-1,-1,1,-1,-1,1,1,1,-1,1,"D","D","D","D","D","D","d","d","D","D","D","D","D","d","d","d","D","D","D","d","D","D","d","D","D","D","D","d","d","D","D","D","d","D","D","D","d","D","D","D","D","d","d","D","d","D","d","d","d",-0.425923133689361
100,40,50,"aa",0,"bb",0,"CC",2,61,660,1,-1,-1,1,1,-1,1,1,-1,-1,"d","D","d","d","D","d","d","D","D","d","D","d","D","d","d","D","D","d","D","D","D","D","d","D","d","D","D","d","d","D","d","D","D","D","D","d","D","D","d","d","D","D","d","d","d","D","d","d","d",0.483148775262413
99,41,1,"Aa",1,"bb",0,"CC",2,1316,1434,-1,1,1,1,-1,-1,1,-1,-1,1,"d","D","D","d","D","D","d","D","D","D","d","d","D","D","d","D","D","D","D","d","d","d","D","D","D","D","d","d","d","D","D","d","D","D","d","d","d","D","D","d","d","D","d","D","D","d","d","D","d",-0.2358333672496
98,41,2,"AA",2,"bB",1,"cC",1,428,2387,-1,-1,-1,-1,1,1,-1,1,-1,-1,"d","D","D","d","D","D","d","d","D","d","d","D","d","d","D","D","d","D","D","D","d","D","D","D","D","D","D","d","d","D","D","D","d","D","D","d","D","D","D","d","d","d","d","d","d","d","D","d","d",2.02099368578681
102,41,3,"AA",2,"bb",0,"CC",2,2183,1627,-1,-1,-1,1,1,1,1,-1,-1,-1,"D","d","d","D","d","d","d","D","d","d","D","D","d","d","d","d","d","D","D","d","d","d","D","D","d","D","D","d","d","D","D","D","D","D","D","d","D","D","d","D","d","D","d","d","d","d","D","d","D",4.4894291766437
97,41,4,"aa",0,"BB",2,"cC",1,166,1877,-1,-1,1,1,-1,1,1,1,-1,-1,"d","D","D","D","D","D","d","d","d","d","d","d","d","d","d","d","D","d","D","d","d","d","d","D","D","D","D","d","D","D","D","d","D","D","D","d","d","d","d","d","D","D","D","d","D","d","d","d","d",-2.20649680557216
93,41,5,"aA",1,"BB",2,"Cc",1,1055,2270,-1,-1,-1,-1,1,-1,-1,-1,-1,-1,"d","d","d","D","D","d","D","d","D","d","d","D","D","d","D","D","D","D","D","D","D","D","D","D","D","D","D","d","d","d","d","D","d","D","D","D","D","d","D","d","d","d","d","d","d","D","d","d","d",1.57780415806487
95,41,6,"Aa",1,"BB",2,"CC",2,1670,894,-1,1,1,-1,-1,-1,-1,1,-1,-1,"D","d","D","D","D","d","D","d","d","D","D","d","D","d","D","d","D","d","D","D","d","d","d","D","D","D","D","d","d","D","d","D","D","d","D","d","d","D","D","D","d","d","d","d","D","d","D","d","d",-0.502693438085771
89,41,7,"Aa",1,"Bb",1,"cc",0,324,1865,-1,-1,-1,-1,1,1,-1,-1,-1,-1,"d","D","D","d","D","d","d","D","d","D","D","D","d","d","D","D","d","d","D","d","D","D","d","D","d","D","D","d","d","d","D","D","d","d","D","D","d","D","D","d","d","D","D","D","d","d","d","D","d",-4.24179824705844
100,41,8,"aa",0,"Bb",1,"cC",1,2464,968,-1,1,-1,1,-1,1,1,-1,-1,-1,"d","d","D","D","D","D","d","D","d","D","D","d","D","d","d","D","d","D","d","d","d","d","D","D","D","D","d","d","d","D","D","d","D","D","D","D","d","D","d","d","d","d","d","D","d","d","D","D","d",2.03462274737681
94,41,9,"aA",1,"Bb",1,"cC",1,1371,1276,-1,-1,-1,-1,-1,1,1,1,-1,-1,"d","d","d","d","D","d","D","d","d","D","D","D","D","d","d","D","D","D","d","d","d","d","D","D","d","D","D","d","d","D","D","D","D","d","D","D","D","d","d","d","D","D","d","D","d","d","d","d","D",-1.19695037289237
99,41,10,"Aa",1,"Bb",1,"cc",0,1056,1466,-1,-1,-1,-1,1,-1,1,1,1,-1,"D","d","d","D","D","D","d","d","d","D","D","D","D","D","D","d","d","d","D","D","D","D","D","D","d","D","D","d","d","d","d","D","d","D","D","d","D","d","d","D","d","d","D","D","D","D","D","d","d",1.10048685558235
92,41,11,"AA",2,"bb",0,"CC",2,287,682,-1,-1,-1,1,1,-1,-1,-1,-1,-1,"D","d","D","D","D","d","d","d","d","D","D","D","d","d","d","D","D","D","D","D","d","D","d","D","D","D","D","d","d","d","D","d","D","d","D","D","D","d","D","d","D","D","d","d","d","D","d","d","d",-1.29197495248403
101,41,12,"aA",1,"bB",1,"CC",2,794,1236,-1,1,1,1,1,1,-1,1,-1,-1,"d","d","D","D","D","D","d","D","d","d","D","d","D","d","D","d","D","D","D","D","D","d","d","D","D","d","D","d","d","D","D","d","d","D","D","D","D","D","D","d","D","d","d","D","d","D","D","d","D",-0.934564247666786
107,41,13,"Aa",1,"bB",1,"CC",2,2116,1065,1,-1,-1,1,1,1,1,1,1,1,"d","d","D","D","D","d","d","D","d","D","d","d","d","d","d","D","d","D","D","d","d","d","D","D","D","D","D","d","D","d","D","D","D","D","D","D","D","d","D","d","d","d","D","D","d","d","D","d","D",1.30680742183642
95,41,14,"Aa",1,"bb",0,"cc",0,136,252,-1,-1,1,-1,-1,-1,1,-1,-1,-1,"d","d","D","d","D","d","d","d","d","D","D","d","d","d","D","d","D","D","D","D","D","D","d","D","D","D","D","d","d","D","d","D","D","d","d","D","D","d","d","d","d","d","d","d","d","d","d","d","D",1.91181911092422
107,41,15,"AA",2,"Bb",1,"CC",2,223,241,-1,1,1,1,1,1,1,1,1,-1,"d","d","D","d","D","d","d","D","D","D","D","d","d","d","D","d","d","D","D","d","d","d","D","d","D","D","D","d","d","D","D","D","d","D","D","d","D","D","D","d","d","D","d","D","d","d","d","d","d",1.83462334839919
104,41,16,"AA",2,"BB",2,"Cc",1,1044,1488,1,1,-1,1,1,1,1,1,1,-1,"d","D","D","D","D","d","d","d","D","d","D","d","d","d","D","d","d","D","D","d","d","D","d","D","D","D","D","d","d","D","D","d","d","d","d","d","d","D","D","D","d","D","d","d","d","d","d","d","d",-1.2020829096004
92,41,17,"aA",1,"Bb",1,"CC",2,2092,979,-1,-1,-1,1,1,-1,-1,-1,-1,-1,"d","D","D","D","D","d","D","d","D","d","d","d","D","d","D","D","D","D","D","D","D","d","D","D","D","D","D","d","d","d","D","d","d","d","D","D","D","D","D","d","d","d","D","d","D","D","d","d","d",-1.27516467235645
96,41,18,"AA",2,"BB",2,"CC",2,2368,1383,-1,-1,-1,1,1,-1,-1,-1,1,1,"d","D","D","D","D","d","d","d","D","D","D","d","d","D","D","D","d","D","d","D","d","D","D","D","D","D","D","d","d","D","d","D","d","d","D","D","D","d","D","D","d","d","d","D","d","d","d","d","D",-1.28706918025527
92,41,19,"aA",1,"BB",2,"cc",0,1769,1018,-1,-1,-1,1,-1,1,-1,-1,-1,-1,"D","D","D","D","D","d","d","d","D","D","d","D","d","D","d","d","D","d","D","D","D","d","d","D","D","D","D","d","d","D","d","d","D","D","D","d","D","D","d","D","d","D","d","d","d","d","d","D","D",-1.24105310550393
101,41,20,"aa",0,"bB",1,"cC",1,2434,1237,1,-1,-1,1,1,1,1,1,-1,1,"D","D","D","D","D","d","d","d","d","D","D","d","D","d","d","D","d","D","d","d","d","D","d","D","D","d","D","d","d","d","d","d","d","d","D","D","d","D","D","d","d","d","d","d","d","D","d","D","d",-2.76403825188018
93,41,21,"aA",1,"BB",2,"CC",2,2038,2402,-1,-1,1,-1,-1,-1,1,-1,-1,-1,"d","D","D","D","D","D","d","D","D","d","D","D","D","d","d","D","d","D","D","d","d","d","D","D","D","D","D","d","d","d","D","d","D","d","D","D","D","d","D","D","D","d","D","d","D","D","d","D","D",-0.579362948332766
103,41,22,"Aa",1,"Bb",1,"cC",1,2421,2143,1,1,1,-1,1,1,1,-1,-1,-1,"D","D","D","D","D","d","D","D","d","d","D","d","D","d","d","d","D","D","D","d","d","D","D","D","D","D","D","d","d","D","D","d","D","D","d","D","D","D","D","d","D","d","D","d","d","d","d","d","d",1.04104278010415
95,41,23,"Aa",1,"bb",0,"cC",1,1972,782,-1,1,1,-1,-1,-1,-1,1,-1,-1,"D","d","D","D","D","D","D","D","D","D","d","D","D","d","d","d","D","D","D","D","d","d","d","d","D","D","D","d","d","D","D","d","D","d","D","D","d","d","d","D","d","D","D","d","d","D","d","D","d",-0.925303655509183
93,41,24,"Aa",1,"bb",0,"CC",2,2240,420,-1,-1,1,-1,-1,-1,-1,-1,-1,-1,"D","D","D","D","D","D","D","D","d","d","d","D","d","D","d","D","d","d","d","d","d","d","D","D","D","D","D","D","d","D","D","d","D","D","D","D","d","D","d","d","d","d","d","d","D","d","d","d","d",1.75063889226889
96,41,25,"Aa",1,"bb",0,"cC",1,1634,1313,-1,-1,-1,-1,1,1,1,1,-1,1,"d","d","D","D","D","d","d","D","d","D","d","D","d","d","d","d","D","d","D","D","D","D","d","D","d","D","D","d","d","D","d","d","D","D","D","D","D","D","d","D","d","d","d","D","D","D","d","d","d",-3.60678592679981
102,41,26,"aa",0,"Bb",1,"Cc",1,1328,805,-1,-1,1,1,1,1,1,1,-1,-1,"D","D","D","D","D","d","D","d","D","D","d","D","d","d","d","d","D","D","d","D","D","D","d","D","D","D","D","d","d","D","D","D","D","D","d","d","D","D","D","D","D","d","D","d","d","D","D","d","d",0.862860896685952
98,41,27,"aa",0,"BB",2,"Cc",1,994,1171,-1,-1,-1,-1,1,1,1,1,-1,-1,"d","d","D","d","D","d","D","D","d","d","D","D","d","d","d","d","d","D","D","d","d","D","d","D","D","D","D","d","d","D","D","D","D","d","D","d","D","D","d","D","d","d","d","D","d","D","d","d","D",0.713646271944984
105,41,28,"aa",0,"BB",2,"Cc",1,1342,1002,-1,1,1,1,1,-1,1,1,-1,1,"D","d","D","D","D","d","d","d","d","D","D","D","d","d","D","d","d","D","D","D","D","D","D","D","D","D","D","d","d","d","d","D","D","D","D","D","D","D","d","d","d","d","d","d","D","d","d","d","d",1.01878087198955
99,41,29,"aA",1,"Bb",1,"Cc",1,1220,881,-1,-1,1,1,1,-1,-1,-1,-1,-1,"D","D","D","D","D","d","d","d","d","D","d","d","d","d","d","D","d","D","D","D","D","D","d","D","D","D","D","d","d","D","D","D","D","D","D","D","D","d","d","d","D","d","D","d","d","d","d","d","d",3.22474125156169
95,41,30,"AA",2,"bb",0,"CC",2,260,1420,-1,1,1,-1,1,-1,-1,-1,-1,-1,"D","D","D","D","D","d","d","D","d","D","D","D","D","d","d","d","d","d","D","D","D","d","D","D","D","D","D","D","d","d","D","d","D","d","d","d","d","d","D","d","d","d","D","d","D","d","d","d","d",-0.930993968234848
101,41,31,"aA",1,"bB",1,"cc",0,1538,599,-1,-1,1,1,1,1,1,1,-1,1,"d","d","d","D","D","D","d","D","D","D","D","d","D","d","D","D","d","d","D","D","d","D","d","D","D","D","D","d","D","d","D","d","d","D","D","d","D","D","D","D","D","d","d","d","d","D","D","d","D",-2.76072892300636
102,41,32,"Aa",1,"Bb",1,"Cc",1,539,2342,-1,-1,-1,1,1,1,1,1,-1,-1,"d","d","D","D","D","D","D","d","d","D","D","d","d","D","D","D","d","D","D","D","D","D","D","D","D","d","d","d","d","D","D","D","d","D","D","D","d","d","D","d","d","D","d","D","d","d","d","d","d",2.1022692854328
92,41,33,"Aa",1,"BB",2,"CC",2,94,86,-1,-1,-1,-1,-1,-1,1,-1,-1,-1,"D","d","D","D","D","d","d","d","d","D","d","D","d","d","d","D","d","d","D","d","D","d","d","D","D","d","D","d","D","d","d","D","d","d","d","D","D","D","d","d","D","D","D","D","d","d","d","d","d",0.493209323715345
99,41,34,"AA",2,"Bb",1,"CC",2,2376,1777,-1,-1,1,1,1,1,-1,1,-1,-1,"D","d","D","D","D","d","d","d","d","d","d","D","d","D","d","d","D","d","d","d","D","d","d","D","D","D","D","d","d","D","D","d","d","d","D","D","D","D","d","d","d","d","d","d","d","D","d","d","d",-0.408593578213628
99,41,35,"aA",1,"BB",2,"CC",2,1596,2325,1,1,-1,-1,1,-1,-1,1,-1,-1,"D","D","D","D","D","d","D","d","d","d","D","D","D","d","d","d","d","D","D","D","d","D","D","D","D","D","D","d","d","D","d","d","D","D","D","D","d","d","D","D","D","d","d","d","D","D","d","d","d",1.37885527162397
93,41,36,"Aa",1,"Bb",1,"CC",2,1977,905,-1,-1,1,-1,-1,-1,1,-1,-1,-1,"d","D","d","D","D","d","D","d","d","D","d","d","d","d","D","d","d","D","d","d","D","d","d","D","D","D","D","d","d","D","D","D","d","d","D","D","D","d","D","D","D","d","D","D","D","d","d","d","d",-0.123489404239594
105,41,37,"AA",2,"BB",2,"cC",1,2338,1625,1,1,1,1,1,1,1,1,-1,-1,"D","D","d","d","D","D","D","d","D","d","d","D","d","D","d","d","d","d","D","d","d","d","d","D","D","D","D","d","d","d","d","D","d","D","D","d","D","D","d","d","d","d","D","d","D","d","d","D","d",-0.336749752881228
99,41,38,"aA",1,"BB",2,"Cc",1,1528,398,-1,1,1,-1,1,1,-1,1,-1,-1,"d","D","D","D","D","D","d","d","d","d","d","d","D","D","d","d","D","D","D","D","d","D","D","D","D","D","D","d","d","D","D","d","D","D","D","d","D","D","d","D","D","d","D","D","D","d","D","d","D",-0.543967395137686
102,41,39,"Aa",1,"bb",0,"cC",1,2171,1086,-1,-1,-1,1,1,1,1,1,-1,-1,"d","D","D","D","D","D","d","D","d","d","D","d","d","d","d","d","D","d","D","D","d","d","D","d","D","D","D","d","d","d","D","D","D","d","D","D","d","D","D","d","d","D","d","D","d","d","d","d","d",2.96694439938242
100,41,40,"aA",1,"BB",2,"CC",2,61,1616,-1,-1,-1,1,1,1,1,1,-1,-1,"D","D","D","d","D","d","d","D","d","d","d","d","D","d","D","D","d","D","D","D","d","d","D","D","d","d","D","d","d","D","d","D","D","D","D","d","d","d","D","D","d","D","d","d","d","d","D","d","D",0.561504387388147
88,41,42,"aA",1,"BB",2,"cc",0,936,185,-1,-1,-1,-1,-1,-1,-1,-1,-1,-1,"d","d","d","D","D","d","D","d","d","D","d","d","d","d","d","D","D","D","D","D","D","d","D","D","D","D","D","d","d","D","D","D","D","d","D","d","D","D","D","D","D","D","d","d","d","d","d","d","d",-1.4506101260646
88,41,43,"aA",1,"BB",2,"Cc",1,2424,1013,-1,-1,-1,-1,-1,-1,-1,-1,-1,-1,"D","D","D","D","D","D","d","d","d","D","D","D","D","d","d","d","d","D","D","d","d","D","d","D","D","D","D","d","d","D","d","d","D","d","d","D","D","D","d","d","d","D","D","D","d","d","D","d","D",-1.21382300585964
88,41,44,"Aa",1,"BB",2,"cC",1,1122,1664,-1,-1,-1,-1,-1,-1,-1,-1,-1,-1,"d","D","d","D","D","d","d","d","D","D","d","D","D","d","d","D","D","D","D","D","d","D","D","D","D","D","D","d","d","D","d","d","d","D","D","D","d","d","D","D","d","d","d","D","D","d","d","d","D",-1.38760182029403
97,41,45,"aa",0,"bb",0,"Cc",1,1049,1742,-1,-1,1,1,1,1,1,-1,-1,-1,"D","d","d","D","D","D","d","D","d","D","d","D","D","d","d","d","D","d","D","D","d","d","d","D","D","D","D","D","d","D","D","D","D","D","D","D","D","d","D","d","D","D","d","d","D","d","d","d","D",-2.77540882570881
103,41,46,"aA",1,"BB",2,"CC",2,1770,2287,-1,-1,1,1,1,1,1,1,1,-1,"D","D","D","d","D","d","d","d","d","D","D","D","D","D","d","d","D","d","D","d","D","D","d","D","D","D","D","d","d","D","D","d","D","D","D","D","d","d","d","D","d","d","d","D","D","d","d","d","d",-0.935418844259451
100,41,47,"aa",0,"bB",1,"cc",0,67,736,-1,-1,1,-1,-1,1,1,1,1,-1,"d","d","d","d","D","d","D","D","d","d","D","d","d","d","D","D","d","D","D","d","d","d","d","D","D","D","D","d","d","d","D","d","d","D","D","D","D","D","d","D","D","d","D","d","d","d","d","d","d",0.259931625087873
102,41,48,"AA",2,"bB",1,"CC",2,1586,2387,1,-1,1,-1,1,1,1,-1,1,-1,"d","D","D","D","D","d","d","D","D","D","D","D","d","D","D","D","d","D","d","D","D","D","d","D","D","D","D","d","d","d","D","d","D","D","D","D","d","d","d","d","d","D","d","d","d","d","d","d","d",0.742913035050262
106,41,49,"Aa",1,"bB",1,"cc",0,162,1180,1,1,1,1,1,1,1,1,-1,-1,"D","D","d","D","D","D","d","D","d","d","d","D","D","d","d","D","D","d","D","D","d","D","d","D","D","D","D","d","d","D","D","D","D","D","D","D","d","D","d","d","d","d","d","d","d","d","d","D","d",0.315324669433461
94,41,50,"Aa",1,"BB",2,"cC",1,662,1262,-1,-1,-1,-1,1,1,1,-1,-1,-1,"d","D","D","D","D","d","D","d","d","d","D","D","d","D","D","d","d","d","D","D","d","d","d","D","D","D","D","d","d","D","D","D","d","D","D","D","D","D","d","d","d","D","d","D","D","d","D","D","D",-1.04672083591956
96,42,1,"aa",0,"bb",0,"cc",0,961,1782,-1,-1,-1,1,-1,1,-1,1,-1,-1,"d","D","d","D","D","d","D","D","D","d","d","d","d","D","d","d","d","D","D","d","d","d","D","D","D","D","D","d","D","D","D","D","D","D","d","d","D","d","D","D","D","D","D","d","D","D","D","d","d",0.363163435113266
95,42,2,"Aa",1,"BB",2,"CC",2,1863,618,-1,-1,1,1,-1,1,-1,1,-1,-1,"d","D","D","d","D","d","d","d","d","D","d","D","D","D","d","D","d","D","D","d","d","d","D","D","D","D","D","d","d","D","D","D","D","d","D","D","D","d","D","D","d","d","d","d","D","d","d","d","d",-2.30964570365963
95,42,3,"aA",1,"Bb",1,"cC",1,1083,1782,-1,-1,1,1,-1,1,-1,-1,-1,-1,"D","d","d","D","D","d","d","D","d","D","D","D","d","d","D","d","d","D","d","D","d","d","D","D","D","D","D","d","d","d","D","D","d","D","D","d","D","d","D","D","D","D","d","d","d","D","D","d","D",-0.275799363362888
95,42,4,"Aa",1,"BB",2,"cc",0,865,802,-1,-1,-1,-1,1,1,-1,1,-1,-1,"D","d","D","D","D","d","d","d","D","D","d","D","D","d","d","D","D","D","D","D","D","d","D","d","D","D","D","d","d","d","d","D","D","d","D","D","D","D","D","d","d","d","D","d","d","D","d","d","d",-0.173940216943711
88,42,5,"Aa",1,"BB",2,"cC",1,1234,1290,-1,-1,-1,-1,-1,-1,-1,-1,-1,-1,"d","D","D","d","D","d","D","d","d","d","D","D","d","d","d","D","D","d","D","d","D","D","d","D","D","D","D","d","D","D","D","d","D","d","d","D","D","d","d","d","D","D","d","d","d","d","d","d","d",-1.29378363429176
98,42,6,"AA",2,"Bb",1,"cc",0,1307,1359,-1,1,1,-1,-1,1,1,-1,1,-1,"d","D","d","D","D","D","D","d","d","D","D","D","d","d","d","d","d","D","D","D","D","D","d","D","D","D","D","d","d","D","D","d","D","D","D","D","D","D","D","d","D","d","d","D","D","D","D","d","D",-1.27961516410572
108,42,7,"aa",0,"bb",0,"cC",1,2414,2457,1,1,1,1,1,1,1,1,1,-1,"D","D","D","D","D","d","d","D","D","d","D","D","D","D","D","d","d","D","D","d","D","D","d","d","D","D","D","d","d","D","D","d","d","D","D","D","D","D","D","d","d","d","d","D","D","D","D","d","d",0.485442139069375
98,42,8,"aA",1,"bB",1,"cc",0,205,2161,1,-1,-1,-1,1,1,1,-1,-1,-1,"D","D","D","d","D","d","d","d","d","d","d","d","D","d","d","d","d","d","d","d","D","d","d","D","D","D","D","d","d","D","d","D","D","d","D","D","D","D","D","d","D","d","d","d","D","d","d","D","D",0.664181037494181
94,42,9,"Aa",1,"BB",2,"cC",1,1076,1957,-1,-1,1,1,-1,-1,-1,-1,-1,-1,"d","D","d","D","d","d","D","d","d","D","D","d","d","d","D","d","d","D","D","D","d","D","D","d","D","D","D","d","d","d","D","d","d","d","D","D","D","D","D","D","d","D","d","d","D","D","d","d","d",0.616144887501316
99,42,10,"aA",1,"BB",2,"cC",1,706,601,-1,-1,-1,1,-1,1,1,1,-1,1,"D","d","d","d","D","d","d","D","d","D","d","D","D","d","d","d","d","D","D","D","d","d","d","D","D","D","D","d","D","D","D","D","D","D","d","D","d","D","d","d","d","D","d","d","d","d","d","d","d",-0.000600426852120701
98,42,11,"Aa",1,"Bb",1,"CC",2,612,2045,-1,1,1,-1,-1,-1,-1,1,-1,1,"D","d","d","D","D","d","d","d","d","D","D","d","D","D","D","D","d","D","D","d","D","D","d","D","D","D","D","d","d","D","d","D","D","D","D","D","d","d","D","D","d","D","d","d","D","d","D","D","D",0.199915396543182
98,42,12,"AA",2,"BB",2,"Cc",1,940,1649,1,1,1,1,1,-1,-1,-1,-1,-1,"d","d","D","d","D","d","d","d","d","D","D","D","d","d","d","d","d","d","D","D","d","D","d","D","D","D","D","d","d","D","D","D","D","d","D","D","D","D","D","d","d","D","d","D","D","D","d","d","D",-1.66794331538867
95,42,13,"Aa",1,"BB",2,"Cc",1,30,2193,-1,1,-1,1,-1,1,-1,-1,-1,-1,"D","D","D","D","d","D","d","D","d","D","D","d","d","d","d","d","d","D","D","d","D","D","d","D","D","D","D","d","d","d","D","D","D","D","d","D","d","D","D","d","D","d","d","d","d","d","d","d","d",-0.0247391200547508
92,42,14,"aA",1,"bB",1,"CC",2,2371,1671,-1,-1,-1,-1,-1,-1,1,1,-1,-1,"D","D","D","d","D","D","d","d","d","D","D","D","d","d","d","D","D","D","D","D","D","d","D","d","D","D","D","d","d","D","D","D","d","d","D","D","D","d","d","D","D","d","D","d","d","d","D","D","d",-1.50460079662446
102,42,15,"AA",2,"BB",2,"CC",2,520,1934,-1,-1,1,1,1,1,1,1,-1,-1,"D","d","D","D","D","D","d","D","D","D","D","D","d","d","D","D","d","d","d","D","D","d","D","D","d","D","D","d","d","d","D","d","d","d","D","D","d","D","d","D","d","d","D","D","D","D","D","d","d",0.755022518723668
111,42,16,"aa",0,"bB",1,"cc",0,592,1038,1,1,1,1,1,1,1,1,-1,1,"d","D","D","D","d","d","d","D","D","D","D","D","d","d","D","d","d","d","D","D","D","d","D","d","d","d","D","d","d","D","D","D","d","D","D","d","d","d","D","D","D","d","d","d","D","d","D","D","d",3.23426744737806
100,42,17,"Aa",1,"Bb",1,"cC",1,1546,685,1,1,1,-1,1,-1,1,-1,-1,-1,"D","d","D","D","d","D","d","d","d","D","d","d","d","d","d","D","d","D","d","D","D","d","D","D","D","D","D","D","d","D","D","d","D","d","D","d","D","d","d","D","d","D","d","d","D","d","d","d","d",0.697405253831661
102,42,18,"Aa",1,"bB",1,"CC",2,1017,1109,1,1,1,1,1,1,1,-1,-1,-1,"d","D","D","D","D","d","d","d","d","d","d","d","d","D","d","d","D","D","d","d","D","d","d","D","D","D","D","d","D","D","D","D","D","D","D","D","D","D","D","D","D","d","d","d","d","d","d","D","d",-1.80416896809579
103,42,19,"aa",0,"Bb",1,"cC",1,454,772,-1,-1,1,1,1,1,1,-1,-1,-1,"D","D","D","D","D","d","d","d","d","D","D","D","d","d","d","d","D","d","D","d","d","d","d","D","D","D","D","d","d","D","D","D","D","D","D","D","D","D","D","D","d","d","D","d","d","d","d","d","D",3.25224784914872
105,42,20,"Aa",1,"BB",2,"cc",0,2487,734,1,1,-1,1,1,1,1,1,1,-1,"d","d","d","d","D","D","d","d","d","d","D","D","D","d","d","d","D","d","d","d","d","d","D","D","D","D","D","d","d","d","D","d","d","D","D","D","D","d","D","d","D","d","D","D","D","d","D","d","d",-0.19473852991215
96,42,21,"aa",0,"bB",1,"CC",2,104,811,-1,-1,-1,-1,1,1,-1,-1,1,-1,"D","d","D","D","D","d","d","d","d","D","D","d","D","d","d","d","D","D","D","d","d","d","d","D","D","D","D","d","d","d","d","D","d","d","D","D","d","D","D","D","d","d","d","D","D","d","D","d","d",0.387333667585409
97,42,22,"AA",2,"bB",1,"cC",1,210,2248,-1,-1,-1,1,-1,1,1,-1,-1,-1,"d","d","d","D","D","D","D","d","D","d","d","d","D","d","D","d","D","D","d","D","d","D","d","D","D","D","d","d","d","D","D","D","d","D","d","D","d","d","d","d","d","d","d","d","d","D","d","d","d",1.18675855348259
96,42,23,"Aa",1,"bb",0,"Cc",1,1064,2444,-1,-1,1,-1,-1,-1,1,1,-1,-1,"D","D","D","D","D","D","D","D","D","D","d","d","d","d","d","D","d","d","D","D","D","d","d","D","D","D","D","d","d","d","D","d","d","D","d","D","d","d","D","D","D","d","D","D","D","D","d","d","d",0.131503830935004
95,42,24,"AA",2,"bb",0,"cc",0,73,139,-1,-1,1,-1,1,-1,-1,1,-1,-1,"D","d","d","D","D","D","d","d","D","d","d","d","D","d","d","D","d","D","D","D","d","d","d","D","D","D","D","d","d","D","d","D","D","D","D","D","D","D","d","d","D","d","D","d","D","d","d","d","D",-0.516349537376165
94,42,25,"Aa",1,"bB",1,"CC",2,1784,2284,-1,-1,-1,-1,-1,1,1,1,-1,-1,"d","D","D","D","D","D","d","d","d","d","D","D","d","d","d","d","D","D","D","d","d","D","D","D","D","D","D","d","d","D","D","d","d","D","D","d","D","d","D","D","D","d","d","d","d","d","d","d","d",-1.54317091722262
102,42,26,"Aa",1,"BB",2,"Cc",1,1845,542,-1,1,1,-1,1,1,-1,1,-1,1,"d","D","D","D","D","d","d","D","d","D","d","d","D","d","D","D","d","D","D","D","D","d","D","d","D","d","D","d","d","D","D","D","D","d","D","D","d","D","d","D","D","D","d","D","d","d","d","D","d",0.00406179571507376
95,42,27,"AA",2,"Bb",1,"CC",2,425,1405,1,-1,1,-1,-1,-1,1,-1,-1,-1,"d","d","D","D","D","d","d","D","D","D","d","d","d","D","d","D","D","D","D","D","d","d","d","d","D","D","D","d","d","D","D","D","D","D","D","d","D","d","D","D","D","d","d","D","D","D","D","d","d",-0.465280295427167
92,42,28,"aa",0,"BB",2,"CC",2,908,142,-1,1,-1,-1,1,-1,-1,-1,-1,-1,"d","d","D","D","D","D","D","d","D","D","D","D","D","d","D","d","d","D","D","D","d","d","d","D","D","d","D","d","d","D","D","d","D","D","D","D","d","d","d","D","d","D","d","D","d","d","d","d","D",-1.38557231917349
104,42,29,"AA",2,"Bb",1,"cc",0,304,426,-1,1,1,1,1,1,1,1,-1,-1,"d","D","D","D","D","d","D","d","d","D","d","D","D","d","D","d","D","D","D","D","D","d","d","D","D","D","D","d","d","D","d","D","d","D","D","D","d","d","d","d","d","d","D","d","D","D","D","D","d",0.326337898365013
92,42,30,"aa",0,"bb",0,"Cc",1,1573,28,-1,-1,-1,1,-1,-1,-1,-1,-1,-1,"D","d","d","d","D","d","d","d","d","D","D","d","D","d","d","d","d","D","D","D","D","d","D","D","D","D","D","d","D","d","D","D","d","D","D","d","d","D","D","d","d","d","d","d","d","d","d","d","D",0.00987510049393626
92,42,31,"Aa",1,"bB",1,"Cc",1,1152,989,-1,-1,-1,-1,-1,-1,1,1,-1,-1,"D","d","D","d","d","d","d","d","D","d","D","D","d","d","d","d","d","D","D","D","D","d","D","D","D","D","D","d","d","D","D","d","D","D","D","D","D","D","d","D","D","d","d","d","D","d","D","d","d",-1.1664467055403
106,42,32,"aA",1,"bB",1,"cc",0,1789,2343,1,1,-1,1,1,1,1,1,-1,-1,"d","D","D","D","D","d","d","d","D","d","D","D","d","D","d","d","d","D","D","D","D","D","D","D","D","D","D","d","D","D","d","D","d","d","d","D","D","D","D","D","D","d","d","D","D","d","D","D","D",2.95200923454987
101,42,33,"aa",0,"BB",2,"CC",2,1528,1760,1,-1,1,-1,1,1,1,-1,-1,-1,"D","D","D","D","D","D","d","D","d","D","D","d","D","d","D","d","D","D","D","D","D","d","D","D","D","D","D","d","d","D","D","D","D","D","D","D","D","D","D","d","D","d","d","D","d","d","d","d","d",1.76701643007005
99,42,34,"aa",0,"Bb",1,"cc",0,2297,100,1,-1,-1,-1,-1,-1,1,1,-1,1,"D","d","D","D","d","d","D","d","d","d","d","D","D","d","d","d","d","D","D","D","d","D","D","D","D","D","D","d","d","D","D","D","D","d","D","d","d","d","d","d","D","d","D","d","D","D","D","d","d",1.14481069326342
97,42,35,"AA",2,"bB",1,"Cc",1,453,2064,-1,1,-1,1,-1,1,-1,1,-1,-1,"d","D","D","D","D","d","d","d","D","d","D","D","D","d","d","d","d","D","d","D","d","D","d","D","D","D","D","D","d","D","D","d","D","d","D","D","D","D","D","d","d","D","d","d","d","d","d","d","d",-0.254553604013302
98,42,36,"aa",0,"BB",2,"cC",1,930,2484,-1,-1,-1,1,1,1,1,1,-1,-1,"d","D","D","D","d","d","D","d","D","D","d","D","d","D","D","D","D","D","D","d","D","D","d","D","D","D","D","d","d","D","d","d","d","D","d","d","d","d","d","d","d","D","d","d","D","d","d","d","d",-1.42951139389189
101,42,37,"aa",0,"bB",1,"Cc",1,2138,1772,-1,-1,-1,1,1,1,1,-1,-1,-1,"d","D","d","D","d","d","d","d","d","D","d","D","D","d","D","d","d","D","d","d","D","d","D","D","D","D","D","d","d","d","D","D","D","D","D","D","D","D","d","D","D","d","d","d","d","D","d","D","D",3.14962640437992
98,42,38,"aa",0,"BB",2,"cc",0,388,2193,-1,1,1,1,-1,-1,-1,-1,1,-1,"D","d","D","d","D","D","d","d","d","D","D","D","d","D","d","D","d","D","D","D","D","D","d","D","D","D","D","D","d","d","D","d","D","D","D","d","D","D","D","D","D","d","d","d","d","d","D","d","d",0.489789910044595
103,42,39,"AA",2,"bb",0,"cC",1,109,1187,1,1,-1,1,1,1,1,-1,-1,1,"d","d","D","D","D","D","d","d","d","D","D","D","D","d","d","d","D","D","D","D","d","d","d","D","D","d","D","d","d","D","D","d","d","D","d","d","D","D","d","D","d","D","D","D","D","d","d","d","d",-0.383615291497233
98,42,40,"Aa",1,"BB",2,"CC",2,339,1493,-1,-1,-1,1,-1,1,1,1,-1,-1,"D","d","D","D","D","d","d","D","d","D","D","D","d","d","d","d","d","d","D","D","D","D","d","D","D","D","D","d","D","D","D","D","d","D","D","D","d","d","D","D","d","D","D","D","D","d","d","D","D",0.327357474490162
94,42,41,"Aa",1,"bB",1,"cc",0,1747,403,-1,-1,-1,-1,-1,-1,1,-1,-1,-1,"d","D","D","d","D","d","d","d","d","D","D","d","D","d","d","d","D","D","D","d","D","D","D","D","D","D","d","d","d","d","D","D","d","d","d","D","D","D","d","d","D","d","d","d","d","D","d","d","d",2.61503362002441
97,42,43,"aa",0,"BB",2,"CC",2,1016,113,-1,-1,-1,-1,-1,1,-1,1,1,-1,"d","d","d","D","d","d","d","d","D","D","D","D","D","d","d","D","d","D","d","D","d","d","D","D","D","D","D","d","d","D","D","D","d","D","D","D","d","D","D","D","D","d","D","d","d","d","d","d","d",1.38186483678628
100,42,44,"aa",0,"Bb",1,"cC",1,2308,1793,-1,-1,-1,1,1,-1,1,1,-1,1,"D","D","d","D","d","D","d","d","d","D","d","d","D","d","D","d","d","D","d","d","d","D","d","D","D","D","D","d","d","D","D","D","D","D","d","d","d","D","d","d","D","d","D","d","d","D","D","D","d",0.0293308434396095
93,42,45,"aa",0,"bB",1,"CC",2,363,696,-1,-1,-1,-1,-1,-1,-1,-1,-1,-1,"D","d","d","D","D","d","D","d","D","D","D","d","D","d","d","D","D","D","D","D","d","d","d","D","D","D","D","d","d","d","D","d","d","D","d","D","D","d","D","d","D","d","D","d","d","d","D","d","d",3.35555049979342
102,42,46,"aa",0,"BB",2,"cC",1,2015,993,1,-1,-1,1,1,1,1,1,-1,-1,"D","D","D","d","D","d","d","D","D","D","D","d","d","d","d","D","d","D","d","d","D","D","D","D","D","D","D","d","d","d","d","D","D","d","d","D","d","d","d","d","d","D","d","D","d","d","D","d","d",0.862207340792331
100,42,47,"Aa",1,"bb",0,"Cc",1,445,342,-1,1,-1,1,-1,1,-1,1,1,-1,"d","d","D","D","D","D","d","d","d","d","D","D","D","d","D","d","D","D","D","d","D","D","D","D","d","D","D","d","d","d","D","d","d","D","d","D","D","d","D","d","D","D","d","D","d","d","d","d","D",0.519449333543616
95,42,48,"AA",2,"bb",0,"cC",1,2221,509,-1,-1,-1,-1,1,1,1,-1,-1,-1,"D","D","D","D","D","D","d","d","d","D","D","D","D","D","D","d","D","d","D","D","d","D","D","D","D","D","d","d","d","d","D","d","D","D","D","D","D","d","d","d","d","d","d","D","d","d","d","d","D",-0.428763707622869
101,42,49,"aa",0,"bb",0,"cC",1,2367,1721,1,-1,-1,-1,1,-1,1,1,-1,1,"D","D","d","D","D","d","d","D","d","D","D","d","D","d","d","d","d","d","D","D","d","d","D","D","D","D","D","d","d","D","d","d","D","d","D","D","d","D","d","D","d","D","D","D","D","D","d","D","D",1.49145367183592
89,42,50,"Aa",1,"BB",2,"cC",1,1878,2233,-1,-1,-1,-1,-1,-1,-1,-1,-1,1,"D","D","D","D","d","D","d","d","D","d","D","D","D","d","d","d","d","D","D","d","d","d","D","D","d","D","D","d","d","d","d","D","d","D","D","D","d","D","D","d","D","D","D","d","d","D","D","D","d",-2.86755419664341
106,43,1,"aa",0,"bb",0,"cc",0,1949,2084,-1,1,1,1,1,1,1,1,1,-1,"D","D","d","d","D","d","D","d","d","d","d","D","d","d","d","D","d","D","D","d","d","D","d","D","d","D","D","d","d","D","d","D","d","d","d","D","d","D","D","D","d","D","d","d","d","d","d","d","d",0.336184279003022
98,43,2,"aa",0,"bB",1,"CC",2,2219,1553,-1,-1,-1,1,1,-1,1,1,-1,-1,"D","D","D","D","D","d","D","d","D","d","D","D","d","d","d","d","D","D","d","d","d","d","d","d","D","D","d","d","d","D","D","D","d","D","D","D","D","d","D","d","d","d","d","d","d","d","d","d","D",0.442677552744586
93,43,3,"Aa",1,"bb",0,"cc",0,1223,1652,-1,1,1,1,-1,-1,-1,-1,-1,-1,"d","D","D","D","D","D","d","D","d","D","D","d","D","d","d","d","d","d","D","D","d","d","d","D","D","D","D","d","d","D","D","D","d","d","D","d","D","D","D","d","d","d","d","d","D","d","d","d","D",-2.19698625379074
104,43,4,"Aa",1,"BB",2,"cC",1,230,1751,-1,1,-1,1,-1,1,1,1,1,1,"d","d","D","D","D","D","d","d","d","d","D","d","d","d","d","D","D","D","D","d","D","d","D","D","d","D","D","d","d","D","D","d","d","D","D","D","d","D","d","D","d","d","d","D","D","d","d","d","d",0.418584571856205
105,43,5,"Aa",1,"bb",0,"CC",2,45,1270,1,1,1,1,-1,1,1,1,1,1,"D","d","d","D","D","d","D","D","d","d","d","d","d","d","D","D","D","d","D","d","D","d","d","D","D","d","D","d","d","D","D","d","D","D","d","d","D","d","d","d","D","D","d","d","D","D","d","d","D",-2.50833073320906
93,43,6,"aA",1,"bB",1,"CC",2,1344,99,-1,-1,1,-1,-1,-1,1,-1,-1,-1,"D","d","D","D","D","D","d","d","D","D","D","D","D","d","D","d","D","D","D","d","d","D","D","D","D","D","D","d","D","d","D","d","d","D","D","D","d","d","d","D","D","D","d","d","d","d","d","D","D",-0.997860026825356
93,43,7,"aa",0,"bB",1,"cC",1,1691,405,-1,-1,-1,1,-1,-1,1,-1,-1,-1,"D","d","D","d","D","d","d","d","d","D","D","d","d","d","d","D","d","d","D","d","D","D","D","D","D","D","D","d","d","d","d","D","D","d","D","D","D","D","D","d","D","D","D","d","d","d","D","d","d",-0.0385064796266635
94,43,8,"Aa",1,"Bb",1,"cC",1,983,1336,-1,-1,-1,1,1,-1,1,-1,-1,-1,"D","d","D","D","D","d","d","d","d","D","D","D","D","D","D","D","D","D","D","d","d","D","D","D","D","D","D","d","d","D","D","D","D","D","D","d","d","d","D","d","d","D","D","d","d","D","d","d","D",-1.11600577106625
98,43,9,"aa",0,"BB",2,"cC",1,1514,1666,1,-1,1,-1,-1,-1,1,1,-1,-1,"d","D","D","D","D","D","d","d","d","D","D","d","D","d","d","D","d","D","d","D","D","d","d","D","d","D","D","d","D","D","D","d","D","D","D","D","d","D","d","D","D","D","D","d","D","D","D","d","D",0.489749820052884
93,43,10,"aa",0,"BB",2,"cc",0,302,977,-1,-1,1,-1,1,-1,-1,-1,-1,-1,"D","D","D","D","D","d","D","d","d","d","D","D","d","d","D","D","d","D","d","d","D","D","D","d","D","D","D","d","d","D","D","D","D","D","D","d","D","D","D","d","d","D","D","d","d","D","d","D","D",-0.644568737541756
98,43,11,"aa",0,"bB",1,"CC",2,2439,310,-1,-1,-1,1,-1,1,-1,1,-1,1,"d","D","D","D","D","D","d","D","d","d","d","D","d","d","d","d","d","D","D","D","D","d","D","D","d","D","D","d","D","D","D","d","D","d","D","D","D","d","D","D","D","D","d","D","d","D","d","d","D",0.303597409299038
94,43,12,"aa",0,"bB",1,"cC",1,778,762,-1,-1,-1,-1,-1,1,1,-1,-1,-1,"d","D","d","D","D","D","D","D","d","D","D","d","D","d","d","d","d","D","D","D","d","D","d","d","D","d","D","D","d","D","D","d","D","D","D","D","D","d","D","D","d","d","D","d","d","d","D","d","d",0.5015890649909
97,43,13,"aA",1,"bB",1,"Cc",1,2152,1975,-1,-1,1,-1,1,1,-1,-1,-1,1,"D","d","D","D","D","D","d","D","d","d","D","D","d","D","d","d","D","D","D","D","d","d","d","d","D","D","D","d","d","D","D","d","D","D","d","d","D","d","D","d","D","d","D","d","D","d","d","D","D",-0.666309425328562
96,43,14,"Aa",1,"Bb",1,"CC",2,1305,1637,-1,-1,1,-1,-1,-1,-1,1,-1,1,"d","D","D","D","d","d","D","d","D","D","d","d","d","D","d","D","d","D","D","D","D","d","d","D","D","D","D","D","d","D","D","D","D","d","D","d","D","D","D","d","d","D","D","D","d","d","D","d","d",0.998354810418358
101,43,15,"aa",0,"BB",2,"CC",2,200,85,-1,1,-1,-1,1,1,1,1,-1,-1,"D","D","d","D","D","D","D","d","d","D","D","d","d","d","d","d","d","D","D","d","D","D","D","D","D","D","D","d","d","d","D","d","D","D","D","D","D","d","D","d","d","d","D","D","D","d","D","D","d",1.41285911849284
96,43,16,"aa",0,"BB",2,"cc",0,307,129,-1,-1,-1,1,-1,1,1,-1,-1,-1,"d","D","d","D","D","d","D","d","d","d","d","D","D","d","d","d","d","D","D","d","d","D","d","d","D","D","D","d","d","d","d","D","d","D","d","D","D","d","D","D","D","d","D","D","d","d","D","d","d",0.628752034492339
99,43,17,"AA",2,"Bb",1,"CC",2,1100,2010,-1,-1,1,1,1,-1,1,-1,1,-1,"d","D","D","d","D","d","d","d","D","D","d","d","D","d","d","d","D","D","d","D","D","d","d","D","D","D","D","d","d","D","D","D","d","D","D","D","d","d","d","d","D","d","d","d","d","D","d","D","d",-0.811349611587606
97,43,18,"AA",2,"Bb",1,"CC",2,625,641,-1,-1,-1,-1,-1,-1,1,1,-1,1,"d","D","D","D","D","d","d","d","d","D","d","D","D","D","d","d","d","D","D","d","D","d","d","D","D","D","D","d","d","d","d","D","D","D","D","D","D","D","D","d","D","d","d","d","d","d","D","d","d",1.27753595025187
103,43,19,"AA",2,"bb",0,"Cc",1,721,1133,1,1,1,1,1,1,-1,-1,-1,-1,"D","D","D","D","D","d","d","d","d","D","D","D","d","d","d","d","d","D","d","D","D","d","D","D","D","D","D","d","d","d","D","D","D","D","D","D","D","D","d","d","D","d","d","d","d","D","D","d","D",1.13273465719091
105,43,20,"aA",1,"bb",0,"CC",2,753,1677,1,-1,1,1,1,1,1,1,-1,1,"d","D","D","D","D","d","d","d","d","D","D","d","D","d","d","d","D","d","D","d","D","d","D","D","d","D","D","d","d","D","D","D","d","D","d","D","D","D","d","d","d","D","d","d","D","d","d","d","d",-0.571236339305261
97,43,21,"AA",2,"bB",1,"cc",0,977,2092,-1,-1,1,-1,1,-1,-1,1,-1,-1,"d","D","D","D","D","D","d","D","d","D","d","D","d","d","d","d","d","d","D","D","d","D","D","D","D","D","D","d","d","D","d","d","d","d","d","D","D","D","D","d","D","D","d","d","d","d","D","D","d",1.28090842412713
98,43,22,"Aa",1,"Bb",1,"cc",0,2332,419,1,1,-1,1,-1,-1,1,-1,-1,-1,"D","d","D","d","D","d","d","d","d","D","d","d","D","d","d","d","D","D","d","D","D","d","d","D","D","D","D","d","D","D","D","D","D","D","d","D","D","d","D","d","d","d","d","d","d","d","d","D","d",0.192513921892197
105,43,23,"aA",1,"BB",2,"cC",1,1685,2322,1,1,1,1,-1,1,1,1,1,-1,"d","D","d","D","D","d","d","D","D","d","d","d","d","d","D","d","D","d","D","D","d","D","D","D","D","D","D","d","d","D","D","d","D","d","D","D","d","d","D","d","d","d","d","d","d","d","D","D","d",-0.460755335054515
107,43,24,"aA",1,"bB",1,"cC",1,769,190,1,-1,1,1,1,1,1,1,-1,1,"D","D","D","D","d","d","D","D","d","d","D","D","D","D","D","d","D","d","D","D","D","d","d","D","d","D","D","d","d","D","D","d","D","D","D","d","D","D","D","D","d","D","d","d","D","D","d","D","d",1.84564518735617
94,43,25,"AA",2,"BB",2,"cc",0,762,214,-1,-1,-1,1,1,-1,-1,1,-1,-1,"D","d","D","D","d","D","d","d","D","D","d","D","D","D","d","d","D","d","D","d","D","d","D","D","D","D","d","d","D","D","d","D","D","D","D","D","D","D","d","D","d","d","d","d","d","D","d","d","d",-1.55568364293148
104,43,26,"AA",2,"bb",0,"cc",0,1983,797,-1,1,1,1,1,-1,1,1,1,1,"D","d","D","d","D","D","d","d","D","D","D","d","D","D","D","D","D","D","D","D","D","d","d","d","D","D","D","d","d","D","D","d","D","D","d","D","D","d","D","D","D","D","D","D","d","D","d","d","d",-1.6543039874221
95,43,27,"aa",0,"bB",1,"CC",2,1469,1003,-1,-1,-1,-1,1,1,-1,-1,-1,1,"D","d","D","D","D","D","d","D","d","D","D","D","d","d","D","d","d","d","D","D","D","d","d","D","D","D","D","D","d","D","D","d","d","D","D","D","d","d","D","d","D","d","D","d","d","d","d","d","D",-0.645673400114396
103,43,28,"aa",0,"Bb",1,"cC",1,293,59,1,-1,1,1,-1,1,1,1,-1,-1,"D","d","d","D","D","D","D","d","d","D","D","d","D","d","d","D","D","D","D","D","D","D","D","d","D","D","D","d","d","D","d","D","D","D","D","D","D","D","d","D","D","D","D","d","d","d","d","D","d",1.64952374753104
95,43,29,"AA",2,"BB",2,"cc",0,2162,1498,-1,-1,-1,1,-1,-1,1,1,-1,-1,"d","d","d","d","D","d","d","d","d","D","d","D","d","d","D","d","D","D","d","d","D","d","d","D","D","D","D","d","d","D","D","d","D","D","D","D","D","d","D","D","d","D","d","D","d","d","d","d","D",-0.226096767928617
97,43,30,"AA",2,"Bb",1,"CC",2,2317,486,-1,-1,1,1,-1,-1,1,-1,-1,-1,"D","d","D","D","D","d","d","d","d","d","D","d","d","d","d","D","D","D","D","D","D","d","D","D","D","D","D","d","D","D","d","d","D","D","D","D","d","d","d","D","D","D","D","d","d","d","d","d","d",1.07377503549504
97,43,31,"AA",2,"bb",0,"cc",0,1534,2061,1,-1,1,1,-1,-1,1,-1,-1,-1,"d","d","D","D","D","D","d","d","d","D","D","d","d","d","d","d","D","d","d","d","d","D","D","D","D","D","D","D","d","D","D","d","D","d","D","d","D","d","d","D","d","d","D","d","D","d","d","d","d",-0.418362769700114
99,43,32,"AA",2,"bb",0,"cC",1,817,773,-1,-1,1,1,-1,-1,1,1,-1,-1,"D","D","d","D","D","D","d","d","d","D","D","D","d","d","D","d","D","D","D","d","d","d","d","D","D","D","D","D","d","d","d","d","D","D","D","D","D","D","D","d","d","D","d","D","d","d","d","d","D",1.45520083535919
99,43,33,"aA",1,"bb",0,"Cc",1,1563,1438,1,1,-1,-1,-1,1,1,-1,-1,1,"D","D","D","D","D","d","d","d","d","D","d","D","D","d","d","d","D","D","D","d","d","d","D","D","D","D","D","d","D","D","d","D","d","d","D","D","D","D","D","d","d","D","d","d","D","d","d","d","D",-0.98001956134907
98,43,34,"AA",2,"bB",1,"CC",2,1569,693,-1,-1,1,1,-1,1,1,1,-1,-1,"d","D","d","D","D","D","D","D","d","D","d","D","D","d","D","d","d","D","d","D","D","D","D","D","D","D","d","d","d","D","D","d","D","d","D","D","d","D","D","D","D","d","d","d","D","d","d","d","d",-1.06290243218584
92,43,35,"aA",1,"Bb",1,"CC",2,2132,1781,-1,-1,-1,-1,-1,-1,-1,-1,-1,-1,"D","D","D","D","D","d","d","d","d","d","d","D","d","d","D","d","d","d","D","D","d","d","d","D","D","d","D","D","d","D","D","D","D","D","D","D","d","D","d","D","D","d","D","d","d","D","D","d","d",2.736582242419
100,43,36,"Aa",1,"Bb",1,"cC",1,2048,1276,-1,-1,-1,1,1,1,1,1,-1,-1,"d","D","d","D","D","d","d","D","d","d","D","d","D","d","d","d","D","D","d","D","d","d","D","D","d","D","D","d","d","D","D","d","D","D","D","D","D","D","d","d","D","D","d","D","d","d","d","d","D",0.256650176935359
96,43,37,"aa",0,"BB",2,"cC",1,741,575,1,-1,-1,-1,-1,1,-1,-1,1,1,"D","D","d","D","D","d","d","d","D","d","d","d","D","d","d","d","d","d","D","D","D","d","D","D","d","D","D","d","d","D","D","d","d","D","D","D","D","D","D","D","D","d","d","d","D","d","D","d","d",-1.37803307200929
95,43,38,"Aa",1,"Bb",1,"cc",0,267,2294,-1,-1,-1,-1,1,-1,1,-1,-1,-1,"D","d","D","D","D","d","d","d","d","D","D","D","D","d","D","d","d","d","D","d","d","d","D","D","D","D","D","d","D","D","D","D","D","D","D","d","D","D","D","d","D","D","d","d","D","d","d","d","d",1.02987417992004
102,43,39,"Aa",1,"BB",2,"CC",2,2127,1417,-1,-1,1,1,1,1,1,1,-1,-1,"D","d","D","D","d","d","D","d","d","D","D","D","D","d","D","d","d","D","D","d","d","d","D","d","D","D","D","d","d","D","D","d","d","D","D","d","d","D","d","D","D","d","d","D","d","d","D","D","d",0.755323382922424
98,43,40,"AA",2,"BB",2,"CC",2,1355,1546,-1,-1,1,1,1,1,-1,1,-1,-1,"d","d","d","D","D","D","D","d","d","D","D","D","d","d","d","d","D","D","D","D","D","d","d","D","D","D","D","d","D","D","d","D","d","D","D","D","D","d","d","d","D","d","d","D","d","d","d","d","d",-1.68269459593771
91,43,41,"Aa",1,"Bb",1,"cC",1,824,1617,-1,-1,-1,-1,1,-1,-1,-1,-1,-1,"d","D","d","D","D","d","d","d","d","D","D","d","D","D","d","d","D","D","D","d","d","D","d","D","D","d","D","d","d","d","d","D","D","D","D","D","D","d","d","d","d","D","d","d","d","D","d","d","d",-0.498079807331763
91,43,42,"aa",0,"BB",2,"cc",0,958,667,-1,-1,-1,-1,-1,-1,-1,1,-1,-1,"D","d","D","d","D","D","d","d","d","d","d","D","D","d","d","d","D","d","D","D","d","d","D","D","D","d","D","d","d","D","D","D","D","D","D","d","d","D","d","D","d","d","d","D","d","d","d","d","D",-0.210241338737246
95,43,44,"aa",0,"bB",1,"CC",2,557,532,-1,-1,-1,-1,-1,1,-1,-1,1,1,"d","D","D","D","D","d","d","D","d","D","d","d","d","d","d","D","d","d","D","d","d","d","d","D","D","D","D","d","d","D","D","D","D","D","D","D","D","D","d","d","D","d","D","d","d","d","d","d","d",-0.33743799306156
93,43,45,"AA",2,"bb",0,"CC",2,1626,1090,-1,1,-1,-1,1,-1,-1,-1,-1,-1,"D","D","d","d","D","D","d","d","D","D","D","d","D","d","D","D","d","d","D","D","D","d","d","D","d","D","D","d","d","d","D","d","d","D","D","d","D","d","D","d","d","D","d","d","D","d","d","d","D",-0.673870803464339
96,43,46,"aa",0,"bb",0,"cC",1,323,2440,1,-1,-1,-1,1,1,-1,-1,-1,-1,"d","D","D","d","D","D","D","d","d","D","D","d","d","d","d","d","d","D","d","d","D","D","d","D","D","D","D","d","d","D","d","d","d","D","d","D","d","d","d","D","D","D","d","d","d","d","D","d","d",0.489087447485074
96,43,47,"AA",2,"bB",1,"cC",1,1251,173,-1,-1,-1,1,-1,1,-1,1,1,-1,"D","d","D","D","d","d","d","D","d","d","D","D","d","D","D","D","D","D","D","D","d","d","D","D","D","D","D","d","d","D","d","d","D","D","D","d","D","d","d","D","d","D","d","d","D","d","d","d","d",-1.7547597852641
94,43,48,"Aa",1,"bB",1,"CC",2,1396,384,-1,-1,-1,1,-1,-1,-1,1,-1,-1,"D","d","D","D","D","D","d","D","D","D","D","d","D","D","d","d","D","D","D","d","d","d","d","D","D","D","d","d","d","D","D","d","D","D","D","d","D","d","D","d","d","D","d","d","D","d","d","d","d",0.20415784295949
97,43,49,"aA",1,"Bb",1,"CC",2,1355,565,-1,-1,1,-1,1,-1,-1,1,-1,-1,"D","d","d","D","D","D","D","d","d","D","D","D","D","d","D","d","D","D","D","d","D","d","D","D","D","D","D","d","d","d","d","D","D","D","D","D","D","D","D","D","D","d","d","d","d","d","D","d","d",1.63171171134186
96,43,50,"Aa",1,"bB",1,"cc",0,1818,2295,-1,-1,1,-1,1,1,-1,1,-1,-1,"D","d","d","D","D","d","d","D","d","d","d","d","d","d","d","d","D","d","D","d","D","d","d","D","D","D","D","d","d","D","D","D","d","D","D","D","D","d","d","D","D","d","d","d","d","d","D","d","D",-1.25718273110724
94,44,1,"Aa",1,"bb",0,"CC",2,345,1034,1,-1,-1,-1,1,-1,1,-1,-1,-1,"D","D","D","D","D","D","d","d","D","D","D","D","D","d","D","d","D","D","d","D","D","d","d","D","d","D","D","d","d","d","D","d","d","D","d","D","d","d","D","d","d","d","d","D","d","D","D","D","d",-1.68306233350166
106,44,2,"AA",2,"bb",0,"CC",2,461,1595,1,-1,1,1,1,1,1,1,-1,1,"D","d","D","D","D","D","d","D","d","d","d","D","D","d","d","D","d","D","D","d","D","d","d","d","D","D","D","d","D","D","d","D","D","D","D","D","d","d","D","D","d","d","d","D","D","d","D","d","D",0.450442849322506
107,44,3,"AA",2,"bB",1,"Cc",1,1399,2013,1,-1,1,1,1,1,1,1,-1,1,"d","D","d","D","D","D","d","D","D","D","d","D","D","D","d","d","d","D","d","D","D","D","d","D","D","D","D","d","D","D","D","D","D","D","d","D","d","d","d","d","d","d","D","d","D","D","D","D","d",1.31684862104595
102,44,4,"AA",2,"bb",0,"Cc",1,1204,162,-1,-1,1,1,1,1,1,1,-1,-1,"d","d","D","d","D","d","D","D","D","D","d","D","D","d","d","D","D","D","d","d","D","d","D","D","D","D","D","d","d","D","D","d","D","D","D","D","D","D","d","D","d","d","d","d","d","d","d","d","d",0.435458153359467
102,44,5,"Aa",1,"BB",2,"Cc",1,608,2484,1,-1,1,1,1,1,1,-1,-1,-1,"d","d","d","d","d","d","D","d","d","D","d","D","D","d","d","d","D","d","D","D","D","d","d","d","D","D","D","d","d","D","D","D","d","D","d","d","D","D","D","D","d","d","D","D","D","d","d","d","d",0.152175679557593
96,44,6,"Aa",1,"BB",2,"cC",1,2145,2325,-1,1,-1,1,-1,-1,-1,1,-1,-1,"D","D","D","D","D","D","d","d","d","d","D","D","d","d","d","d","d","D","D","D","d","D","d","d","D","D","D","d","d","d","d","d","D","d","d","d","d","d","D","D","D","d","D","d","d","D","D","d","d",0.679120339276369
103,44,7,"Aa",1,"Bb",1,"Cc",1,2498,468,-1,1,1,1,1,1,-1,1,-1,-1,"d","D","D","d","D","d","d","d","D","D","D","D","D","d","D","D","D","D","D","d","D","d","d","D","D","D","D","D","d","d","D","D","D","D","d","D","D","d","D","d","D","d","D","D","d","d","D","d","D",1.432953574908
100,44,8,"AA",2,"bB",1,"cC",1,1245,1238,-1,1,1,-1,-1,1,1,1,-1,-1,"d","d","D","D","D","d","d","D","d","d","d","d","D","D","D","D","d","D","D","D","d","D","D","D","D","D","D","d","d","d","d","D","D","D","D","d","D","D","d","D","d","D","D","d","d","d","d","D","d",0.714910680147052
96,44,9,"Aa",1,"BB",2,"cC",1,595,731,-1,-1,1,-1,1,1,-1,-1,-1,-1,"D","d","D","D","D","d","d","d","d","d","D","D","d","D","d","d","D","D","D","D","d","d","d","D","D","D","d","d","d","D","D","d","d","D","d","D","d","d","d","D","D","d","d","D","d","d","d","d","d",0.818881361368046
106,44,10,"aA",1,"BB",2,"CC",2,791,1672,-1,1,1,1,1,1,1,1,1,-1,"D","D","d","D","D","d","D","D","d","D","d","d","D","d","d","D","d","D","D","D","D","d","D","D","D","D","d","d","d","D","d","D","D","D","D","D","D","D","d","d","d","d","d","d","d","d","d","d","d",0.143732156131941
94,44,11,"aA",1,"BB",2,"Cc",1,1927,2109,-1,-1,-1,-1,1,-1,1,-1,-1,-1,"d","d","d","D","D","d","d","D","d","D","d","D","D","d","D","d","D","d","d","D","d","d","d","D","D","D","D","d","d","d","D","D","d","D","d","D","D","D","D","d","D","d","D","d","d","d","D","d","d",0.937627898426826
105,44,12,"aa",0,"bb",0,"cC",1,477,1040,1,-1,1,1,-1,1,1,1,1,-1,"D","d","d","D","D","d","d","d","d","D","D","d","D","d","D","d","d","D","D","D","d","D","d","d","D","D","D","d","d","D","D","D","D","d","D","d","d","D","d","d","d","D","D","d","d","d","d","d","d",1.61504387260444
108,44,13,"AA",2,"BB",2,"Cc",1,2334,53,1,-1,1,1,1,1,1,1,1,1,"D","D","D","D","D","D","D","d","D","D","D","D","D","d","d","D","D","D","D","D","d","d","d","d","D","D","D","d","d","d","D","D","d","d","D","D","D","d","D","d","D","D","d","D","d","D","d","d","d",0.240238578870763
97,44,14,"Aa",1,"bB",1,"cC",1,675,242,-1,-1,1,1,-1,-1,1,1,-1,1,"d","d","D","D","D","d","d","D","d","d","D","D","D","d","d","d","d","D","D","d","d","d","d","D","D","D","D","d","d","d","d","D","D","D","D","d","D","D","D","D","D","d","d","d","d","d","D","d","d",-2.43047390672353
96,44,15,"AA",2,"Bb",1,"cC",1,1634,544,1,-1,-1,-1,-1,1,1,1,-1,-1,"D","d","D","D","D","D","d","d","d","D","d","D","d","d","d","D","d","D","D","D","d","d","d","D","D","D","D","d","d","D","D","d","D","D","D","D","D","D","d","D","D","d","d","D","D","D","d","d","d",-1.9797902200378
102,44,16,"aa",0,"BB",2,"Cc",1,972,2249,-1,1,1,1,1,1,1,-1,-1,1,"d","D","D","D","D","D","d","d","D","D","D","d","D","d","D","D","D","D","D","D","D","d","d","D","D","D","D","d","D","D","D","D","D","D","D","D","d","d","d","d","D","D","D","D","D","d","d","d","D",-1.39758112674799
98,44,17,"AA",2,"Bb",1,"cc",0,916,1978,-1,-1,1,1,-1,1,-1,1,1,-1,"d","d","D","d","D","d","d","D","d","d","d","d","D","d","D","d","d","D","D","D","d","D","d","D","D","D","D","d","d","D","d","D","d","D","D","d","d","D","d","d","D","d","d","D","d","d","d","D","D",-1.19687483165719
100,44,18,"Aa",1,"bb",0,"Cc",1,1341,1037,-1,-1,1,-1,1,1,-1,1,-1,1,"d","d","D","D","D","D","d","d","d","D","D","D","D","d","d","d","D","D","D","D","d","d","D","D","d","D","D","d","d","d","D","d","d","D","d","D","d","D","D","d","D","D","D","D","D","d","d","d","d",0.906965428402457
103,44,19,"aA",1,"BB",2,"cC",1,471,195,-1,-1,1,-1,1,1,1,1,1,-1,"D","d","d","D","d","d","d","d","d","d","D","d","D","d","d","D","d","d","D","d","D","d","D","D","D","D","D","d","d","d","d","D","D","D","D","D","D","d","d","d","d","d","D","d","d","d","d","D","d",1.15074286840286
106,44,20,"AA",2,"BB",2,"cC",1,552,443,1,-1,1,1,1,1,1,1,-1,-1,"D","D","d","D","D","D","d","d","d","D","D","d","D","D","d","d","D","D","D","d","D","d","D","D","D","D","D","d","d","D","D","D","D","D","D","D","D","D","d","d","D","D","D","D","d","d","D","d","d",2.78828927222826
96,44,21,"aa",0,"BB",2,"cC",1,1881,1022,-1,1,1,-1,-1,-1,1,-1,1,-1,"d","d","D","D","D","D","d","d","d","d","D","d","D","d","D","D","D","D","D","D","D","D","D","D","D","D","D","D","d","D","D","d","d","D","D","D","D","D","d","D","d","D","d","d","d","d","D","D","d",-1.93025009720076
99,44,22,"Aa",1,"Bb",1,"cc",0,1514,250,1,-1,-1,1,1,1,1,-1,-1,-1,"d","d","D","D","D","D","d","d","D","D","D","d","D","d","D","D","D","d","D","D","D","D","d","D","D","D","D","d","d","D","D","D","d","D","d","D","d","d","d","D","D","D","d","d","d","d","D","D","D",-0.702343756022008
91,44,23,"aA",1,"bb",0,"Cc",1,809,1565,-1,-1,-1,-1,-1,-1,-1,-1,-1,-1,"d","D","D","d","D","D","d","d","d","D","D","D","d","d","d","d","D","D","d","D","d","d","D","d","D","D","D","d","D","d","D","d","D","d","D","D","D","D","D","D","d","D","D","D","D","d","d","d","d",1.15445731294198
108,44,24,"aA",1,"BB",2,"cC",1,2465,2448,1,-1,1,1,1,1,1,1,1,1,"d","D","d","D","D","D","d","d","d","d","d","D","D","d","d","d","d","D","D","D","D","D","D","d","D","D","D","d","d","D","D","D","d","D","D","D","D","d","D","d","D","D","d","D","d","d","d","d","d",0.897286726507063
104,44,25,"AA",2,"bB",1,"cC",1,619,1856,-1,1,1,-1,-1,1,1,1,1,1,"d","D","d","D","D","D","d","d","D","D","D","D","D","d","d","d","d","D","D","d","d","d","d","D","D","D","D","d","D","d","D","d","D","D","D","D","d","D","D","d","d","D","D","D","d","D","d","d","d",0.639473797642617
103,44,26,"aa",0,"BB",2,"CC",2,806,1997,1,1,1,-1,1,1,-1,-1,-1,-1,"D","D","d","D","d","d","d","d","D","D","D","d","D","d","d","d","d","D","D","d","d","d","D","D","D","D","D","d","d","D","D","d","d","d","d","D","d","d","d","d","D","D","D","d","d","d","D","D","d",3.62235575514204
95,44,27,"aA",1,"bb",0,"Cc",1,1714,1231,1,-1,1,-1,-1,1,-1,-1,-1,-1,"d","d","D","D","D","d","d","d","d","d","d","D","D","d","d","d","D","D","D","D","d","d","d","d","D","D","D","d","d","D","D","d","D","D","d","D","d","D","d","d","d","D","d","D","d","d","d","D","d",-0.593488571302195
96,44,28,"AA",2,"Bb",1,"cC",1,2107,2190,-1,-1,-1,1,-1,1,-1,-1,-1,1,"D","d","D","d","D","D","D","d","d","d","d","D","D","D","d","d","D","D","D","d","d","d","D","D","D","D","D","D","D","D","d","D","D","D","D","D","d","d","D","D","D","D","D","d","d","D","d","d","d",0.563963971012888
103,44,29,"Aa",1,"Bb",1,"cC",1,1616,574,-1,1,1,1,1,1,1,1,-1,-1,"d","D","D","D","D","d","D","d","D","d","d","D","D","d","d","d","D","d","D","D","d","d","d","d","D","D","D","d","d","D","D","D","D","d","D","d","d","D","d","d","d","D","D","d","d","D","D","d","D",-0.877614033821453
98,44,30,"Aa",1,"Bb",1,"CC",2,1735,901,-1,1,-1,1,-1,-1,1,1,-1,-1,"D","D","D","d","D","d","D","d","d","D","D","D","d","d","d","d","D","D","D","d","D","d","D","d","D","D","D","D","D","D","d","D","D","d","D","D","D","d","D","d","d","d","D","d","d","d","D","d","d",0.394943529235418
97,44,31,"aA",1,"Bb",1,"CC",2,1946,655,-1,-1,1,1,-1,1,-1,1,-1,-1,"D","d","D","D","D","d","D","d","D","D","D","D","d","d","D","D","d","D","D","D","d","d","d","D","D","D","D","d","D","d","d","D","D","D","d","D","d","d","d","d","d","d","d","D","d","D","D","d","d",-0.0779228369252559
97,44,32,"AA",2,"bB",1,"CC",2,31,339,-1,-1,1,-1,1,1,1,1,-1,-1,"d","D","D","D","D","d","d","D","d","d","d","d","D","d","d","d","D","d","d","D","d","d","D","D","D","D","D","d","d","d","D","D","d","D","d","D","D","D","d","d","D","D","D","D","D","D","d","d","d",-2.23599146435799
89,44,33,"Aa",1,"bB",1,"Cc",1,938,1885,-1,-1,-1,-1,1,-1,-1,-1,-1,-1,"d","D","D","D","D","d","d","d","d","D","d","d","D","d","d","d","D","D","D","D","D","D","d","D","D","D","D","d","D","D","d","d","D","D","D","d","D","d","D","d","d","D","d","d","d","d","d","d","D",-2.42103038871533
97,44,34,"aA",1,"bb",0,"Cc",1,1351,1035,-1,-1,-1,-1,1,-1,1,1,-1,1,"d","d","D","d","D","d","D","d","d","D","d","D","d","d","d","d","d","D","D","d","d","d","d","D","D","D","D","d","d","D","D","D","d","d","D","d","D","d","d","d","D","d","d","d","d","D","d","d","d",-0.534354386590994
101,44,35,"aa",0,"BB",2,"CC",2,2144,2235,-1,1,1,-1,-1,-1,1,1,1,-1,"d","d","D","D","d","D","d","d","D","D","d","D","D","d","d","d","d","D","d","d","d","d","d","D","D","d","D","d","d","D","d","d","d","D","D","D","D","d","d","D","d","d","D","D","D","d","D","d","D",1.0557821956315
102,44,36,"AA",2,"BB",2,"cC",1,688,2248,1,-1,-1,1,1,-1,1,1,-1,1,"d","D","D","D","D","D","D","D","d","D","d","d","D","d","D","d","D","D","d","D","D","d","d","D","D","D","d","d","d","d","D","D","D","d","d","D","D","D","D","D","d","d","d","d","d","d","d","d","D",0.169229073077792
101,44,37,"aa",0,"Bb",1,"cc",0,1827,576,-1,1,1,-1,1,-1,1,1,-1,-1,"d","D","D","D","D","d","D","d","d","d","D","D","d","d","D","d","D","D","D","d","D","d","D","d","D","D","D","d","d","d","D","D","d","D","D","D","D","D","d","d","d","d","D","d","D","d","D","D","d",1.31778651459453
93,44,38,"aa",0,"BB",2,"cC",1,1621,1338,-1,-1,-1,-1,1,1,-1,-1,-1,-1,"D","D","D","d","d","D","D","d","d","D","D","D","D","d","D","d","d","D","D","d","d","d","d","D","D","D","D","d","d","D","D","D","D","D","D","D","d","D","D","D","d","d","D","d","d","d","d","D","D",-0.540303658252974
96,44,39,"AA",2,"Bb",1,"cC",1,1634,1760,-1,-1,-1,-1,-1,1,1,-1,-1,-1,"D","d","D","D","D","d","d","D","D","d","D","D","d","d","d","D","D","d","d","D","D","d","D","D","D","D","D","d","d","D","D","d","D","D","D","D","D","D","D","D","D","d","d","d","d","D","d","d","d",2.13369350816977
94,44,40,"Aa",1,"BB",2,"CC",2,950,1796,-1,-1,-1,1,-1,-1,-1,1,-1,-1,"D","d","D","D","D","d","D","d","d","D","d","d","d","D","d","d","D","D","D","d","d","D","D","D","D","D","D","d","d","D","d","d","d","d","d","D","d","D","d","D","D","d","d","d","d","d","d","d","d",0.25586656513096
95,44,41,"aA",1,"Bb",1,"cC",1,1913,2357,-1,-1,1,-1,-1,-1,-1,1,-1,-1,"d","D","d","D","D","D","D","D","d","D","D","D","D","d","d","d","d","d","d","D","d","d","D","D","D","D","D","d","d","D","d","d","d","D","D","D","d","D","d","d","d","d","d","D","d","D","D","D","d",1.26109482537311
89,44,42,"Aa",1,"BB",2,"cc",0,1326,1823,-1,-1,-1,-1,-1,-1,-1,-1,-1,-1,"d","D","D","d","D","D","d","D","d","D","D","d","D","d","D","d","D","d","D","d","d","d","d","D","d","D","D","d","d","D","d","d","D","d","D","D","d","D","d","d","D","d","d","D","d","d","d","D","d",-0.202728500091317
101,44,43,"aA",1,"bb",0,"CC",2,1,611,-1,1,-1,1,1,1,1,1,-1,-1,"d","D","D","D","D","D","d","d","D","d","d","D","d","d","d","d","D","d","D","d","D","D","d","D","D","D","D","d","d","D","D","d","d","D","D","d","d","D","D","D","d","D","D","D","d","D","d","D","d",-0.381956406303694
100,44,45,"Aa",1,"bb",0,"cc",0,398,1791,-1,-1,-1,-1,1,-1,1,1,1,-1,"d","D","D","D","D","d","d","d","D","D","d","D","D","d","d","D","d","D","D","d","d","d","d","D","D","D","D","d","d","d","D","D","d","D","D","D","D","d","D","D","D","D","d","D","D","d","D","D","D",2.98712638266758
98,44,46,"AA",2,"bB",1,"CC",2,2190,1329,-1,-1,1,-1,-1,1,-1,1,1,-1,"D","d","D","D","D","D","D","d","D","d","D","D","d","d","d","d","d","D","D","d","D","D","d","D","D","D","D","D","d","d","D","D","D","D","D","d","d","D","D","D","d","D","D","D","d","d","D","d","d",0.193043664283634
109,44,47,"aa",0,"Bb",1,"cC",1,1591,335,1,1,1,1,1,1,1,1,-1,1,"D","d","d","D","D","D","d","d","d","d","D","d","D","d","d","d","d","D","D","d","d","D","D","D","D","D","D","d","D","D","D","D","D","D","D","D","D","d","d","D","D","d","d","D","d","d","d","D","D",1.23852773178321
96,44,48,"aa",0,"BB",2,"CC",2,422,785,-1,-1,-1,-1,-1,1,-1,-1,-1,-1,"D","D","D","D","D","D","d","d","d","D","D","d","d","D","D","d","D","d","D","d","d","d","D","D","d","D","D","d","d","D","D","D","D","D","D","d","D","D","D","D","d","d","d","D","d","d","d","D","d",4.27944473086323
98,44,49,"AA",2,"Bb",1,"Cc",1,1253,1407,-1,-1,-1,1,1,1,1,-1,-1,-1,"d","d","d","D","d","D","d","D","d","D","d","D","d","d","D","d","D","D","D","d","d","d","d","d","D","D","D","d","d","D","D","D","d","d","D","D","d","d","d","d","d","D","d","d","D","d","D","D","d",0.781023787850625
103,44,50,"aa",0,"BB",2,"cc",0,1065,1667,-1,1,1,-1,1,1,1,1,1,-1,"d","D","D","D","D","D","D","d","D","D","D","d","D","d","D","D","d","D","d","D","d","D","D","D","D","D","D","d","d","D","D","D","D","D","d","D","d","D","D","d","d","d","d","d","d","D","d","D","D",-0.972392841979336
103,45,1,"aA",1,"BB",2,"CC",2,418,1374,-1,1,1,1,-1,1,1,1,1,-1,"D","D","D","d","D","D","d","d","D","D","D","D","D","d","d","D","d","D","D","D","D","d","d","d","D","D","D","d","d","D","d","D","D","D","D","D","D","D","d","d","D","d","D","d","d","d","D","d","D",-0.392728144437858
100,45,2,"aA",1,"bb",0,"Cc",1,35,604,1,-1,1,1,1,-1,1,1,-1,-1,"d","D","D","D","D","d","D","d","d","D","d","D","d","d","d","D","d","D","D","D","D","d","d","d","D","D","d","d","d","D","d","d","d","d","D","d","d","d","d","D","d","d","d","D","D","d","d","d","d",-1.01682329511557
101,45,3,"aA",1,"bB",1,"Cc",1,1929,2257,-1,-1,1,1,1,1,1,1,-1,-1,"D","d","d","d","D","d","d","d","d","D","D","D","D","D","D","d","D","D","d","d","D","D","d","D","d","D","d","d","d","D","d","D","D","d","D","d","D","d","D","d","D","d","D","D","d","d","D","d","D",-0.648897903653408
108,45,4,"AA",2,"bb",0,"Cc",1,665,2326,1,1,1,1,1,-1,1,1,-1,-1,"d","D","D","D","D","D","d","d","d","d","d","D","D","d","d","D","d","D","d","d","D","d","d","D","D","D","D","d","D","D","D","D","D","D","D","D","D","D","d","d","D","D","d","d","d","D","d","d","D",4.31440553840026
94,45,5,"AA",2,"BB",2,"cC",1,1141,2231,-1,-1,1,-1,-1,1,-1,-1,1,-1,"D","D","D","d","D","d","d","d","d","D","D","D","D","D","D","d","d","d","D","d","D","d","d","D","D","D","D","D","d","D","d","D","d","d","d","d","D","d","d","d","d","d","d","D","D","d","d","d","d",-1.91854321187275
98,45,6,"aa",0,"BB",2,"cc",0,32,1995,1,-1,-1,-1,-1,1,1,1,1,-1,"d","d","D","D","D","d","D","D","d","d","d","D","d","d","D","d","D","d","D","D","d","D","d","D","D","D","D","d","D","D","D","D","d","D","d","D","D","d","d","D","D","d","d","d","D","D","d","d","d",-1.69128196012468
104,45,7,"aA",1,"Bb",1,"CC",2,74,1106,1,-1,1,1,1,1,1,1,-1,1,"D","d","D","D","D","d","d","d","D","d","D","D","d","d","d","d","d","D","d","D","D","d","d","D","D","D","D","d","d","d","D","d","D","D","D","D","D","d","d","D","D","d","d","D","d","d","D","d","d",-1.2583764109936
100,45,8,"aa",0,"bb",0,"cC",1,268,1631,-1,-1,1,1,1,-1,1,1,-1,-1,"D","D","D","d","D","d","d","d","D","D","D","D","D","d","d","D","D","d","D","d","d","D","D","D","d","D","D","d","D","D","D","d","d","d","D","D","D","D","d","d","d","d","d","d","d","d","d","D","d",0.0797825825976549
100,45,9,"Aa",1,"BB",2,"cC",1,22,968,-1,1,1,-1,1,1,-1,-1,-1,1,"d","D","D","D","D","D","d","d","d","D","d","D","D","D","d","D","d","d","d","d","d","d","D","D","D","D","D","d","d","d","D","D","D","d","D","d","d","d","D","d","D","d","d","d","d","d","D","d","d",0.464194397307107
89,45,10,"Aa",1,"BB",2,"cC",1,1733,1338,-1,-1,-1,-1,-1,-1,1,-1,-1,-1,"D","D","d","D","d","D","D","D","D","D","D","D","D","d","d","D","d","D","D","D","d","d","D","D","d","D","D","d","d","D","D","D","D","D","D","D","d","D","d","d","d","d","D","D","d","D","d","D","d",-2.23019501003754
99,45,11,"AA",2,"bb",0,"cC",1,1854,1539,1,-1,-1,-1,1,1,1,1,-1,-1,"D","D","D","D","D","d","D","d","D","D","D","D","D","D","d","d","D","D","D","D","d","D","D","D","D","D","D","d","d","D","D","d","D","D","d","D","d","D","d","D","d","d","d","D","D","d","d","D","d",-0.0308542815356813
103,45,12,"aa",0,"bB",1,"Cc",1,1033,2487,1,1,1,-1,1,1,1,1,-1,1,"d","D","d","D","d","D","d","d","d","D","d","D","D","d","d","D","d","d","d","d","d","d","d","D","D","D","D","d","d","D","d","d","d","D","d","D","D","d","d","D","d","D","D","d","D","d","d","d","d",-2.99915636399848
100,45,13,"aa",0,"Bb",1,"Cc",1,47,1127,-1,1,1,1,1,1,-1,-1,1,-1,"d","d","d","D","D","d","d","D","D","D","d","D","d","D","d","d","d","D","d","d","D","D","d","D","D","D","D","d","D","D","d","d","d","D","d","D","d","D","D","d","d","d","d","d","d","d","d","D","d",-1.66660309072146
105,45,14,"AA",2,"Bb",1,"CC",2,1550,1943,1,1,1,1,1,1,-1,1,-1,-1,"D","d","D","D","d","d","d","d","D","D","d","D","D","d","D","d","D","D","D","D","D","d","D","d","D","D","D","d","d","D","D","D","D","D","D","D","D","D","d","D","D","d","d","D","d","D","D","D","d",1.4414970020891
97,45,15,"aA",1,"BB",2,"CC",2,1389,195,-1,-1,-1,1,1,1,1,-1,-1,-1,"D","d","d","D","D","D","d","d","d","d","D","d","D","d","d","d","d","D","D","d","d","d","D","D","D","D","D","d","d","D","d","D","D","D","D","d","D","D","d","D","d","d","D","D","d","d","d","D","d",-0.733084382957924
97,45,16,"Aa",1,"bB",1,"cC",1,643,1485,-1,-1,1,-1,1,1,-1,-1,-1,1,"D","D","D","d","D","d","d","d","d","D","d","D","d","d","D","D","D","D","d","D","d","d","D","D","D","D","D","d","d","D","D","D","D","d","D","D","D","D","D","d","D","D","D","D","d","D","d","d","d",-0.244146158477974
100,45,17,"aa",0,"bb",0,"Cc",1,1868,1126,-1,-1,-1,1,-1,-1,1,1,1,1,"d","D","d","D","D","d","D","D","D","d","d","d","D","D","d","D","d","D","d","D","D","d","d","D","D","D","d","d","d","D","d","D","d","D","D","d","D","D","d","d","d","d","d","d","D","D","D","d","d",0.0352732075105663
102,45,18,"AA",2,"BB",2,"CC",2,1945,1845,1,-1,1,1,1,1,1,-1,-1,-1,"d","D","d","D","D","d","d","d","d","D","d","d","D","D","d","d","D","d","d","D","d","D","d","D","d","D","d","d","d","D","D","d","D","D","d","D","D","d","D","D","D","d","D","d","d","D","d","d","D",0.107850221761816
92,45,19,"Aa",1,"BB",2,"CC",2,465,479,-1,-1,-1,-1,-1,-1,-1,-1,-1,-1,"D","d","d","d","D","D","D","d","d","d","D","d","d","d","D","d","d","D","D","d","d","d","D","D","d","D","D","d","D","D","D","D","D","D","d","D","D","d","d","d","d","d","d","d","d","d","d","D","d",2.02996552714946
101,45,20,"Aa",1,"bB",1,"cC",1,107,2391,1,-1,1,1,1,1,1,-1,-1,-1,"D","D","D","D","D","D","d","D","d","d","D","D","D","d","d","D","D","D","d","d","D","D","d","d","D","D","D","d","D","d","d","d","D","D","D","d","d","d","D","D","D","d","d","d","d","d","d","d","D",-0.200269179175521
92,45,21,"aA",1,"bB",1,"cC",1,1717,1027,1,-1,-1,-1,-1,-1,-1,-1,-1,-1,"D","d","D","d","D","d","d","D","D","D","d","D","d","d","d","d","D","D","d","d","d","d","D","D","D","D","D","d","d","d","D","D","D","d","d","d","D","D","d","D","D","d","D","d","D","d","d","d","d",0.571825513835919
102,45,22,"Aa",1,"bB",1,"Cc",1,1448,2295,-1,-1,1,1,-1,1,1,1,1,-1,"D","D","D","D","D","d","d","D","d","D","d","D","d","D","d","d","d","D","D","D","d","d","d","D","D","D","D","d","d","D","D","D","d","d","D","d","D","d","d","d","D","D","d","D","d","d","D","d","D",0.73697245529928
89,45,23,"aa",0,"BB",2,"CC",2,1512,1922,-1,-1,-1,-1,-1,-1,-1,-1,-1,-1,"d","D","d","d","D","d","d","d","d","D","D","d","d","D","d","d","d","D","d","D","d","d","d","D","D","D","D","d","d","D","D","d","D","D","d","d","d","d","D","d","d","d","D","d","d","d","d","d","d",-0.0463272045732144
98,45,24,"AA",2,"Bb",1,"cC",1,179,561,1,-1,1,-1,-1,-1,1,1,-1,-1,"D","D","d","D","d","d","d","d","d","D","D","D","d","d","d","D","D","d","d","d","D","d","D","d","D","D","D","d","d","D","D","D","D","d","d","D","D","D","d","d","d","D","D","d","d","D","d","d","d",0.659898373406975
99,45,25,"Aa",1,"bb",0,"cc",0,879,1772,-1,-1,1,-1,1,1,1,1,-1,-1,"d","d","d","D","d","D","d","d","d","d","d","D","d","d","d","d","d","D","d","d","d","d","D","D","D","D","D","d","d","D","D","d","D","d","D","d","D","d","d","D","D","d","d","d","d","D","d","d","d",-0.123491694708209
97,45,26,"aa",0,"BB",2,"CC",2,578,1266,-1,-1,-1,1,-1,1,1,-1,-1,1,"d","D","d","D","d","d","d","d","d","D","D","D","d","d","D","D","D","D","d","D","d","d","d","D","D","D","D","d","D","D","D","D","d","d","D","d","d","d","D","d","d","D","D","D","d","d","D","d","d",-0.299844201749435
98,45,27,"Aa",1,"BB",2,"cc",0,869,1527,-1,-1,-1,1,-1,1,1,1,-1,-1,"d","D","d","D","D","d","d","d","D","D","D","d","D","d","D","D","D","D","D","d","D","d","D","D","D","d","D","d","d","d","D","d","d","d","D","D","d","D","D","d","D","d","D","d","d","D","D","d","d",0.220201576894713
100,45,28,"aa",0,"bb",0,"Cc",1,799,981,-1,-1,1,1,1,1,1,-1,-1,-1,"d","D","D","D","D","d","d","d","D","D","d","d","D","d","d","D","d","D","d","d","d","D","d","D","D","D","D","d","d","D","D","D","d","d","D","D","D","d","D","d","D","D","d","d","D","d","d","d","d",0.350876029144695
107,45,29,"Aa",1,"BB",2,"cC",1,830,1561,1,1,1,-1,1,1,1,1,1,-1,"D","D","D","D","D","D","d","d","d","D","D","d","D","d","d","D","D","d","D","d","D","D","D","D","D","D","D","d","D","d","D","d","d","D","D","D","d","D","d","D","d","d","d","d","d","d","D","d","d",1.13374027412351
98,45,30,"aa",0,"BB",2,"cc",0,1201,1832,-1,-1,1,1,-1,1,1,1,-1,-1,"d","D","D","d","d","d","d","d","D","d","d","d","d","d","d","d","d","d","D","D","D","d","D","D","D","D","D","d","d","D","d","D","D","d","D","D","D","d","D","d","D","D","d","d","d","d","D","d","d",-1.23459312105422
105,45,31,"AA",2,"bB",1,"cc",0,1583,720,-1,-1,1,1,1,1,1,1,1,-1,"D","D","D","D","D","d","D","d","D","D","D","d","D","D","d","d","d","d","D","d","D","D","D","d","D","D","D","d","d","d","D","D","d","D","D","D","D","d","D","d","D","D","D","d","D","d","D","d","d",1.57211736322992
103,45,32,"aa",0,"bb",0,"cC",1,761,115,-1,1,1,1,1,1,1,1,-1,-1,"d","d","D","D","D","d","d","D","d","D","D","d","D","d","d","D","d","D","d","d","d","d","D","D","D","D","D","D","d","d","d","D","d","D","d","d","D","D","d","D","d","d","D","D","D","D","d","d","d",-0.126082307942418
98,45,33,"Aa",1,"BB",2,"CC",2,2213,94,1,-1,-1,-1,1,1,-1,1,-1,1,"d","D","d","D","D","d","d","d","d","d","D","d","D","d","d","D","D","D","D","D","D","d","d","D","D","D","D","d","d","D","d","D","D","D","d","D","D","d","d","D","d","d","D","d","D","D","d","d","d",-1.14400683666963
100,45,34,"aA",1,"BB",2,"cC",1,2429,1977,1,-1,1,1,1,-1,1,1,-1,-1,"d","d","d","d","D","d","d","d","d","D","D","D","d","d","d","d","d","D","D","d","d","d","d","D","d","D","D","D","d","d","d","d","D","D","d","d","D","d","d","d","D","d","d","D","D","d","d","d","d",-1.28294610038024
95,45,35,"Aa",1,"bb",0,"Cc",1,337,103,1,-1,1,-1,-1,-1,-1,-1,-1,-1,"d","D","d","D","D","d","d","D","d","D","D","D","D","d","d","D","D","D","D","D","d","D","D","D","D","D","D","d","d","D","D","D","D","D","D","d","D","d","D","D","D","d","D","d","D","d","D","D","d",1.97841173708247
91,45,36,"Aa",1,"Bb",1,"Cc",1,1662,654,-1,-1,-1,-1,-1,-1,-1,-1,-1,-1,"D","D","d","D","D","D","d","D","D","D","d","D","D","d","d","d","d","d","D","D","D","d","D","D","D","D","D","d","d","d","D","D","D","D","D","D","D","d","d","d","d","d","D","D","d","d","D","d","D",1.06528954007674
104,45,37,"AA",2,"Bb",1,"CC",2,48,1608,1,1,1,1,1,-1,1,1,-1,-1,"d","D","D","D","D","d","D","d","d","d","d","d","D","D","d","d","D","D","D","d","D","D","D","d","D","D","D","d","D","d","D","D","d","D","D","D","D","D","d","d","d","D","d","d","d","D","d","d","d",0.786602987285561
98,45,38,"aA",1,"bb",0,"Cc",1,868,1080,-1,-1,-1,1,1,1,-1,1,-1,-1,"d","D","D","d","D","d","d","d","D","D","d","d","D","D","d","d","D","d","D","d","D","d","d","D","D","D","D","d","d","d","d","d","D","D","D","d","d","d","d","d","D","d","d","d","D","D","D","d","d",0.605574337608332
101,45,39,"aA",1,"bb",0,"cC",1,350,1956,-1,1,1,-1,1,1,-1,1,1,-1,"d","d","d","d","D","D","d","D","d","D","D","D","d","d","D","d","d","D","D","d","d","d","D","D","D","D","D","d","d","D","d","d","d","d","D","D","D","D","d","d","d","D","d","d","d","D","d","d","D",-0.709883953423957
99,45,40,"aa",0,"Bb",1,"CC",2,1760,2484,-1,1,-1,1,1,1,-1,-1,1,-1,"d","D","d","D","D","d","d","D","d","D","d","D","D","d","D","D","D","d","D","D","D","D","D","D","D","D","D","d","d","d","D","D","d","D","d","D","d","D","D","D","D","d","D","d","d","d","d","d","d",-0.0108907223836786
99,45,41,"aA",1,"bb",0,"CC",2,1040,1891,-1,-1,1,-1,1,-1,1,1,-1,1,"D","D","D","D","D","D","d","d","d","D","D","d","d","D","d","d","D","D","D","d","D","d","D","D","D","D","D","d","d","D","d","D","d","D","D","d","D","d","d","d","D","D","D","d","d","d","d","d","d",-0.92267270715597
91,45,42,"Aa",1,"Bb",1,"CC",2,1423,475,-1,-1,-1,-1,-1,-1,-1,1,-1,-1,"d","D","D","D","D","d","d","D","d","D","D","D","d","D","D","D","d","d","D","d","d","d","d","D","D","D","D","D","d","D","D","D","d","D","D","d","D","D","d","d","d","D","d","d","d","d","d","D","d",-0.873591768076529
98,45,43,"aA",1,"BB",2,"Cc",1,2254,450,-1,-1,-1,1,-1,1,1,1,-1,-1,"D","D","D","D","D","d","D","d","d","d","D","d","D","d","D","D","d","d","d","d","d","d","d","D","D","D","D","d","d","d","D","D","D","D","D","d","D","D","d","D","D","d","d","d","d","D","d","d","d",0.180537676833075
104,45,44,"AA",2,"Bb",1,"CC",2,1476,1598,-1,-1,1,1,1,1,1,1,1,-1,"d","d","d","D","D","D","D","D","d","D","D","d","d","d","d","d","D","d","d","d","D","d","D","D","D","D","D","d","d","D","D","D","D","D","D","d","D","d","D","d","D","D","D","D","d","D","d","D","d",0.875253221489215
90,45,46,"aA",1,"bB",1,"cC",1,369,2052,-1,-1,-1,-1,-1,-1,-1,-1,-1,-1,"d","D","d","D","D","D","d","d","d","D","D","D","d","D","D","d","d","D","D","d","D","D","D","D","D","D","D","D","d","d","d","D","D","d","D","d","D","d","D","D","d","D","d","d","d","d","D","d","d",0.611109256999829
99,45,47,"aa",0,"BB",2,"Cc",1,2248,1962,-1,1,1,1,-1,-1,-1,1,-1,-1,"d","d","D","D","D","D","d","D","d","D","D","D","D","D","d","d","d","d","d","d","D","d","d","D","D","d","D","d","d","D","D","d","d","d","D","d","D","D","d","d","D","d","d","d","d","d","D","d","d",1.72093396409609
102,45,48,"Aa",1,"BB",2,"cc",0,1984,1026,-1,1,-1,1,-1,1,1,1,-1,1,"d","D","d","D","D","d","D","d","d","D","d","d","d","d","D","D","d","d","D","d","D","d","D","d","D","d","D","d","d","D","D","D","d","d","D","D","D","d","D","d","d","D","d","D","d","d","d","d","D",0.569529131626822
100,45,49,"Aa",1,"bB",1,"CC",2,1485,1450,-1,-1,-1,1,1,-1,1,1,1,1,"d","D","D","D","D","d","D","d","D","D","D","D","D","d","d","D","d","d","D","D","D","D","d","D","D","D","D","D","d","d","D","D","D","D","D","D","D","d","D","D","D","d","d","d","d","d","D","d","D",-1.60428393557111
101,45,50,"Aa",1,"bb",0,"cc",0,969,1134,-1,-1,-1,1,1,1,1,1,1,1,"D","D","D","D","D","d","d","d","d","d","d","D","D","D","D","D","D","D","d","d","d","d","d","D","D","D","D","d","d","D","D","d","D","D","D","D","D","d","d","D","D","d","D","d","D","D","d","d","d",-2.04155461852403
98,46,1,"Aa",1,"bB",1,"CC",2,1747,1819,-1,1,-1,1,-1,1,1,1,-1,-1,"d","D","d","D","D","D","d","d","d","d","D","d","d","d","D","d","D","D","D","d","D","D","D","d","D","D","D","d","d","D","d","D","D","d","d","D","d","D","d","d","D","D","D","d","d","D","d","d","D",-1.1350182992119
97,46,2,"aA",1,"BB",2,"CC",2,496,1625,1,-1,-1,1,1,-1,-1,1,-1,-1,"D","d","d","D","D","D","d","D","D","D","d","d","d","d","d","d","D","D","D","D","d","d","d","D","D","D","D","d","d","d","d","D","d","d","d","D","D","d","D","d","D","D","D","d","d","D","d","D","d",-0.629661802171721
96,46,3,"AA",2,"bB",1,"CC",2,657,2325,1,-1,-1,1,-1,-1,1,-1,-1,-1,"d","d","D","D","D","d","D","d","d","D","D","d","d","d","d","d","d","D","D","D","D","d","d","D","D","D","D","d","d","d","D","D","D","D","D","d","D","d","D","d","D","D","D","d","D","d","d","D","d",0.827268493257565
106,46,4,"aa",0,"bB",1,"Cc",1,2457,1992,1,1,1,1,1,1,1,1,-1,1,"D","D","D","D","D","d","d","d","d","d","d","D","D","D","d","d","d","D","D","D","d","d","d","D","D","D","D","d","d","D","D","d","d","D","D","D","D","d","D","d","D","d","d","D","D","D","d","d","D",-1.31411566185972
106,46,5,"aa",0,"bb",0,"cC",1,2354,1639,1,-1,-1,1,1,1,1,1,1,1,"d","d","D","D","D","d","D","d","d","d","d","D","D","d","d","D","d","d","D","d","D","d","d","D","D","D","D","d","d","d","D","D","D","D","D","D","D","d","D","D","d","D","D","d","d","D","D","d","d",0.719708769293636
91,46,6,"aA",1,"bb",0,"cc",0,2463,1456,-1,-1,-1,-1,-1,-1,1,-1,-1,-1,"d","d","D","d","D","d","d","d","D","D","D","D","d","d","d","D","d","D","D","D","d","d","d","D","D","D","D","D","d","d","D","D","d","D","D","D","D","D","d","D","D","d","d","d","D","d","d","D","D",-0.793077761274654
98,46,7,"aa",0,"BB",2,"cc",0,2159,818,-1,1,1,-1,1,1,-1,-1,-1,-1,"D","D","D","D","D","d","d","d","d","D","d","D","d","D","d","D","d","D","D","D","D","D","d","D","D","D","D","d","d","d","D","d","d","D","D","D","D","d","D","d","d","d","d","d","d","d","d","D","d",0.276196505377346
98,46,8,"aa",0,"Bb",1,"cC",1,1647,1427,1,-1,-1,1,1,1,-1,-1,1,-1,"D","D","D","D","D","d","d","D","d","D","D","d","d","d","d","d","d","D","D","d","d","d","D","D","D","D","D","d","d","D","D","D","d","D","D","D","d","D","D","D","d","d","D","d","D","d","D","D","d",-1.72722846865957
95,46,9,"aA",1,"bB",1,"cc",0,566,2264,-1,-1,1,-1,-1,-1,-1,1,-1,-1,"d","D","d","D","d","D","d","d","d","d","D","D","D","d","d","d","D","D","D","d","D","d","D","D","D","D","D","D","d","D","D","d","d","D","D","D","D","D","D","d","d","d","d","d","D","d","d","d","d",1.27197340384191
101,46,10,"aA",1,"Bb",1,"Cc",1,2253,1777,1,-1,-1,1,1,1,1,1,-1,1,"d","D","d","D","D","D","d","d","d","d","d","D","d","D","d","d","d","d","D","D","D","d","d","D","D","d","D","d","d","D","D","d","d","D","D","d","D","D","d","d","d","d","d","D","d","d","d","d","d",-2.0606400932012
94,46,11,"Aa",1,"BB",2,"cc",0,1884,1562,-1,-1,-1,1,1,-1,1,-1,-1,-1,"D","D","d","D","D","D","D","d","D","D","D","D","D","D","d","d","d","D","D","D","D","d","d","D","D","D","D","d","D","D","D","D","d","D","D","D","D","d","D","d","D","d","d","d","d","d","D","d","d",-1.59384339838532
91,46,12,"aa",0,"bB",1,"CC",2,2254,142,-1,-1,-1,-1,-1,-1,1,-1,-1,-1,"d","D","D","D","D","d","D","D","d","D","D","d","D","D","D","D","D","d","D","d","D","d","D","D","D","D","D","d","d","D","d","D","D","D","d","d","D","D","d","D","d","d","d","d","d","d","d","d","D",-0.928965287661403
98,46,13,"aA",1,"bB",1,"cC",1,2367,195,1,-1,-1,1,1,1,1,-1,-1,-1,"D","D","d","D","d","d","d","D","d","D","D","d","D","d","d","d","d","D","D","D","D","d","d","D","D","D","D","d","d","D","d","D","D","d","D","D","D","D","d","D","d","d","d","D","D","D","d","D","d",-1.02966253127442
100,46,14,"AA",2,"bB",1,"CC",2,1364,71,1,-1,-1,1,1,-1,1,1,-1,1,"D","D","D","D","D","d","d","d","d","D","d","d","D","d","D","D","d","D","D","d","d","d","D","D","D","d","D","d","d","d","d","D","D","d","D","D","D","d","D","D","D","d","d","D","d","D","d","D","d",-1.5139782074298
98,46,15,"aA",1,"Bb",1,"cc",0,191,762,-1,-1,1,1,1,1,1,1,-1,-1,"D","D","d","D","D","d","D","d","d","D","D","d","D","D","d","d","d","d","d","d","d","D","d","D","D","D","D","d","d","d","D","d","D","D","D","D","D","d","D","D","D","D","d","D","d","d","d","d","d",-3.4410826780899
105,46,16,"Aa",1,"BB",2,"Cc",1,309,1685,1,1,1,1,1,-1,-1,1,1,1,"D","D","D","D","D","d","d","D","d","D","d","d","D","d","d","d","d","D","D","d","d","D","D","D","D","D","D","d","d","D","D","D","d","D","d","D","D","d","d","D","d","D","d","D","d","d","D","d","D",-0.831342478302023
96,46,17,"aa",0,"bb",0,"cC",1,1763,1152,1,-1,-1,-1,1,-1,-1,1,-1,-1,"D","D","d","D","d","D","d","d","d","D","d","d","D","d","D","D","d","D","D","D","D","d","d","D","D","D","D","D","d","D","D","d","d","d","D","D","D","D","D","D","d","D","D","D","d","D","D","d","d",0.152887410848357
97,46,18,"aa",0,"BB",2,"Cc",1,58,1696,-1,-1,-1,-1,1,1,-1,1,1,-1,"d","D","D","D","D","d","D","d","d","D","D","D","D","d","d","d","d","d","d","D","D","d","d","d","D","D","D","d","d","d","D","D","D","D","D","d","D","d","D","D","d","D","D","d","d","d","d","d","d",-0.108777272129715
101,46,19,"aA",1,"bb",0,"CC",2,1564,2241,1,-1,1,1,1,-1,-1,1,-1,-1,"D","D","d","d","d","d","D","D","d","D","d","D","d","d","D","D","D","D","D","D","D","D","d","d","d","D","D","d","d","D","d","d","d","d","d","D","D","d","d","D","d","D","D","d","D","D","D","d","d",1.78927917127797
97,46,20,"aa",0,"bB",1,"cC",1,2147,2284,1,-1,1,-1,1,-1,-1,-1,-1,-1,"D","D","D","D","D","d","d","d","D","D","D","d","d","D","d","D","D","D","D","d","d","D","D","D","D","D","D","d","d","D","D","D","D","D","d","D","D","D","D","d","D","d","d","d","d","d","d","d","D",1.25897561307836
103,46,21,"aA",1,"BB",2,"cc",0,1779,53,1,-1,1,1,1,1,1,1,-1,1,"D","D","D","D","D","D","D","D","d","D","d","d","d","d","d","D","d","d","D","D","d","d","d","D","D","D","D","d","d","d","D","D","D","d","D","d","D","d","D","d","D","d","d","d","d","d","d","D","d",-2.34437490175449
92,46,22,"AA",2,"bB",1,"cC",1,367,924,1,-1,-1,-1,-1,-1,-1,-1,-1,-1,"D","D","D","d","D","d","D","d","d","D","D","D","D","d","d","d","D","D","D","D","D","D","d","D","D","d","D","d","d","d","D","d","d","d","D","d","D","D","D","d","D","d","D","d","D","D","d","d","d",0.88831642540385
91,46,23,"aa",0,"bb",0,"CC",2,2439,1290,-1,-1,-1,-1,-1,-1,-1,-1,-1,-1,"D","D","D","D","D","d","D","d","d","D","D","D","d","D","d","d","d","D","d","D","D","d","D","d","D","D","D","d","D","D","D","D","D","d","d","D","d","d","D","D","D","D","D","D","d","d","d","d","d",1.40918245238927
100,46,24,"aA",1,"Bb",1,"Cc",1,2391,367,-1,-1,1,1,1,-1,1,1,-1,-1,"d","D","d","D","d","D","d","d","d","D","D","D","d","d","d","D","d","d","D","D","D","d","D","D","D","D","D","d","d","d","d","D","D","d","D","D","D","D","D","D","d","d","d","d","d","D","d","D","d",0.351358993758438
90,46,25,"aA",1,"BB",2,"cC",1,572,1077,-1,-1,-1,-1,-1,-1,-1,-1,-1,-1,"D","d","D","d","D","D","D","D","d","d","D","d","D","d","d","d","d","d","D","d","d","d","d","d","D","D","D","d","d","D","D","D","d","D","d","D","D","D","D","D","D","d","d","d","d","d","d","d","d",0.0798233058812206
100,46,26,"aa",0,"BB",2,"Cc",1,870,671,-1,1,-1,-1,1,-1,1,1,-1,1,"D","d","D","D","D","d","D","D","D","D","D","D","D","d","D","D","d","D","D","d","D","d","D","D","D","D","D","d","d","D","d","d","D","D","D","d","D","D","d","D","D","D","d","D","D","D","d","d","d",0.230205061983222
100,46,27,"Aa",1,"Bb",1,"Cc",1,560,1037,-1,-1,1,1,-1,1,-1,1,1,-1,"d","D","D","d","D","d","d","D","D","d","D","d","D","D","d","d","D","D","D","D","d","D","D","D","d","D","D","D","d","D","D","d","d","D","d","D","D","D","D","D","D","D","D","d","d","D","d","D","d",0.303835528532648
96,46,28,"aa",0,"bb",0,"cC",1,1820,1430,-1,-1,-1,1,1,-1,-1,1,1,-1,"d","D","D","D","D","d","D","d","D","D","D","D","D","d","D","D","d","D","D","D","d","d","D","D","d","D","D","d","D","D","d","d","d","D","D","D","D","D","d","d","D","d","D","D","D","d","D","d","d",-1.12124056996629
106,46,29,"aA",1,"bb",0,"cC",1,2484,1009,1,1,1,1,1,1,1,1,-1,-1,"d","D","D","D","d","d","D","d","d","d","D","D","D","D","d","D","d","D","D","d","d","D","d","D","D","D","D","d","d","d","D","D","D","D","D","d","D","D","D","D","d","D","d","d","d","d","d","d","d",0.981208473393716
93,46,30,"aa",0,"BB",2,"cc",0,1459,1638,-1,-1,-1,1,-1,-1,-1,-1,-1,1,"D","D","D","D","D","d","d","d","d","D","d","d","D","D","d","d","d","D","D","d","D","d","D","d","D","D","D","d","d","d","d","D","d","D","D","D","D","d","d","d","D","d","D","D","d","D","D","d","D",-0.411111120898309
97,46,31,"aa",0,"bB",1,"CC",2,487,1819,1,1,-1,1,-1,-1,-1,1,-1,-1,"d","D","d","D","D","d","d","d","D","D","D","D","d","D","d","d","D","D","D","D","d","d","D","d","D","D","D","d","D","D","D","D","D","D","d","D","d","d","d","d","D","D","d","d","D","d","d","d","D",-0.0814699468357223
94,46,32,"aA",1,"Bb",1,"CC",2,2067,2357,-1,-1,-1,-1,-1,1,-1,1,-1,-1,"d","D","d","D","d","D","d","d","d","D","D","D","D","d","d","D","d","D","D","d","D","d","D","D","D","D","D","D","d","d","d","D","d","D","D","D","d","d","d","d","d","d","d","D","D","d","D","d","d",0.0970406899685902
101,46,33,"Aa",1,"BB",2,"CC",2,1253,801,-1,1,1,-1,1,1,1,1,-1,-1,"d","d","d","D","D","D","D","d","d","D","d","D","d","d","d","d","D","D","d","d","D","d","d","d","d","D","D","d","d","D","D","D","d","D","d","D","D","d","D","d","D","D","D","D","d","D","d","d","d",-0.517280497275177
106,46,34,"Aa",1,"bb",0,"cC",1,2229,328,1,-1,1,1,1,1,1,1,-1,1,"D","d","d","D","D","d","d","D","d","D","D","D","D","d","d","d","d","D","D","d","D","d","d","D","D","D","D","d","d","D","d","D","D","D","D","d","d","d","d","d","d","D","d","d","d","d","d","d","d",0.0116655738049143
97,46,35,"aa",0,"BB",2,"cC",1,959,2022,-1,-1,1,-1,1,1,1,-1,-1,-1,"d","D","D","D","D","d","d","d","d","D","D","d","D","d","d","d","d","D","D","d","d","d","d","D","D","D","D","d","d","D","D","D","d","D","d","D","d","d","D","D","d","D","D","d","d","d","d","d","D",-0.868692993797064
98,46,36,"aa",0,"Bb",1,"cC",1,1666,1564,-1,1,-1,1,1,1,-1,-1,-1,-1,"d","D","D","D","D","d","d","d","d","D","D","D","D","d","D","d","D","D","D","D","D","d","d","d","D","D","D","D","d","D","D","D","d","D","d","d","D","d","d","D","D","D","d","d","d","D","D","D","d",0.21393572378124
101,46,37,"aA",1,"BB",2,"cC",1,1835,802,1,-1,-1,1,-1,1,1,1,-1,-1,"D","d","d","D","D","d","d","D","d","d","d","d","D","d","d","D","d","D","D","D","d","D","D","D","D","D","D","d","d","D","D","d","d","d","D","D","D","D","D","d","d","d","d","d","D","d","d","d","d",1.34317561398208
97,46,38,"Aa",1,"Bb",1,"CC",2,851,1716,1,-1,-1,-1,1,1,1,-1,-1,-1,"d","D","D","D","D","D","d","d","d","D","d","D","d","d","d","D","d","d","d","d","D","d","D","D","D","D","D","D","d","d","D","d","D","D","D","d","d","d","d","D","d","d","d","D","D","D","d","d","d",-0.381838464680618
97,46,39,"aa",0,"BB",2,"Cc",1,481,187,-1,1,1,-1,1,-1,-1,-1,-1,-1,"d","D","d","D","D","D","D","D","d","D","d","d","d","d","d","d","D","D","D","d","D","d","d","D","D","D","D","D","d","d","D","D","D","D","D","D","d","d","d","D","d","d","D","D","D","d","d","d","d",1.01883455183964
93,46,40,"AA",2,"bb",0,"CC",2,2281,1124,-1,-1,1,-1,-1,-1,-1,-1,-1,-1,"d","d","D","D","D","d","d","d","d","D","D","D","D","d","D","D","d","d","d","d","d","d","D","d","D","D","D","d","d","d","d","D","D","D","D","D","D","D","d","d","D","d","D","D","d","D","d","d","D",1.11225756013237
95,46,41,"AA",2,"bB",1,"cC",1,2197,1015,-1,-1,1,-1,1,1,-1,-1,-1,-1,"d","D","D","D","d","D","d","D","d","D","D","D","D","D","d","D","d","D","D","D","d","d","d","D","D","D","D","D","d","D","D","D","d","D","D","D","d","D","d","D","d","d","d","d","D","d","d","D","d",-0.849919961237678
98,46,42,"aA",1,"BB",2,"CC",2,731,1931,1,1,-1,1,1,1,-1,-1,-1,-1,"d","D","D","D","D","d","d","d","d","D","d","d","D","d","D","D","d","d","D","d","D","d","d","D","D","D","D","d","d","D","d","d","d","d","d","d","D","d","d","d","D","d","d","d","d","d","d","d","d",-1.15510278029451
96,46,43,"Aa",1,"bb",0,"cc",0,1359,1161,1,-1,1,-1,1,-1,-1,-1,-1,-1,"d","d","d","d","D","D","D","d","d","D","D","d","D","d","D","d","d","D","d","D","d","d","D","D","D","D","D","d","d","D","d","d","D","D","D","D","D","D","d","D","d","d","d","D","d","d","d","d","d",0.798551801790904
99,46,44,"AA",2,"BB",2,"CC",2,1327,458,-1,-1,-1,1,1,1,1,1,-1,-1,"d","D","D","D","D","D","d","d","d","D","D","D","D","D","d","D","D","D","d","d","d","d","D","D","d","D","D","d","d","D","D","d","D","D","D","D","d","D","d","d","d","d","d","d","d","d","d","d","d",-0.356856517585458
103,46,45,"aa",0,"Bb",1,"Cc",1,256,775,-1,1,1,1,1,1,1,1,-1,-1,"D","D","D","D","D","d","d","d","D","D","d","D","D","d","d","d","D","D","D","d","d","d","D","D","d","d","D","D","D","D","D","D","D","d","D","D","D","D","D","d","d","d","d","D","d","d","d","D","d",-0.38251454826876
95,46,47,"AA",2,"bB",1,"cc",0,1070,2482,-1,-1,-1,-1,1,-1,-1,1,-1,-1,"d","D","D","D","D","D","d","D","d","d","D","d","D","d","d","d","d","d","D","d","d","d","d","D","D","D","D","d","d","D","D","d","D","D","D","d","D","d","d","D","d","d","d","d","d","d","d","D","d",1.8311428662237
89,46,48,"Aa",1,"BB",2,"CC",2,2173,2187,-1,-1,-1,-1,-1,-1,-1,-1,-1,-1,"D","D","d","D","D","d","d","D","d","d","d","d","d","D","d","d","d","D","d","d","D","d","d","D","D","D","D","d","d","D","D","d","D","d","d","D","d","d","d","d","d","d","d","d","d","d","d","d","d",-0.190939511872097
98,46,49,"Aa",1,"BB",2,"Cc",1,1669,52,1,1,-1,-1,-1,1,1,-1,-1,-1,"d","d","D","D","D","d","d","d","d","d","D","D","D","d","D","d","D","d","D","D","D","D","D","D","D","D","D","d","d","d","d","d","D","D","D","D","d","d","D","d","d","D","D","d","d","d","d","D","d",0.548415565608236
96,46,50,"AA",2,"BB",2,"cC",1,756,260,-1,-1,-1,1,1,1,-1,1,-1,-1,"D","D","D","d","D","d","d","d","D","D","d","D","D","d","D","D","d","D","d","D","D","d","d","D","D","D","D","d","d","D","d","D","d","D","d","d","D","d","d","D","d","d","d","d","D","d","d","D","d",-1.54382362434665
101,47,1,"AA",2,"Bb",1,"CC",2,1704,846,-1,-1,1,-1,1,1,1,1,-1,-1,"D","D","D","D","D","d","d","d","d","d","D","d","D","D","d","D","D","D","D","d","d","d","D","d","D","D","D","d","D","D","D","D","D","d","D","d","D","d","d","D","D","D","d","D","d","d","D","D","d",1.52660049139663
101,47,2,"AA",2,"BB",2,"CC",2,1625,1963,-1,1,1,1,-1,1,1,1,-1,-1,"d","d","d","d","D","d","d","D","d","d","D","d","d","d","d","D","D","D","d","D","d","d","D","D","D","D","D","d","d","d","D","d","D","D","d","D","D","d","d","D","d","D","D","d","d","d","D","d","D",-0.225817024952657
101,47,3,"Aa",1,"Bb",1,"CC",2,2010,1678,1,-1,1,-1,-1,1,1,1,-1,-1,"d","D","d","D","D","D","d","D","d","d","D","d","d","d","D","D","d","D","D","D","d","d","D","D","D","D","D","d","d","D","D","d","D","D","D","d","d","d","D","d","d","d","D","d","D","d","d","d","d",1.16337910198567
101,47,4,"Aa",1,"BB",2,"cC",1,715,126,1,-1,1,-1,1,1,1,-1,-1,1,"d","d","d","d","D","d","D","D","d","D","d","D","d","d","d","D","d","D","d","d","d","D","d","D","D","d","D","d","d","d","D","D","d","d","d","d","D","d","d","D","d","d","d","d","d","D","D","d","d",-0.0577238053921701
92,47,5,"Aa",1,"Bb",1,"cC",1,329,2001,-1,-1,-1,-1,-1,-1,1,-1,-1,-1,"d","d","d","D","D","D","D","d","D","d","d","d","D","d","D","D","d","D","D","d","d","d","d","D","D","D","D","d","d","D","D","d","D","D","d","D","D","D","D","D","D","d","D","D","d","D","d","d","d",0.699837093901772
91,47,6,"aa",0,"bB",1,"cC",1,1294,1736,-1,1,-1,-1,-1,-1,-1,-1,-1,-1,"D","D","d","D","D","d","d","D","d","D","d","d","d","d","d","d","d","D","D","D","D","d","D","D","D","d","D","d","d","d","D","d","D","D","D","d","D","d","D","D","d","d","D","D","d","d","d","d","d",-0.415631187982827
98,47,7,"aA",1,"BB",2,"cc",0,2271,577,1,-1,-1,1,-1,1,1,-1,-1,-1,"D","D","D","d","d","D","d","d","d","d","d","d","d","d","d","D","D","D","d","D","d","D","d","D","d","D","D","D","d","d","D","D","D","d","D","D","d","D","D","D","D","D","d","d","d","d","d","d","d",0.0362706730080795
101,47,8,"Aa",1,"Bb",1,"cc",0,2338,2354,1,1,1,-1,1,1,1,1,-1,-1,"D","D","d","D","D","D","D","d","d","d","d","d","D","d","d","d","d","d","D","D","d","d","d","D","D","D","D","d","d","d","d","D","d","D","D","d","D","d","d","d","D","D","d","d","d","d","D","d","d",-2.05159507929966
99,47,9,"aa",0,"BB",2,"CC",2,524,2015,-1,1,1,-1,-1,1,1,1,-1,-1,"D","D","D","d","d","d","D","d","d","D","D","D","d","d","d","D","D","D","D","D","d","D","D","D","D","D","D","d","d","d","d","d","D","D","d","d","D","D","d","d","d","d","D","D","D","D","d","d","D",-0.861373125513705
94,47,10,"aa",0,"BB",2,"Cc",1,373,1651,-1,-1,-1,-1,1,-1,1,-1,-1,-1,"d","D","d","D","D","d","D","d","d","D","d","D","d","d","D","D","D","D","D","d","d","D","D","D","D","d","D","d","d","d","D","D","D","D","d","D","d","D","D","D","d","D","d","d","d","d","d","D","D",0.401404684292188
101,47,11,"Aa",1,"bb",0,"cc",0,626,1134,1,-1,1,-1,1,1,1,1,-1,1,"D","d","D","D","D","d","d","D","d","D","d","d","d","d","D","D","D","d","d","d","d","d","D","D","D","D","D","d","d","D","D","d","D","D","D","D","D","D","D","D","D","D","d","d","D","d","d","d","d",-2.80593589119618
91,47,12,"aA",1,"Bb",1,"cc",0,2185,2299,-1,-1,-1,-1,-1,-1,-1,1,-1,-1,"d","d","d","D","D","D","d","D","d","D","D","d","d","d","D","d","d","D","d","d","D","d","D","D","d","D","d","d","d","D","D","D","D","D","D","D","d","D","D","d","d","d","D","d","d","d","D","d","D",-0.281287467934835
95,47,13,"Aa",1,"bB",1,"cC",1,2197,2090,-1,-1,1,1,1,1,-1,-1,-1,-1,"D","D","D","d","D","D","D","d","d","D","D","D","D","D","d","d","d","D","D","D","D","d","D","D","D","D","D","d","d","D","d","D","d","D","D","D","D","D","d","D","D","D","d","d","d","D","d","d","d",-2.36685441331481
106,47,14,"Aa",1,"bB",1,"cC",1,510,765,1,1,1,1,1,1,-1,1,-1,1,"d","D","d","D","D","D","D","d","d","D","D","d","D","D","D","d","d","d","d","D","D","D","d","D","D","D","D","d","d","D","d","D","D","D","D","D","D","D","d","d","D","d","d","d","d","D","d","d","D",0.569757508417654
97,47,15,"AA",2,"BB",2,"CC",2,1912,157,-1,-1,1,1,1,1,1,-1,-1,-1,"D","d","D","D","D","d","D","d","d","d","D","D","D","d","d","D","d","D","D","D","d","d","D","D","d","D","D","d","D","D","d","D","d","D","D","D","D","d","D","D","d","d","D","D","D","D","d","d","D",-2.10404601368932
94,47,16,"aa",0,"BB",2,"cc",0,2308,214,-1,-1,-1,1,1,-1,1,-1,-1,-1,"D","D","d","D","d","D","d","d","D","d","D","D","d","d","D","D","D","D","D","d","D","D","d","D","D","D","d","d","D","D","d","d","D","D","D","D","D","d","d","D","d","d","d","d","d","d","d","d","D",-1.32353024082902
100,47,17,"AA",2,"bB",1,"cC",1,758,983,-1,-1,1,1,1,1,1,-1,-1,-1,"d","D","D","D","d","d","d","D","d","D","d","d","D","d","D","D","d","D","D","D","d","D","D","D","D","D","D","d","d","D","d","D","D","d","D","d","D","D","d","d","d","d","d","D","d","d","d","d","d",0.481374621864564
95,47,18,"AA",2,"bb",0,"cc",0,2493,1584,1,-1,1,-1,1,-1,-1,-1,-1,-1,"D","D","D","D","D","d","d","d","D","D","D","d","d","D","d","d","d","D","D","d","D","D","D","D","D","D","D","d","d","d","D","D","D","D","d","d","D","D","d","D","D","d","d","D","d","D","D","D","d",-0.0492269510413675
99,47,19,"AA",2,"bb",0,"cc",0,1359,472,1,-1,1,1,1,-1,-1,1,-1,-1,"d","d","D","D","D","D","d","d","d","D","D","d","d","d","d","d","D","D","D","D","d","d","d","D","D","D","D","d","d","D","d","D","D","D","D","D","d","D","D","d","D","d","D","D","d","D","d","D","D",-0.494228019418964
95,47,20,"AA",2,"bB",1,"CC",2,1755,1283,-1,-1,-1,-1,-1,1,1,1,-1,-1,"D","D","d","D","D","D","D","d","d","d","D","d","D","d","d","D","d","D","d","d","D","d","d","D","D","D","d","d","d","D","d","d","d","D","D","d","D","D","d","d","d","D","d","D","d","D","d","d","d",-0.658588078898744
95,47,21,"aA",1,"Bb",1,"CC",2,1684,1502,-1,-1,-1,-1,-1,-1,1,1,-1,-1,"D","d","D","D","D","d","d","d","d","D","D","d","D","D","d","d","D","D","d","d","D","D","D","D","d","D","D","d","d","d","D","D","D","D","d","D","d","d","d","d","d","d","D","d","D","d","d","d","d",1.00881941152651
109,47,22,"aA",1,"bb",0,"cC",1,2126,596,1,1,-1,1,1,1,1,1,1,-1,"D","D","D","d","D","d","D","D","d","D","D","D","D","d","d","D","d","D","D","D","d","D","d","D","D","D","D","d","d","d","D","D","d","D","D","D","d","d","D","D","D","d","d","D","d","D","d","d","d",3.28815962008692
100,47,23,"Aa",1,"Bb",1,"Cc",1,810,1196,-1,-1,1,1,1,-1,1,1,1,-1,"D","D","D","d","D","D","D","d","d","D","D","D","d","D","D","d","d","D","D","d","D","D","d","d","D","D","D","d","d","d","D","d","D","D","D","d","d","D","d","d","D","D","d","D","D","D","d","d","D",-1.29973201628774
99,47,24,"AA",2,"bb",0,"cc",0,1978,1693,-1,1,1,-1,1,1,-1,1,-1,-1,"d","D","D","D","D","d","D","d","d","d","d","D","D","D","d","D","d","D","d","d","d","D","d","D","D","D","D","d","d","d","d","d","d","D","D","d","d","d","d","D","d","d","D","d","D","d","D","d","d",-0.391633112671225
90,47,25,"Aa",1,"BB",2,"CC",2,2010,2471,-1,-1,-1,-1,-1,-1,-1,1,-1,-1,"D","D","d","D","D","D","d","D","D","d","d","D","D","d","D","d","D","D","D","D","D","d","d","d","d","D","D","d","d","D","D","d","d","D","D","D","D","D","d","d","d","d","d","d","d","d","d","d","d",-1.36386670931419
100,47,26,"Aa",1,"Bb",1,"CC",2,1138,38,1,-1,-1,1,1,1,1,1,-1,-1,"D","D","d","D","D","d","d","d","d","d","D","D","D","d","D","D","D","d","D","d","d","D","d","D","D","D","D","d","d","d","d","D","D","D","D","d","d","D","D","D","D","d","D","D","d","D","D","d","d",-1.1984096117576
104,47,27,"aA",1,"BB",2,"cC",1,2196,887,1,1,1,1,1,1,1,1,-1,-1,"D","d","d","D","D","D","d","d","d","d","D","d","d","d","D","D","D","D","D","d","D","d","d","D","d","D","D","d","d","D","D","d","D","D","D","D","D","D","d","D","d","D","D","d","D","D","D","D","d",-1.18679772358225
96,47,28,"Aa",1,"Bb",1,"CC",2,1122,113,-1,-1,-1,-1,-1,1,-1,1,-1,-1,"D","D","d","D","d","d","d","d","d","D","D","D","D","d","D","D","d","D","d","d","D","D","D","D","D","D","D","d","d","D","D","d","d","D","d","D","d","d","D","d","d","d","D","D","d","d","d","d","d",2.66932063929684
98,47,29,"aA",1,"Bb",1,"CC",2,1603,2083,-1,1,-1,-1,-1,-1,1,1,1,-1,"D","d","D","D","D","d","D","d","d","D","d","D","D","D","d","D","d","D","D","d","d","D","d","D","D","D","D","d","d","D","d","d","d","d","D","d","D","d","d","d","D","d","d","d","D","d","D","d","d",0.831929128783346
90,47,30,"aA",1,"BB",2,"cc",0,1443,1242,-1,-1,-1,-1,-1,1,-1,-1,-1,-1,"d","D","d","D","D","d","d","D","d","d","d","D","D","d","d","D","d","D","D","D","D","D","d","d","D","D","D","D","d","d","d","D","D","d","D","D","d","D","d","D","d","d","D","D","d","d","D","d","d",-1.04329234403462
98,47,31,"Aa",1,"Bb",1,"CC",2,1416,1132,1,-1,-1,1,1,-1,1,1,-1,-1,"d","D","D","D","D","D","d","d","D","D","d","D","d","d","d","D","d","D","D","D","d","D","D","D","D","D","D","D","d","D","D","d","d","d","D","d","d","d","D","D","d","d","d","d","d","d","D","d","D",-1.3131563063078
104,47,32,"aa",0,"BB",2,"Cc",1,525,1252,1,-1,-1,1,1,1,1,1,1,-1,"D","d","d","D","D","D","d","d","d","D","D","d","D","D","d","d","D","D","D","d","d","D","d","d","d","d","D","d","d","D","D","D","d","D","d","d","d","D","d","D","D","d","d","D","d","D","d","d","D",0.385728545791615
90,47,33,"aA",1,"BB",2,"CC",2,787,224,-1,-1,-1,-1,-1,1,-1,1,-1,-1,"d","d","D","D","D","D","d","d","d","d","D","d","D","d","d","D","d","d","D","d","d","d","D","D","D","D","D","d","d","D","D","d","d","D","D","d","d","d","d","D","D","D","D","d","d","d","d","d","d",-3.43158774446514
101,47,34,"aa",0,"BB",2,"CC",2,1701,1570,-1,1,1,1,1,1,1,1,-1,-1,"d","D","d","D","D","d","D","D","d","d","D","d","d","d","d","D","d","D","d","d","D","d","d","D","D","D","D","D","d","D","D","d","D","d","D","D","d","d","D","d","d","D","d","d","d","d","d","d","d",-2.4643569084642
97,47,35,"Aa",1,"Bb",1,"CC",2,281,1029,-1,-1,1,-1,1,1,-1,-1,-1,1,"d","d","D","D","D","d","d","d","d","D","D","D","d","D","D","d","D","D","D","d","d","D","d","D","D","D","d","d","d","d","d","D","d","D","D","d","d","d","D","d","d","D","D","D","D","d","d","d","d",-0.559711305769824
104,47,36,"aA",1,"BB",2,"cC",1,312,125,1,1,-1,1,1,1,1,1,-1,-1,"D","D","d","D","d","d","d","d","D","D","d","D","d","d","d","d","d","d","D","d","D","D","d","D","D","D","D","D","D","d","D","d","D","D","D","D","D","D","d","d","d","D","d","D","d","D","d","d","d",0.737681875376432
95,47,37,"AA",2,"bB",1,"cc",0,221,1140,-1,-1,-1,-1,-1,-1,-1,1,1,-1,"D","d","D","D","D","D","d","d","D","D","D","d","d","d","d","d","D","D","d","d","D","D","d","D","D","D","D","D","d","d","D","d","D","D","D","d","D","D","d","d","D","D","d","D","d","d","d","d","D",1.22568120951126
100,47,38,"aa",0,"bb",0,"CC",2,2069,1720,1,1,1,1,1,1,-1,-1,-1,-1,"D","d","D","D","d","D","d","D","d","D","d","d","D","d","d","D","D","D","D","d","D","D","d","D","D","d","d","d","d","d","D","d","D","D","d","d","D","D","D","D","d","d","D","d","D","D","d","D","D",-1.44363812923369
97,47,39,"aa",0,"bB",1,"cC",1,14,1688,1,-1,-1,1,1,1,-1,-1,-1,-1,"d","D","d","D","D","D","d","d","d","D","D","d","D","d","D","d","d","D","D","d","d","D","D","D","D","D","D","d","d","d","D","d","d","D","D","D","D","D","D","d","d","D","D","d","d","D","d","d","D",-0.505232680168497
100,47,40,"AA",2,"bB",1,"CC",2,483,514,-1,-1,1,-1,-1,1,1,1,1,-1,"D","d","D","D","D","D","d","d","d","d","d","d","D","d","d","D","d","D","D","d","d","D","d","D","D","D","D","d","D","D","d","d","D","D","D","d","D","D","d","d","d","D","d","D","d","d","D","d","d",0.326604094943987
105,47,41,"aa",0,"bb",0,"CC",2,35,112,1,1,1,1,-1,1,1,1,-1,1,"D","D","D","D","D","d","D","d","D","D","D","D","D","d","D","D","d","D","D","d","D","D","D","d","D","D","D","d","D","d","d","d","D","d","D","d","d","D","d","D","d","d","D","D","d","D","d","d","d",-0.31721651602714
99,47,42,"Aa",1,"bB",1,"CC",2,2197,313,-1,-1,1,-1,1,1,-1,1,-1,-1,"D","D","D","D","D","D","d","d","d","D","d","d","d","D","d","d","d","D","D","D","d","d","D","D","D","D","D","D","d","D","d","D","D","D","D","D","D","D","D","D","d","d","D","d","d","d","d","D","d",1.65656821440532
96,47,43,"AA",2,"BB",2,"Cc",1,1981,1279,-1,-1,-1,1,-1,1,-1,-1,-1,-1,"d","D","d","D","D","D","D","D","d","D","d","d","D","d","d","d","D","D","D","D","d","d","d","D","D","D","D","d","d","D","D","D","D","D","D","D","D","D","d","d","d","D","d","d","D","d","d","d","d",2.37681815164244
97,47,44,"aA",1,"Bb",1,"CC",2,1463,964,-1,-1,-1,-1,-1,1,1,1,-1,-1,"d","D","D","D","D","d","D","d","D","D","d","D","d","d","d","D","D","D","D","D","D","d","d","d","D","D","D","d","d","D","D","D","d","D","D","D","D","d","d","d","d","d","D","d","D","d","d","D","d",1.03142337469847
99,47,45,"Aa",1,"bB",1,"CC",2,2197,395,-1,-1,1,-1,1,1,1,-1,-1,-1,"d","D","D","D","D","D","D","D","d","D","d","D","d","D","d","D","d","D","d","D","d","d","d","D","D","D","D","D","d","D","D","D","D","D","D","D","D","D","d","D","d","d","d","d","d","D","D","D","D",1.76737004390386
92,47,46,"aa",0,"BB",2,"cC",1,1870,1257,-1,-1,-1,-1,-1,1,-1,-1,-1,-1,"d","D","D","d","D","d","D","d","d","D","D","d","d","d","D","d","D","D","D","d","d","D","D","d","D","D","D","d","d","D","d","D","D","d","D","D","D","d","D","d","d","d","D","d","D","d","d","d","d",0.945339781913991
104,47,48,"aa",0,"BB",2,"cC",1,2151,1329,1,1,1,-1,1,1,1,1,-1,-1,"D","D","D","D","D","d","d","D","d","d","D","D","d","D","d","D","D","D","D","d","D","d","d","d","D","D","D","d","d","D","D","D","d","D","D","d","d","D","D","D","D","d","D","D","D","d","D","d","d",0.434177352586134
95,47,49,"AA",2,"BB",2,"CC",2,2262,1725,-1,1,-1,1,-1,1,-1,-1,-1,-1,"d","D","D","d","D","D","D","d","d","D","D","d","D","D","D","D","D","D","D","d","D","d","D","D","D","D","D","D","D","D","D","d","D","D","D","D","D","D","D","d","d","D","D","d","d","d","D","d","d",-0.0514350449381099
98,47,50,"aa",0,"bB",1,"cC",1,154,1126,-1,-1,1,1,-1,1,-1,1,-1,1,"d","D","d","D","D","D","D","d","D","D","d","d","D","d","d","d","D","D","d","d","D","D","D","D","D","D","d","d","d","D","D","D","d","d","D","d","D","D","d","d","d","d","d","d","D","D","D","D","d",-1.87134640042605
102,48,1,"aA",1,"BB",2,"cc",0,40,2307,1,-1,-1,1,1,-1,1,1,1,-1,"d","D","d","D","D","d","D","D","D","D","D","D","d","D","d","d","D","D","D","D","d","d","d","D","D","d","D","D","d","d","D","D","D","d","D","D","d","D","d","D","D","d","d","d","D","D","D","d","D",0.410718792806487
96,48,2,"AA",2,"Bb",1,"CC",2,2183,1499,-1,-1,1,-1,1,-1,1,-1,-1,-1,"d","D","D","D","D","d","d","D","D","D","D","D","D","d","d","d","d","D","D","d","D","d","d","D","D","D","D","d","d","D","D","d","d","d","d","d","d","D","D","D","D","d","d","d","d","d","D","d","d",0.964262871365983
95,48,3,"aA",1,"bB",1,"Cc",1,377,1348,-1,-1,-1,-1,-1,1,-1,1,-1,-1,"d","d","d","D","D","D","d","d","d","D","d","D","D","d","d","d","D","D","D","D","d","d","D","D","d","D","D","d","d","d","d","D","d","D","D","D","d","d","d","D","D","D","d","D","D","d","d","d","d",1.84120836781604
95,48,4,"aa",0,"Bb",1,"CC",2,2104,876,-1,-1,1,-1,1,-1,1,1,-1,-1,"d","D","d","D","D","d","d","d","D","D","d","d","D","d","d","d","d","d","D","D","d","d","d","D","D","D","d","d","d","d","D","D","D","D","D","D","d","D","d","D","D","D","d","d","D","D","d","d","d",-2.24274964765053
96,48,5,"aA",1,"Bb",1,"Cc",1,2396,1414,1,-1,-1,-1,1,-1,1,-1,-1,-1,"d","d","D","d","d","d","d","d","d","D","d","D","d","D","d","D","D","D","D","d","D","D","d","D","D","D","D","d","d","D","d","D","d","d","D","D","D","D","D","D","D","D","d","d","d","d","D","d","d",0.576368424067699
106,48,6,"AA",2,"bb",0,"cc",0,786,680,1,-1,1,1,1,1,1,1,1,-1,"d","D","d","d","D","D","d","D","d","d","d","D","d","d","d","D","d","D","D","d","D","d","D","D","D","D","D","d","d","d","d","D","d","D","D","D","D","D","d","D","D","d","D","d","D","D","d","D","d",0.626220361465278
95,48,7,"AA",2,"BB",2,"CC",2,324,466,-1,-1,-1,-1,1,1,-1,1,-1,-1,"d","D","D","d","D","d","d","D","d","D","D","D","d","D","d","D","d","D","D","d","D","D","D","D","D","D","D","D","D","D","d","D","D","d","D","D","D","d","d","d","D","D","D","D","D","d","d","D","D",-0.116390934577537
100,48,8,"AA",2,"bB",1,"cC",1,1898,494,1,-1,1,1,1,1,1,-1,-1,-1,"d","D","d","D","D","d","D","D","D","d","D","D","d","D","d","D","d","D","D","D","D","D","d","D","D","D","D","D","d","d","D","d","d","D","D","D","D","D","d","d","d","d","d","D","d","D","d","d","d",-1.46749210643018
98,48,9,"AA",2,"bb",0,"cc",0,2366,758,-1,-1,-1,1,1,1,1,-1,-1,-1,"D","D","d","d","D","d","d","D","d","D","d","d","d","d","d","d","d","D","D","D","d","d","D","D","D","D","D","d","d","d","D","d","D","d","D","D","D","D","D","d","d","D","d","d","D","d","d","d","d",0.0366292517027442
98,48,10,"Aa",1,"bb",0,"CC",2,271,2175,1,-1,1,-1,-1,1,1,1,-1,-1,"d","D","D","D","D","D","d","d","d","D","D","D","d","d","d","d","D","D","D","D","D","D","D","D","d","D","D","d","d","D","d","d","D","D","D","D","d","D","d","d","D","d","D","d","d","d","d","d","d",-1.17221125326316
101,48,11,"Aa",1,"BB",2,"CC",2,2296,2410,-1,1,-1,1,-1,1,1,1,-1,-1,"D","D","D","D","d","D","d","D","d","D","d","D","d","D","d","d","D","D","D","d","D","d","d","D","D","D","D","d","d","D","D","D","D","D","D","D","d","d","D","D","D","d","d","d","d","d","D","d","d",1.08663463046846
96,48,12,"AA",2,"bb",0,"cC",1,1763,1781,-1,-1,-1,-1,1,-1,1,-1,-1,-1,"D","D","D","D","D","D","d","d","d","D","D","d","d","d","D","D","D","D","D","d","D","d","d","D","D","D","D","d","d","D","D","d","d","d","d","D","d","D","d","D","d","D","d","D","d","D","D","d","d",2.78909862892574
101,48,13,"aA",1,"bB",1,"Cc",1,360,2399,1,-1,1,-1,1,1,-1,1,-1,-1,"D","d","D","D","D","d","d","D","d","D","D","d","D","D","d","d","D","D","D","d","d","d","D","d","D","D","D","d","d","d","D","d","d","D","d","d","D","D","d","D","d","d","d","d","D","D","D","d","d",1.86882523576786
98,48,14,"Aa",1,"BB",2,"CC",2,163,1440,-1,-1,1,-1,1,-1,-1,1,1,1,"d","D","D","D","D","d","d","D","D","D","D","d","d","d","d","D","D","D","D","D","d","d","d","D","D","D","D","d","D","D","D","d","D","D","D","D","d","d","D","D","D","d","d","d","d","D","d","d","d",-1.47600597751765
99,48,15,"Aa",1,"BB",2,"Cc",1,405,97,-1,-1,1,-1,-1,1,1,1,-1,-1,"d","d","d","D","D","D","d","d","D","D","D","d","d","d","d","D","d","D","D","D","d","D","d","D","d","D","D","d","d","D","D","D","D","D","D","D","D","D","d","D","d","D","d","d","d","D","D","d","d",1.79960724255984
99,48,16,"aA",1,"BB",2,"CC",2,1067,2314,-1,-1,-1,1,1,1,-1,1,-1,-1,"D","D","D","D","D","d","D","d","D","D","D","d","D","D","D","D","D","d","d","D","D","d","D","D","D","D","D","d","d","D","D","D","D","D","d","D","d","D","d","d","d","d","d","d","d","d","d","D","d",1.28524299216835
101,48,17,"aA",1,"Bb",1,"CC",2,431,1075,-1,1,-1,1,-1,-1,1,1,-1,1,"d","D","D","D","D","d","d","d","D","D","d","D","D","D","d","d","D","D","D","d","D","D","d","D","D","D","d","d","d","d","D","D","D","D","D","D","d","D","d","d","D","d","d","d","d","d","d","d","D",1.22644088062695
92,48,18,"aa",0,"Bb",1,"cC",1,937,2393,-1,-1,1,-1,-1,-1,-1,-1,-1,-1,"d","D","D","D","D","d","d","d","D","d","D","d","D","d","d","D","d","d","D","D","D","d","d","D","d","D","D","D","d","D","D","d","D","D","D","D","D","D","d","d","D","D","D","d","d","D","d","d","d",0.40334242179443
102,48,19,"Aa",1,"bb",0,"CC",2,1540,1842,-1,1,1,1,1,1,1,1,-1,-1,"D","D","d","D","D","d","d","d","d","D","D","D","d","d","d","D","D","D","d","D","D","d","D","D","D","D","D","D","d","d","D","d","D","D","D","D","D","D","D","D","D","D","D","D","d","D","D","d","D",-1.5130040990034
90,48,20,"aa",0,"Bb",1,"cc",0,2125,1118,-1,-1,-1,-1,-1,-1,-1,-1,-1,-1,"d","D","D","D","D","D","d","d","d","D","D","D","d","d","d","d","d","D","D","d","D","d","d","D","D","D","D","d","d","d","D","D","d","d","D","d","d","d","d","D","D","D","D","d","d","d","d","d","d",0.534045009744249
91,48,21,"aa",0,"BB",2,"CC",2,2472,222,-1,-1,-1,-1,-1,-1,-1,1,-1,-1,"d","D","D","D","D","d","d","d","d","D","D","d","d","d","D","D","D","D","d","d","D","d","d","D","D","D","D","d","d","D","d","D","d","d","d","d","d","D","D","D","D","d","d","d","D","d","d","d","d",-0.950842784958495
95,48,22,"AA",2,"BB",2,"cC",1,1948,950,-1,-1,-1,-1,-1,1,1,-1,-1,-1,"D","d","D","D","D","d","d","d","d","D","D","D","D","d","D","d","d","d","D","d","d","d","d","D","D","D","D","d","d","d","D","d","d","D","d","D","D","D","D","D","D","d","d","D","d","D","d","D","D",1.97276773190634
107,48,23,"AA",2,"bB",1,"cc",0,1579,593,-1,1,1,1,1,1,1,1,1,1,"d","d","D","D","D","D","D","d","d","D","D","d","D","d","D","D","d","D","D","D","D","d","D","D","D","D","D","d","d","D","D","d","d","D","d","D","D","d","d","D","D","D","d","d","d","d","d","d","D",-0.933287134422387
102,48,24,"Aa",1,"BB",2,"Cc",1,1951,646,1,1,-1,1,1,-1,1,1,-1,-1,"d","D","d","D","D","d","d","D","d","D","D","D","D","d","D","D","d","D","D","D","D","d","d","D","D","D","D","d","d","D","D","D","d","D","D","D","D","d","d","D","D","d","D","d","D","d","d","d","d",0.270732057339322
93,48,25,"aa",0,"bB",1,"cC",1,2135,211,-1,-1,-1,-1,-1,1,1,1,-1,-1,"D","D","D","D","D","d","d","d","D","d","D","D","D","d","D","d","D","d","D","D","D","D","D","D","d","D","D","D","d","d","D","d","d","d","D","D","d","d","d","d","D","D","d","D","d","d","d","d","d",-2.19616127162895
110,48,26,"Aa",1,"bB",1,"cC",1,2057,2013,1,1,1,1,1,1,1,1,1,1,"d","D","d","D","D","D","d","d","d","D","d","D","D","D","d","D","d","D","d","D","d","D","d","D","D","D","D","d","D","D","D","d","d","D","d","D","d","d","d","d","d","d","D","D","D","D","D","D","d",0.110139587406291
101,48,27,"AA",2,"bb",0,"CC",2,585,1811,-1,-1,1,1,-1,1,1,1,-1,-1,"d","D","d","D","D","d","d","d","d","d","D","D","d","D","D","d","d","D","d","D","D","d","d","D","D","D","D","d","d","d","D","D","d","D","d","D","D","d","D","d","D","D","d","D","D","d","d","D","D",1.70694262907163
96,48,28,"aa",0,"BB",2,"CC",2,1877,1446,-1,1,-1,1,-1,-1,-1,-1,-1,1,"D","D","D","D","D","d","D","d","D","d","d","d","D","d","d","D","d","D","D","d","d","D","d","D","d","D","D","D","D","d","d","D","d","d","d","d","D","d","d","D","d","d","D","D","D","d","D","d","D",0.973658596128726
95,48,29,"aA",1,"Bb",1,"Cc",1,948,1780,1,-1,-1,-1,-1,-1,-1,1,1,-1,"D","D","d","d","D","D","D","d","d","d","D","d","d","d","d","D","d","D","D","d","d","d","d","d","D","D","D","d","d","d","d","d","d","d","D","D","D","D","d","d","d","D","d","D","d","d","d","d","d",-0.817236325431365
103,48,30,"aA",1,"BB",2,"CC",2,967,307,-1,1,1,-1,1,1,1,1,-1,-1,"D","D","D","D","d","D","d","d","d","d","d","d","D","D","d","d","d","D","D","d","d","D","d","D","d","D","D","D","d","D","D","D","D","D","D","D","D","d","d","d","D","d","d","d","D","d","d","D","d",1.99412948667077
105,48,31,"aa",0,"Bb",1,"cC",1,2479,2457,-1,1,1,1,1,1,-1,1,-1,1,"d","D","D","D","D","D","d","d","d","D","d","D","D","D","d","D","d","D","D","D","D","d","d","d","D","D","D","d","d","d","D","D","d","D","D","D","D","d","D","d","d","d","d","D","D","D","d","d","d",1.58359248896111
99,48,32,"aA",1,"Bb",1,"CC",2,450,2229,1,1,-1,1,-1,1,-1,1,-1,-1,"d","d","D","D","D","D","d","d","D","D","D","D","D","D","d","d","d","d","D","D","d","d","d","D","D","D","D","d","d","D","D","D","D","D","D","D","d","d","d","D","d","d","D","d","d","d","d","d","d",-0.519701879942665
99,48,33,"aa",0,"BB",2,"Cc",1,1493,844,-1,-1,1,1,1,1,1,-1,-1,-1,"d","D","d","D","D","D","d","d","D","d","D","D","D","d","d","D","d","D","D","D","d","d","d","D","D","D","D","d","d","D","D","d","D","D","d","d","D","D","d","d","D","d","D","D","D","d","D","d","d",-0.441622510048104
90,48,34,"Aa",1,"bB",1,"cC",1,355,733,-1,-1,1,-1,-1,-1,-1,-1,-1,-1,"d","d","D","D","D","D","d","d","D","D","D","D","D","d","D","d","D","D","D","d","d","d","d","D","D","D","D","d","d","D","D","D","d","D","D","D","d","D","d","d","d","d","d","d","D","d","d","d","D",-1.62091681502486
95,48,35,"aa",0,"BB",2,"CC",2,1318,782,-1,1,1,-1,-1,-1,-1,1,-1,-1,"D","D","D","D","D","d","d","d","D","d","D","d","D","d","d","D","D","D","D","D","d","D","d","D","D","D","d","d","d","d","D","d","D","D","D","D","D","d","d","d","d","D","d","D","d","d","d","d","d",-0.742973073624598
109,48,36,"aa",0,"BB",2,"Cc",1,263,439,1,1,1,1,1,1,1,1,1,1,"d","D","D","D","D","d","d","d","d","D","D","D","d","d","D","d","D","D","D","D","d","d","d","D","D","D","D","d","d","D","d","D","d","d","D","D","D","D","D","D","D","D","d","D","D","d","D","d","d",-0.28045853303411
97,48,37,"AA",2,"BB",2,"Cc",1,1493,916,-1,-1,1,1,1,1,-1,-1,-1,-1,"d","D","d","D","D","d","d","d","D","D","D","d","d","d","d","d","d","D","D","d","d","d","d","D","D","D","D","d","d","D","D","d","D","D","D","d","D","D","D","d","d","d","d","D","D","d","d","D","D",-0.174133874482328
95,48,38,"Aa",1,"bb",0,"CC",2,759,502,-1,-1,-1,1,1,-1,-1,-1,-1,-1,"D","D","d","D","D","d","d","D","d","D","D","d","d","d","d","D","d","d","D","d","D","d","d","D","D","D","D","d","d","D","d","D","d","D","D","D","D","d","D","D","d","D","d","d","D","d","d","d","D",1.82232014012954
97,48,39,"AA",2,"BB",2,"cC",1,1145,306,-1,-1,1,1,-1,-1,1,-1,-1,1,"d","d","d","D","D","D","D","d","D","D","d","d","D","D","D","d","d","D","d","D","d","d","d","D","d","D","D","d","d","d","D","D","d","d","D","D","d","d","D","d","D","D","D","d","d","d","d","D","D",-0.776496050409663
106,48,40,"aA",1,"BB",2,"cC",1,781,2352,1,1,1,1,1,1,1,1,-1,-1,"D","d","D","D","D","d","D","d","D","D","D","d","d","d","d","D","d","D","d","D","D","d","d","D","d","D","D","d","D","d","d","D","d","D","D","d","D","d","D","d","d","D","d","D","d","D","d","d","d",0.275065100087913
94,48,41,"aa",0,"bB",1,"cc",0,327,1262,-1,-1,-1,-1,-1,-1,-1,1,-1,-1,"D","D","D","D","D","d","D","D","d","D","D","d","D","d","D","d","d","D","D","D","d","d","d","D","D","D","D","d","d","D","D","D","D","d","D","D","d","D","d","d","d","D","d","D","d","d","D","D","d",2.19917354959831
95,48,42,"AA",2,"BB",2,"cc",0,1329,1880,1,-1,-1,-1,1,1,-1,1,-1,-1,"D","D","D","D","D","D","D","D","d","D","D","d","d","d","d","d","d","D","D","d","d","d","d","D","D","D","d","d","d","D","d","D","D","D","D","d","D","D","d","d","D","D","d","d","D","D","d","d","d",-2.87388744752084
89,48,43,"AA",2,"Bb",1,"Cc",1,2363,748,-1,-1,-1,-1,-1,-1,-1,-1,-1,-1,"d","D","d","d","D","d","d","d","d","d","D","d","d","D","D","d","d","D","D","D","D","D","D","D","d","D","D","d","d","D","D","D","D","d","D","D","D","d","d","D","d","D","D","D","d","d","d","D","d",-0.353469659201085
99,48,44,"aa",0,"bb",0,"cC",1,370,1167,-1,-1,-1,1,1,1,-1,1,-1,1,"D","D","D","D","D","d","d","d","d","D","d","d","d","d","d","d","d","d","D","D","d","d","d","D","D","D","D","d","d","D","d","d","D","d","D","D","D","d","d","d","d","d","D","D","d","d","d","d","d",-0.738821827638626
96,48,45,"aa",0,"Bb",1,"cC",1,484,1566,-1,-1,1,-1,-1,1,1,-1,-1,-1,"d","D","D","d","D","d","D","d","d","D","D","D","d","D","d","d","d","D","D","d","D","d","D","D","d","D","D","d","d","D","d","d","d","D","d","d","D","D","D","d","d","d","d","D","d","D","d","d","d",0.0955624584174026
96,48,46,"aA",1,"Bb",1,"CC",2,962,138,-1,-1,1,-1,1,-1,1,1,-1,-1,"D","D","D","D","D","d","D","d","D","D","D","d","d","d","D","d","D","D","D","d","D","d","d","D","d","D","D","d","d","D","D","D","d","D","D","D","D","D","d","d","D","d","d","D","D","d","d","d","D",-1.94785447369294
103,48,47,"aA",1,"BB",2,"CC",2,702,996,-1,-1,1,1,1,1,1,1,-1,-1,"D","d","D","D","d","D","d","d","d","D","D","d","d","d","D","D","d","D","D","d","d","d","d","D","D","D","D","d","D","D","D","D","d","D","D","D","D","D","d","D","D","d","d","d","D","D","d","d","d",1.3529310500312
97,48,49,"aa",0,"Bb",1,"cC",1,848,1350,1,-1,1,-1,-1,1,-1,-1,-1,-1,"D","D","D","D","D","d","D","d","D","d","d","d","D","d","d","d","d","d","D","D","D","D","d","D","D","D","D","d","d","D","d","D","D","D","D","D","D","d","d","d","D","D","d","d","d","D","d","d","d",1.57342754657867
103,48,50,"aA",1,"Bb",1,"cc",0,275,1438,-1,1,1,1,1,1,1,-1,-1,-1,"D","D","D","D","D","d","d","d","d","D","d","d","D","D","d","d","D","d","d","D","d","d","D","D","D","D","D","d","D","d","d","d","d","D","D","D","D","d","d","d","d","d","d","D","d","d","d","d","d",1.86642477245683
97,49,1,"aA",1,"Bb",1,"cc",0,724,2281,1,-1,1,-1,1,-1,-1,1,-1,1,"D","D","D","D","D","d","d","d","d","D","D","d","D","d","d","D","D","d","d","d","d","D","d","D","d","D","D","D","d","D","d","D","D","d","D","D","D","d","D","d","D","D","d","D","D","d","d","d","d",-2.02241935163904
94,49,2,"aa",0,"bB",1,"CC",2,557,706,-1,-1,-1,-1,1,-1,-1,1,1,-1,"D","D","d","D","D","d","d","d","d","D","D","d","d","d","d","D","d","d","D","d","D","d","D","D","D","D","D","d","d","D","D","D","d","D","D","D","D","D","D","d","d","D","D","d","d","d","d","d","D",-1.1439758761557
95,49,3,"aA",1,"bB",1,"cC",1,130,362,-1,1,1,-1,-1,-1,1,-1,-1,-1,"d","d","d","D","d","d","D","D","D","D","D","d","D","D","D","D","d","D","D","D","D","d","d","D","D","D","D","D","d","D","D","D","D","d","D","d","D","D","d","D","D","d","d","d","D","d","d","D","d",-0.0894350342712616
95,49,4,"AA",2,"BB",2,"Cc",1,1462,1366,-1,-1,-1,-1,1,1,-1,-1,-1,1,"D","D","d","D","D","d","D","d","d","D","D","d","D","d","D","d","d","D","D","D","d","D","d","D","D","D","D","D","d","D","d","D","D","D","D","D","D","d","D","D","D","d","D","d","D","D","d","D","d",-0.159097805082856
92,49,5,"aa",0,"BB",2,"Cc",1,803,1696,-1,-1,-1,-1,-1,1,-1,1,-1,-1,"D","d","D","D","D","D","d","D","d","D","D","D","D","D","d","D","D","D","D","d","D","d","D","D","D","D","D","d","d","d","D","d","D","D","D","d","D","d","D","D","d","d","D","D","d","d","d","d","d",-1.70104446967404
105,49,6,"Aa",1,"BB",2,"cC",1,1546,2405,-1,1,1,1,1,1,1,1,-1,-1,"D","d","D","D","D","D","D","d","d","D","D","d","D","d","D","D","D","D","D","D","D","d","d","D","D","D","D","D","d","D","d","d","D","D","D","d","D","d","D","D","d","D","d","d","d","D","d","D","d",1.95166401030067
98,49,7,"Aa",1,"Bb",1,"CC",2,2209,1902,1,1,-1,-1,-1,1,1,1,-1,-1,"D","D","D","d","D","d","D","D","d","d","D","d","d","D","D","D","d","D","D","D","D","D","d","d","d","D","D","d","d","D","D","D","D","d","d","d","D","d","d","d","d","d","D","d","d","d","d","d","D",-1.35385760685065
99,49,8,"aA",1,"Bb",1,"Cc",1,2048,2264,-1,-1,1,-1,1,1,1,1,-1,-1,"d","d","d","D","D","d","D","D","d","d","D","d","d","d","d","d","D","d","D","D","d","d","D","D","D","D","D","d","d","d","d","d","d","D","D","D","D","D","D","d","d","D","d","d","D","d","D","d","d",-0.028055216665965
96,49,9,"aa",0,"BB",2,"CC",2,1666,867,1,-1,-1,-1,1,-1,1,-1,1,-1,"d","D","d","D","D","d","d","d","d","d","d","D","D","d","d","d","d","D","D","d","D","d","D","D","D","D","D","d","D","D","D","D","d","D","d","D","D","d","D","D","D","D","D","D","d","d","d","d","D",-1.86649650755558
99,49,10,"aa",0,"Bb",1,"CC",2,1765,1696,-1,-1,1,-1,1,1,-1,1,-1,-1,"D","d","D","D","d","d","D","d","d","D","D","D","D","d","d","d","D","D","d","d","D","D","D","D","D","D","D","d","d","D","D","d","D","D","D","d","D","d","D","d","d","d","D","d","d","d","d","d","d",1.49719121269778
99,49,11,"AA",2,"bb",0,"cC",1,2216,2163,-1,1,1,1,1,-1,1,-1,-1,-1,"D","D","D","D","d","d","d","d","d","D","D","D","D","D","d","D","d","D","D","d","D","D","d","D","D","D","D","d","d","D","D","D","D","d","d","d","d","d","D","D","D","d","d","D","d","d","d","d","d",-0.236680337859651
96,49,12,"AA",2,"bb",0,"CC",2,2156,511,-1,-1,1,1,1,-1,-1,-1,1,-1,"D","D","D","D","d","d","d","D","D","D","d","D","D","d","d","d","D","D","D","D","d","d","D","D","d","D","D","d","d","D","D","d","D","D","D","D","D","d","d","D","D","d","d","d","D","D","d","d","d",-1.02701812870699
98,49,13,"Aa",1,"Bb",1,"CC",2,842,703,1,-1,1,-1,1,-1,1,-1,-1,-1,"d","d","d","D","D","d","d","D","D","d","d","d","D","D","D","d","d","d","d","d","d","d","d","D","d","D","D","d","D","d","d","D","D","D","D","d","D","D","D","d","D","d","d","D","d","d","D","d","d",0.781145999485575
103,49,14,"aa",0,"bb",0,"CC",2,822,1731,1,1,-1,1,-1,1,1,1,-1,-1,"D","D","d","D","D","d","d","d","d","D","d","d","D","d","d","d","D","D","D","D","d","d","D","D","D","D","D","d","d","d","D","D","d","d","D","D","D","d","d","D","D","D","d","d","d","d","d","D","d",1.06153793189489
98,49,15,"aa",0,"Bb",1,"cc",0,535,1010,-1,-1,1,-1,1,-1,-1,1,-1,1,"D","d","D","D","D","D","d","d","d","D","D","D","D","d","d","d","d","d","D","D","d","D","d","D","D","D","D","d","d","d","d","D","d","d","D","D","d","D","D","D","D","d","D","d","d","d","d","d","D",0.596664685128601
91,49,16,"AA",2,"Bb",1,"Cc",1,2146,2240,1,-1,1,-1,-1,-1,-1,-1,-1,-1,"d","D","D","D","d","d","D","d","d","d","d","D","D","D","D","D","D","D","d","D","d","D","d","D","D","D","D","d","d","d","D","D","d","D","D","D","D","d","D","d","D","d","d","D","d","d","d","d","d",-2.41103522596082
95,49,17,"aa",0,"Bb",1,"cc",0,95,978,-1,-1,1,-1,1,-1,-1,-1,-1,1,"d","D","d","D","D","d","d","d","D","d","d","d","D","d","D","d","D","d","D","d","D","d","d","D","D","D","d","D","D","d","D","D","D","D","D","D","D","d","D","D","D","d","d","d","D","d","D","d","d",-0.507169683022217
96,49,18,"aA",1,"BB",2,"CC",2,179,1147,-1,-1,1,1,-1,-1,1,-1,-1,-1,"d","D","D","D","d","d","D","d","D","D","D","D","D","D","d","D","d","d","D","d","d","d","D","d","D","D","D","d","d","D","D","D","d","d","D","d","D","D","D","d","d","D","d","d","d","d","D","d","D",0.479632935218267
104,49,19,"aA",1,"bb",0,"cC",1,180,1511,-1,1,1,1,1,1,1,1,-1,1,"D","d","D","d","D","D","d","d","d","D","D","d","D","D","D","d","d","d","d","D","D","D","d","d","D","D","D","d","d","d","d","D","D","D","D","d","D","d","d","D","D","D","D","D","d","d","d","d","d",-1.03584686971831
96,49,20,"aA",1,"BB",2,"cC",1,98,438,1,1,-1,-1,1,1,-1,1,-1,-1,"D","D","D","D","D","d","D","D","d","D","D","d","D","d","d","d","d","D","D","d","D","D","d","D","D","D","D","d","d","d","D","d","D","D","D","D","D","D","D","d","D","d","d","d","D","d","D","d","D",-3.16332469972102
103,49,21,"Aa",1,"bb",0,"cc",0,1483,2128,1,-1,1,1,1,-1,1,1,1,-1,"D","D","D","D","D","d","D","d","d","D","D","d","D","D","d","D","D","D","D","D","d","d","D","D","D","D","D","d","d","D","D","D","D","D","d","D","D","D","D","D","D","D","d","D","D","D","d","D","d",-0.229895339400691
100,49,22,"AA",2,"BB",2,"CC",2,2065,2098,-1,-1,1,-1,1,1,1,1,-1,-1,"D","D","D","D","D","D","d","D","d","d","D","D","D","d","d","d","d","D","D","D","d","d","D","D","D","D","D","d","d","D","D","d","D","D","D","D","D","d","D","d","D","d","D","d","d","D","D","d","d",0.284881428565963
96,49,23,"Aa",1,"Bb",1,"Cc",1,678,512,-1,-1,-1,-1,1,1,1,-1,-1,-1,"d","D","D","D","D","D","d","d","D","D","D","d","D","D","d","d","D","D","d","D","D","D","d","D","d","D","D","d","d","d","D","D","D","D","D","D","D","D","D","d","d","D","d","d","d","d","D","d","d",0.73403847848649
95,49,24,"AA",2,"BB",2,"CC",2,391,1015,-1,-1,-1,-1,1,-1,-1,1,1,-1,"d","D","D","D","D","d","D","d","d","D","D","d","D","D","d","D","d","D","D","d","D","d","d","D","D","D","D","d","d","d","D","D","d","d","D","D","d","D","D","D","d","d","d","d","D","d","d","D","d",-0.325368295540584
102,49,25,"aa",0,"Bb",1,"Cc",1,2121,2474,1,-1,1,1,-1,1,-1,1,-1,-1,"d","d","d","D","D","D","d","d","d","d","D","d","D","d","d","D","d","D","D","d","D","D","d","d","D","D","D","d","d","D","D","D","d","D","d","D","D","d","d","d","D","d","d","d","d","d","d","D","D",2.68016960366912
102,49,26,"aA",1,"bb",0,"CC",2,1731,675,1,-1,-1,1,1,1,1,1,-1,-1,"d","D","d","D","D","d","d","d","D","D","d","D","D","d","d","D","d","D","D","d","d","D","d","D","D","D","D","d","d","d","d","d","D","D","D","d","D","d","D","D","D","d","d","d","d","D","d","d","d",0.691706713808259
99,49,27,"aa",0,"BB",2,"CC",2,2340,2014,-1,1,-1,-1,-1,1,1,1,-1,-1,"D","d","D","D","D","d","d","D","D","D","d","d","d","d","D","d","D","D","D","d","D","d","D","D","D","D","D","D","D","D","D","D","d","D","d","D","D","D","d","D","d","d","d","D","d","d","d","D","d",1.35473624213438
103,49,28,"aa",0,"Bb",1,"Cc",1,2391,529,1,-1,1,1,1,1,1,-1,-1,-1,"d","D","D","D","D","d","d","d","d","D","D","D","D","D","d","d","D","D","D","D","d","d","d","D","D","D","d","D","d","d","D","D","D","D","D","d","D","D","d","D","D","d","D","d","d","d","d","D","d",1.64721467776005
99,49,29,"aa",0,"BB",2,"Cc",1,1439,1953,-1,-1,1,-1,1,1,1,-1,-1,-1,"D","D","d","D","D","d","D","d","d","D","D","d","d","D","d","d","D","D","D","D","D","d","D","D","D","D","D","d","d","d","D","D","D","D","D","d","D","d","D","D","d","D","D","d","d","D","D","d","d",1.42704190902647
98,49,30,"aA",1,"bb",0,"Cc",1,2192,528,-1,1,1,-1,-1,-1,1,1,-1,-1,"D","d","d","D","D","D","d","D","D","D","D","D","D","d","d","d","d","d","D","d","D","D","d","D","D","D","D","D","d","D","D","d","D","D","d","d","D","D","D","d","d","d","d","D","d","d","d","d","d",0.432278933792956
106,49,31,"aA",1,"Bb",1,"cc",0,2252,1137,1,1,1,1,1,1,1,1,-1,-1,"d","D","d","D","D","d","d","D","d","D","D","D","d","d","d","d","D","d","D","D","D","D","d","D","D","D","d","d","d","D","D","D","D","d","D","D","d","D","D","D","d","d","d","d","D","d","D","D","d",0.420894431235263
96,49,32,"AA",2,"BB",2,"CC",2,1778,33,-1,1,-1,1,1,1,-1,1,-1,-1,"D","d","D","D","D","D","d","d","D","D","d","D","D","d","d","d","D","d","D","D","d","d","D","D","D","D","D","d","d","d","D","d","d","D","D","D","D","D","d","D","D","D","d","d","d","d","d","d","D",-3.3292815779104
100,49,33,"aa",0,"BB",2,"CC",2,1174,104,1,-1,1,-1,-1,-1,1,1,-1,1,"d","D","d","D","D","d","d","d","d","d","D","d","d","d","d","d","d","D","D","D","d","d","d","d","D","D","D","D","d","D","d","d","d","D","d","d","D","d","d","d","d","d","d","d","D","d","d","D","d",0.799597669889399
91,49,34,"AA",2,"Bb",1,"Cc",1,1420,1866,-1,-1,-1,-1,1,-1,1,-1,-1,-1,"d","D","D","D","d","d","d","d","d","d","D","D","d","D","d","d","D","D","D","D","D","d","D","D","D","D","D","d","d","D","D","D","d","d","d","d","D","D","d","D","D","D","d","d","D","D","d","d","D",-2.49625850801735
90,49,35,"aA",1,"BB",2,"CC",2,672,1001,1,-1,-1,-1,-1,-1,-1,1,-1,-1,"D","d","D","D","D","D","D","d","d","d","d","d","D","D","D","D","D","d","D","d","D","d","d","D","D","D","D","d","d","D","D","D","d","d","D","d","d","D","d","d","D","D","D","d","D","d","D","d","D",-3.81301618120849
103,49,36,"aA",1,"Bb",1,"Cc",1,385,239,-1,-1,1,1,1,1,1,1,-1,-1,"d","D","D","D","D","d","D","D","D","D","D","D","D","d","D","d","D","d","d","D","D","D","d","D","d","D","D","D","d","D","d","d","D","D","d","D","D","D","d","d","d","d","d","D","d","D","D","D","d",1.84463652021766
91,49,37,"aA",1,"BB",2,"cC",1,809,562,-1,-1,-1,-1,1,-1,-1,-1,-1,-1,"D","D","D","d","D","D","D","d","D","D","D","d","D","d","D","d","D","D","d","d","d","d","D","D","D","D","D","d","d","d","d","d","d","D","D","d","d","D","d","d","D","D","d","D","d","d","D","d","d",-0.56146013475064
90,49,38,"Aa",1,"bB",1,"cC",1,2295,2236,-1,-1,1,-1,-1,-1,1,-1,-1,-1,"d","d","d","D","d","d","d","d","D","d","D","d","D","d","d","d","d","D","D","D","d","d","D","D","d","D","D","d","d","D","D","d","d","D","d","D","D","d","d","D","D","d","d","d","D","D","d","D","d",-3.66978480224742
90,49,39,"aa",0,"BB",2,"cc",0,2085,1258,-1,-1,-1,-1,1,-1,-1,-1,-1,-1,"d","D","D","D","D","d","d","d","D","D","D","D","d","d","d","D","D","D","D","D","d","d","D","D","D","D","D","d","D","D","D","D","d","D","D","d","D","D","D","D","D","d","D","D","d","D","d","d","d",-1.11052182682869
91,49,40,"aA",1,"bB",1,"Cc",1,2480,1870,-1,-1,-1,-1,1,-1,-1,-1,-1,-1,"D","D","d","D","d","d","d","D","d","d","D","d","D","D","d","D","d","D","D","d","D","D","D","D","d","D","D","d","d","D","D","D","d","D","d","d","D","D","D","d","D","d","d","D","d","d","d","d","d",-0.64205582451505
97,49,41,"Aa",1,"bB",1,"CC",2,1437,751,-1,-1,1,-1,1,-1,-1,1,-1,-1,"D","D","d","D","D","D","D","D","d","D","d","d","D","D","D","D","D","d","D","d","D","D","d","D","D","d","D","d","d","D","D","D","d","d","D","d","D","D","D","d","D","d","D","d","D","d","D","d","d",1.72212981660292
88,49,42,"AA",2,"Bb",1,"Cc",1,1077,194,-1,-1,-1,-1,-1,-1,-1,-1,-1,-1,"D","d","D","D","D","D","d","d","d","D","D","D","D","d","d","D","d","D","D","d","D","d","D","D","D","D","D","d","d","D","D","d","d","d","d","D","D","D","d","D","D","D","D","D","D","D","d","d","D",-1.72612815789986
100,49,43,"Aa",1,"BB",2,"CC",2,1970,2381,1,-1,-1,1,1,1,1,-1,-1,1,"d","d","D","D","d","d","D","d","d","d","D","d","D","D","d","d","D","D","D","d","d","D","D","D","D","D","d","d","d","d","d","D","D","D","D","D","D","d","D","D","d","D","d","d","d","d","d","D","d",-1.58167371516992
104,49,44,"Aa",1,"bB",1,"Cc",1,510,1033,1,1,1,1,1,-1,-1,1,-1,-1,"d","d","D","D","D","D","d","d","d","D","D","D","D","d","D","d","d","D","d","D","d","D","d","D","D","D","D","d","d","d","d","D","D","D","D","D","D","D","d","d","D","d","D","d","d","d","d","d","d",2.06967290499405
91,49,45,"Aa",1,"bb",0,"Cc",1,366,1865,-1,-1,-1,-1,1,-1,-1,-1,-1,-1,"D","d","D","D","D","D","d","D","D","d","D","D","d","d","d","D","d","d","D","d","D","D","d","D","d","D","D","D","d","D","D","D","d","d","d","D","d","D","D","d","d","D","d","D","d","D","d","D","d",-0.783848470637352
102,49,46,"Aa",1,"Bb",1,"cc",0,1169,1594,1,-1,1,1,1,1,-1,1,-1,-1,"D","D","D","D","d","d","d","d","d","d","D","d","d","d","d","d","d","D","d","d","D","d","D","D","D","D","D","d","d","D","d","d","d","D","D","D","D","d","D","D","D","d","D","d","d","d","D","D","D",0.321670799820708
96,49,47,"aa",0,"BB",2,"cC",1,2308,2108,-1,-1,-1,-1,1,1,1,-1,-1,-1,"D","D","D","D","D","D","d","D","D","d","D","D","D","d","d","d","D","D","D","d","D","D","D","D","d","D","D","d","D","D","D","D","D","d","d","D","D","d","d","d","d","D","d","d","D","D","D","d","D",0.883701076998092
94,49,48,"Aa",1,"bb",0,"CC",2,1283,1554,-1,-1,-1,-1,1,-1,1,-1,-1,-1,"D","d","D","D","d","d","d","d","D","d","d","D","D","D","d","d","d","d","D","d","D","D","D","D","D","D","D","d","d","d","D","d","d","D","D","D","D","d","D","D","d","D","D","d","d","d","D","d","d",0.400349403057614
97,49,50,"aA",1,"bb",0,"cc",0,1118,2440,-1,-1,-1,-1,1,1,-1,-1,-1,-1,"d","D","D","D","D","d","D","d","d","D","D","d","D","d","d","d","d","D","d","d","d","d","d","d","D","D","D","d","d","d","d","d","D","D","D","d","D","D","d","D","D","D","d","d","D","d","d","d","d",3.05420118816302
96,50,1,"aA",1,"BB",2,"Cc",1,1922,2115,-1,-1,-1,-1,-1,1,1,1,-1,-1,"D","d","d","D","D","D","d","d","d","d","D","d","D","d","d","d","D","D","d","d","D","d","D","D","D","D","d","d","d","D","D","d","d","d","D","D","D","D","D","d","D","d","d","d","d","d","D","D","d",0.99543912822738
90,50,2,"aa",0,"bB",1,"cc",0,2294,2022,-1,-1,-1,-1,-1,-1,-1,-1,-1,-1,"d","D","D","D","D","d","D","d","D","D","D","D","d","D","d","d","d","D","d","D","d","D","D","D","D","D","D","D","d","D","D","D","D","D","d","D","D","d","D","d","d","D","D","D","D","d","d","d","D",0.236983305599717
94,50,3,"aa",0,"bB",1,"cc",0,2256,277,-1,-1,1,1,-1,1,-1,-1,-1,-1,"D","D","d","D","D","D","D","d","d","D","D","D","D","d","d","D","D","D","D","D","d","D","D","D","D","D","D","D","d","D","D","D","D","D","D","d","D","d","d","d","D","D","D","D","D","d","d","d","d",-1.03452535816161
94,50,4,"AA",2,"Bb",1,"cc",0,538,1133,-1,-1,-1,1,1,1,-1,-1,-1,-1,"D","D","D","D","D","d","d","d","d","D","D","d","d","D","D","D","d","D","d","D","d","D","D","D","D","D","D","d","d","D","D","d","D","d","D","D","D","d","D","D","D","d","d","d","d","D","D","d","d",-1.43922004569601
93,50,5,"aa",0,"bB",1,"CC",2,2411,1123,-1,-1,1,-1,1,-1,-1,-1,-1,-1,"D","d","D","d","D","D","d","d","D","D","d","d","D","d","D","D","d","D","D","D","D","d","d","D","D","D","D","d","d","D","D","d","D","D","D","d","D","d","d","d","d","D","d","d","D","d","d","d","d",-0.308666168219727
96,50,6,"aa",0,"BB",2,"cC",1,1953,1520,-1,-1,-1,-1,1,1,1,1,-1,-1,"d","d","d","d","d","D","d","d","d","D","D","d","D","d","d","D","D","D","D","D","d","d","d","D","D","D","D","d","d","D","D","D","D","d","d","D","D","d","d","d","d","D","D","D","d","D","D","d","D",-1.05718132790947
93,50,7,"aa",0,"BB",2,"cc",0,1885,1768,-1,-1,1,-1,-1,-1,-1,-1,-1,-1,"d","D","D","D","D","d","d","d","D","D","d","D","D","d","d","d","D","D","D","d","d","D","d","D","D","D","D","d","D","d","D","D","D","D","d","D","D","D","d","d","D","d","d","d","d","d","d","d","d",1.69462014038231
104,50,8,"aa",0,"Bb",1,"Cc",1,1751,46,-1,1,1,1,1,1,1,1,1,-1,"D","D","D","D","D","d","d","d","d","D","D","d","D","D","d","D","D","D","d","d","d","D","D","d","D","D","D","d","d","d","D","d","D","d","d","d","D","d","d","d","d","D","d","D","d","d","d","d","D",-1.93461608293311
91,50,9,"aa",0,"BB",2,"cc",0,440,2361,-1,-1,-1,-1,1,-1,-1,-1,-1,-1,"d","d","d","D","D","d","d","d","d","D","d","D","D","d","d","D","d","D","D","d","D","d","d","D","d","d","D","d","d","d","d","D","D","D","d","D","D","d","d","D","d","d","d","d","D","d","d","D","d",-0.788295258128065
99,50,10,"Aa",1,"bB",1,"cc",0,1521,226,1,-1,1,-1,1,-1,1,1,-1,-1,"d","d","D","D","D","d","D","d","d","d","D","d","D","d","D","d","D","D","D","d","d","d","D","D","D","D","D","d","d","d","d","D","D","D","D","D","d","D","D","D","D","d","d","D","D","d","d","d","d",-0.618473983380966
99,50,11,"aa",0,"bB",1,"cC",1,2330,310,1,-1,-1,1,-1,1,1,1,-1,-1,"D","D","D","D","D","D","d","d","d","d","D","D","D","d","D","d","d","D","D","d","d","d","D","D","D","D","D","d","D","D","D","D","D","D","D","D","d","d","d","D","D","d","d","d","d","d","d","D","d",-0.425196697589303
103,50,12,"aa",0,"BB",2,"CC",2,1666,2248,-1,-1,-1,1,1,1,1,1,1,1,"d","D","D","D","D","d","D","d","d","d","d","D","D","d","d","d","d","D","d","d","d","d","d","D","D","D","d","D","d","d","D","D","D","D","d","d","D","d","D","d","d","D","d","d","d","d","d","D","D",-0.455245609551356
99,50,13,"AA",2,"Bb",1,"Cc",1,1106,930,-1,-1,1,-1,1,1,1,-1,1,1,"d","D","D","D","D","d","d","d","d","D","D","d","D","d","D","d","D","d","D","D","D","d","D","D","D","D","D","d","d","D","d","d","d","D","d","D","d","d","d","d","d","d","d","d","d","D","d","d","d",-2.15101941149434
96,50,14,"aa",0,"bB",1,"cC",1,2398,997,1,-1,1,-1,-1,1,-1,1,-1,-1,"d","d","D","D","D","D","D","d","D","D","D","D","d","d","d","D","d","D","D","D","D","d","D","d","D","D","D","d","d","D","D","D","d","D","D","D","D","d","d","D","d","d","D","D","d","D","D","d","d",-1.50702692271706
92,50,15,"aa",0,"bb",0,"cC",1,981,907,-1,-1,-1,1,-1,-1,-1,-1,-1,-1,"d","D","d","d","D","d","d","D","d","d","D","D","d","d","d","d","D","d","D","D","D","d","D","D","D","D","D","d","d","d","D","D","D","D","d","d","D","D","d","D","d","D","D","D","d","d","d","D","d",0.364326568192804
99,50,16,"aA",1,"bB",1,"cc",0,2150,51,-1,-1,1,-1,1,1,1,-1,-1,1,"d","d","D","D","d","D","d","D","D","D","d","d","d","D","d","D","d","D","D","D","D","d","d","D","D","D","D","d","d","D","D","D","d","d","D","D","D","d","D","d","D","D","d","D","d","d","d","d","d",-0.299415993593651
93,50,17,"aA",1,"bb",0,"Cc",1,795,893,-1,-1,-1,-1,-1,-1,-1,-1,-1,-1,"d","d","d","D","D","D","d","d","D","d","D","D","D","d","d","d","d","d","D","d","D","d","d","d","D","D","D","d","d","D","D","d","D","D","D","D","D","d","d","d","d","d","d","d","D","d","D","D","d",3.44922721685141
99,50,18,"AA",2,"bb",0,"Cc",1,10,773,-1,-1,1,-1,1,-1,1,1,-1,-1,"D","D","d","D","D","d","D","d","D","d","D","D","d","d","D","d","D","D","D","d","d","D","D","D","D","D","D","D","d","D","D","D","D","D","D","D","D","D","D","D","D","d","d","d","d","d","d","d","D",1.11623782467995
93,50,19,"AA",2,"BB",2,"CC",2,1687,1624,1,-1,-1,-1,-1,-1,-1,1,-1,-1,"d","D","D","d","d","D","D","D","d","d","D","D","d","d","d","d","d","D","D","D","d","d","D","d","D","D","d","d","d","D","D","d","D","D","d","d","D","D","D","D","d","D","D","d","d","d","d","d","d",-0.783713476630588
100,50,20,"aa",0,"bb",0,"Cc",1,341,83,-1,-1,1,1,1,1,1,1,-1,-1,"d","d","D","D","D","d","d","d","d","d","D","d","D","d","d","d","d","D","D","D","d","d","d","D","D","D","D","d","d","D","D","D","D","D","d","D","d","d","d","d","D","d","d","d","d","d","d","D","D",-1.30414812368888
96,50,21,"aa",0,"Bb",1,"cC",1,2434,1037,1,-1,-1,-1,1,1,-1,1,-1,-1,"D","D","D","D","D","d","d","d","d","D","D","d","D","d","d","D","D","D","D","D","d","d","D","D","D","D","D","d","d","d","D","d","d","d","D","D","D","D","D","d","D","D","d","d","D","D","d","D","d",-1.01123995276178
95,50,22,"aa",0,"Bb",1,"CC",2,627,1834,1,-1,-1,-1,1,-1,1,-1,-1,-1,"D","D","D","D","D","D","D","d","d","D","D","d","D","D","D","d","d","D","D","d","D","d","D","D","D","D","D","d","D","D","d","d","d","d","D","D","d","d","d","D","d","D","d","D","D","d","D","d","d",-0.868283800179221
94,50,23,"AA",2,"BB",2,"CC",2,2333,2325,-1,-1,-1,-1,1,-1,1,-1,-1,-1,"d","d","D","D","D","D","d","d","d","D","d","D","d","D","d","D","d","D","D","D","D","d","D","D","D","d","D","D","d","d","d","D","D","D","D","d","D","D","D","d","d","d","d","d","d","D","d","D","d",0.962002433440266
95,50,24,"AA",2,"BB",2,"Cc",1,1736,1277,1,-1,-1,-1,-1,-1,-1,1,-1,-1,"D","d","D","D","D","d","d","d","d","d","d","D","d","d","d","D","d","D","D","D","D","D","d","d","D","d","D","d","d","D","D","D","d","d","D","D","d","D","D","d","D","D","D","d","d","d","d","d","d",1.95687564165986
96,50,25,"Aa",1,"BB",2,"cC",1,1702,1102,1,-1,1,1,-1,-1,-1,-1,-1,-1,"D","D","d","D","D","D","D","d","d","D","d","D","D","d","d","D","d","D","D","D","d","d","D","D","D","D","D","d","d","D","D","d","D","D","D","D","D","D","d","d","D","d","d","D","D","d","D","d","d",0.0386063070101297
103,50,26,"Aa",1,"Bb",1,"cc",0,2019,2208,-1,-1,1,1,1,1,1,1,-1,-1,"D","d","D","D","D","d","D","D","d","D","D","d","D","D","d","D","d","D","D","D","d","D","D","D","D","D","D","d","d","d","d","d","d","d","D","d","d","d","d","d","d","d","D","D","D","d","d","D","D",1.94036125740648
90,50,27,"Aa",1,"BB",2,"CC",2,1388,1099,-1,-1,-1,-1,-1,-1,-1,-1,-1,-1,"D","D","d","D","d","D","d","d","d","D","D","D","D","d","D","D","D","D","D","D","d","d","d","D","D","D","D","d","d","D","D","D","D","D","D","d","D","D","D","D","d","d","d","d","d","d","D","d","d",0.0743403479431115
91,50,28,"aa",0,"Bb",1,"cC",1,1648,2280,-1,-1,-1,1,-1,-1,-1,-1,-1,-1,"d","D","D","D","d","d","d","D","D","D","D","D","D","D","d","d","D","D","D","d","D","D","d","D","d","D","D","d","d","D","d","D","D","D","D","D","d","d","d","D","d","d","D","D","d","d","d","d","d",-0.668719421076646
99,50,29,"aa",0,"BB",2,"cc",0,1306,959,-1,1,1,1,1,-1,-1,1,-1,-1,"D","D","D","D","D","D","d","D","d","D","D","D","D","d","d","d","d","D","D","D","d","d","D","D","D","D","D","d","d","D","D","D","D","D","D","D","D","D","d","D","D","d","D","d","d","d","d","d","d",-0.899033086798989
95,50,30,"Aa",1,"bB",1,"cC",1,1801,2121,-1,1,1,1,-1,1,-1,-1,-1,-1,"d","d","D","D","D","d","D","d","d","D","d","D","d","d","D","D","d","D","D","d","d","d","D","D","D","D","D","d","d","d","D","D","D","D","d","D","D","D","D","D","D","D","d","d","d","d","d","d","D",-2.21255135793804
95,50,31,"Aa",1,"Bb",1,"cC",1,2143,373,-1,1,1,-1,-1,1,-1,1,-1,-1,"D","D","D","D","D","D","d","d","d","D","D","D","D","d","d","D","D","D","D","d","D","d","D","D","D","D","D","d","d","D","d","d","D","d","D","D","D","D","D","D","D","D","D","d","d","d","d","d","d",-2.55722541292644
96,50,32,"AA",2,"bB",1,"Cc",1,681,1214,1,-1,1,-1,1,-1,-1,-1,-1,-1,"D","D","d","D","D","d","d","d","d","D","d","D","d","d","d","d","D","d","D","D","d","d","D","D","d","D","D","d","d","D","D","D","d","D","D","d","D","D","d","d","d","D","d","D","d","d","D","d","d",0.0379319699842831
100,50,33,"aA",1,"bb",0,"cc",0,1529,510,-1,1,-1,1,-1,1,1,-1,-1,-1,"d","d","D","D","D","D","D","d","d","d","D","D","d","d","d","d","d","d","D","D","D","D","d","d","D","D","D","d","d","D","D","D","D","D","D","D","D","D","d","D","D","d","d","d","d","d","D","d","d",2.97655939642742
92,50,34,"AA",2,"bb",0,"CC",2,1330,2303,-1,-1,-1,-1,-1,1,-1,1,-1,-1,"D","D","D","D","D","d","D","d","d","D","d","d","d","d","d","D","D","D","d","d","D","d","D","D","D","D","D","d","d","d","D","D","D","D","D","D","d","d","D","d","D","D","D","d","D","D","D","d","d",-1.56558991261545
94,50,35,"AA",2,"BB",2,"cc",0,622,2226,-1,-1,-1,1,1,-1,1,-1,-1,-1,"d","D","d","D","D","d","D","d","d","D","D","D","D","d","D","D","d","d","D","D","d","d","D","D","d","D","D","d","d","d","D","d","d","d","D","d","d","d","d","D","D","d","d","D","d","D","d","D","d",-1.24178753625954
103,50,36,"Aa",1,"bB",1,"cC",1,2380,1888,-1,1,1,1,-1,1,1,1,-1,1,"d","D","D","D","D","d","D","d","D","D","D","d","D","D","D","D","d","d","D","D","D","d","D","D","D","D","D","d","d","D","d","d","d","D","D","D","D","d","D","d","d","d","D","d","d","d","d","D","D",-0.15998615116152
102,50,37,"aA",1,"BB",2,"CC",2,1206,1982,-1,1,1,-1,1,1,1,1,-1,-1,"D","d","d","d","D","d","d","d","D","D","d","D","d","d","d","d","d","D","d","d","D","d","D","d","D","D","D","d","d","d","d","D","d","D","D","D","D","d","D","d","d","D","D","D","d","D","d","d","d",0.608217235088218
102,50,38,"Aa",1,"BB",2,"cC",1,563,1454,-1,-1,1,1,1,1,1,1,-1,-1,"D","d","d","D","D","D","D","d","d","D","D","d","d","d","D","D","d","D","D","D","d","d","D","D","D","D","D","D","D","D","D","d","D","d","D","D","d","d","d","d","d","d","D","d","D","D","d","d","d",0.854872230686216
97,50,39,"Aa",1,"bb",0,"cC",1,1632,78,-1,-1,1,-1,-1,-1,1,1,-1,1,"d","d","D","d","D","d","d","d","d","D","D","d","D","d","d","d","d","d","D","d","D","D","D","d","D","D","D","d","D","D","D","D","D","D","D","D","D","D","d","D","d","d","D","d","d","D","D","D","d",-0.770689164505385
94,50,40,"aa",0,"bB",1,"Cc",1,1784,676,-1,-1,-1,1,-1,-1,1,1,-1,-1,"d","D","d","D","d","D","d","d","D","d","D","D","D","d","d","d","d","D","D","d","D","D","D","D","D","D","D","d","d","D","D","d","D","d","d","d","d","d","d","D","d","d","d","d","D","d","D","d","d",-1.60748077578743
99,50,41,"aA",1,"BB",2,"cC",1,919,2382,-1,-1,1,1,1,-1,1,1,-1,-1,"D","d","d","D","D","D","d","d","D","D","D","d","D","d","D","d","d","d","D","D","D","D","d","D","D","D","D","d","d","D","d","D","d","D","D","D","d","d","D","D","D","D","D","d","d","d","d","d","D",-0.590029123085135
91,50,42,"Aa",1,"BB",2,"cC",1,1838,333,1,-1,-1,-1,1,-1,-1,-1,-1,-1,"D","d","d","D","D","d","d","D","d","d","d","d","D","d","D","D","d","D","d","D","D","d","D","d","D","D","D","d","d","d","D","D","D","d","D","d","d","D","D","D","D","d","d","d","D","D","d","d","D",-2.54737071475271
98,50,43,"aa",0,"bB",1,"cC",1,1096,2180,-1,1,-1,1,-1,-1,1,1,-1,-1,"d","D","D","d","D","d","d","d","D","d","D","D","D","d","d","D","D","d","D","d","D","D","D","D","D","D","D","d","D","D","d","D","D","D","D","D","D","D","D","d","d","d","D","d","d","D","D","d","D",0.354286643197008
92,50,44,"aa",0,"bB",1,"CC",2,832,2412,-1,1,-1,-1,1,-1,-1,-1,-1,-1,"d","D","D","D","D","D","d","D","D","D","D","D","d","D","d","D","d","D","D","D","D","d","D","D","D","d","D","d","d","D","D","d","D","d","D","D","d","d","D","D","d","d","d","d","D","D","d","d","d",-1.18624406158337
103,50,45,"AA",2,"BB",2,"Cc",1,454,1238,1,1,1,-1,1,1,1,1,-1,-1,"d","D","D","D","D","d","d","d","d","D","d","d","D","D","D","d","d","d","D","d","d","d","D","D","D","D","D","d","d","D","d","d","d","D","D","D","D","D","d","D","d","D","D","d","d","d","d","d","d",-0.650848199296944
97,50,46,"aa",0,"bb",0,"CC",2,941,1961,-1,-1,-1,1,1,-1,1,-1,1,-1,"d","d","D","D","d","d","D","d","D","D","D","D","d","d","d","D","d","d","D","D","d","d","d","D","d","D","D","D","d","D","d","d","D","D","D","D","D","d","D","d","d","D","d","D","d","d","d","d","d",-0.015868649011852
104,50,47,"aA",1,"bb",0,"Cc",1,2388,1690,1,-1,1,1,-1,1,1,1,1,-1,"d","D","D","D","D","D","D","d","d","d","D","d","d","d","D","D","D","d","D","D","d","d","d","D","D","D","D","d","D","D","d","d","d","D","d","d","d","d","D","d","d","d","d","d","d","d","d","d","d",0.244701181707682
107,50,48,"Aa",1,"Bb",1,"CC",2,1672,1304,1,1,1,1,1,1,1,1,-1,1,"D","d","d","D","D","D","D","d","d","d","d","D","d","d","d","D","D","d","D","D","d","D","D","D","D","d","D","d","d","d","d","d","d","D","D","d","d","D","D","D","d","d","D","d","D","d","D","D","d",-0.72726306120635
101,50,49,"aA",1,"bB",1,"cC",1,2389,2257,1,-1,-1,1,-1,1,1,-1,-1,-1,"d","D","d","D","D","d","d","d","D","D","D","d","D","D","D","D","D","D","D","d","D","D","D","D","D","D","D","d","d","D","D","D","d","D","D","d","D","D","d","D","D","d","D","d","d","d","D","d","D",3.26597252240192
