"FLday","X_pos","Y_pos","genotypeA","mapA","genotypeB","mapB","genotypeC","mapC","Mother","Father","loc1a","loc1b","loc2a","loc2b","loc3a","loc3b","loc4a","loc4b","loc5a","loc5b","neut1a","neut1b","neut2a","neut2b","neut3a","neut3b","neut4a","neut4b","neut5a","neut5b","neut6a","neut6b","neut7a","neut7b","neut8a","neut8b","neut9a","neut9b","neut10a","neut10b","neut11a","neut11b","neut12a","neut12b","neut13a","neut13b","neut14a","neut14b","neut15a","neut15b","neut16a","neut16b","neut17a","neut17b","neut18a","neut18b","neut19a","neut19b","neut20a","neut20b","neut21a","neut21b","neut22a","neut22b","neut23a","neut23b","neut24a","neut24b","neut25a","neut25b"
95,1,1,"Aa",1,"bB",1,"cC",1,100,204,-1,-1,-1,1,1,1,-1,-1,-1,1,"d","D","d","d","d","d","d","d","D","D","d","D","d","D","D","D","d","D","D","d","D","D","d","D","d","d","d","d","D","D","d","D","d","D","D","D","d","D","D","D","D","d","D","d","D","d","D","d","D",-2.68504138052099
100,2,2,"aa",0,"bB",1,"Cc",1,150,309,-1,-1,-1,-1,-1,1,1,1,1,1,"d","d","D","D","D","D","D","D","d","D","D","d","D","D","D","d","d","D","D","d","D","d","d","D","D","D","d","D","D","d","D","d","D","d","d","D","D","D","D","D","D","d","D","D","D","D","D","d","D",0.130462734405722
102,3,3,"Aa",1,"Bb",1,"CC",2,151,53,-1,-1,-1,1,1,1,-1,-1,1,1,"D","D","d","D","d","d","d","d","D","D","D","d","D","D","D","d","d","d","d","d","d","D","D","d","d","d","D","d","D","D","d","D","d","D","D","D","D","D","D","d","D","d","D","D","d","d","D","d","D",2.42345604211766
101,4,4,"aa",0,"bB",1,"cc",0,250,251,-1,1,1,1,-1,-1,1,-1,1,1,"D","d","D","d","D","d","D","d","D","D","D","d","D","d","D","d","D","d","D","d","D","D","d","D","d","d","D","D","d","d","D","d","d","d","D","d","D","D","D","d","D","D","d","d","D","d","D","d","d",-0.729911660590377
100,5,5,"Aa",1,"bB",1,"cC",1,250,200,-1,-1,1,-1,1,-1,-1,1,-1,1,"d","d","D","d","D","d","D","d","D","D","d","d","d","D","D","d","d","D","d","D","D","D","D","D","D","D","d","d","d","d","D","D","d","d","d","d","D","D","D","D","D","d","d","d","d","d","D","D","d",2.64176225992205
93,6,6,"Aa",1,"bB",1,"Cc",1,6,744,-1,-1,-1,-1,1,1,-1,-1,-1,-1,"d","d","D","d","d","D","d","D","D","D","D","d","d","d","D","d","d","D","D","D","D","D","D","D","d","D","d","D","d","d","d","d","d","D","D","d","d","D","D","D","D","d","d","d","d","D","d","D","d",-0.916448978609038
93,7,7,"Aa",1,"bB",1,"cc",0,7,347,-1,1,-1,1,-1,-1,-1,-1,-1,-1,"d","D","D","d","d","d","d","D","D","D","D","D","D","d","D","d","d","D","d","D","d","D","d","D","d","D","D","D","d","d","d","D","d","D","d","D","D","D","D","d","d","d","D","D","D","D","d","D","d",-0.7481202060244
101,8,8,"aa",0,"bB",1,"Cc",1,8,251,-1,-1,1,-1,1,-1,1,1,-1,1,"d","D","D","d","D","D","d","D","D","D","D","d","D","d","D","d","D","d","D","D","D","D","D","d","d","D","d","d","d","d","d","D","D","D","D","D","d","d","D","D","d","D","d","d","D","D","D","d","d",1.39753406172575
105,9,9,"Aa",1,"Bb",1,"Cc",1,451,397,-1,-1,1,-1,1,1,1,1,1,-1,"d","d","D","d","D","D","d","d","d","D","D","D","D","D","D","d","D","D","d","D","D","D","D","d","D","D","d","d","D","d","d","d","D","d","D","D","d","D","d","D","d","D","d","D","D","D","D","D","D",3.64493941421338
103,10,10,"Aa",1,"Bb",1,"CC",2,10,202,-1,-1,1,1,-1,1,1,1,1,-1,"d","d","d","d","d","D","d","D","D","D","d","D","D","d","d","D","d","d","d","d","D","D","D","d","d","d","d","d","D","d","d","d","D","d","d","D","D","d","D","d","d","d","D","d","D","d","d","D","D",1.38229603435316
101,11,11,"Aa",1,"Bb",1,"cc",0,501,402,-1,-1,-1,1,1,1,1,1,1,1,"d","D","d","D","d","d","d","D","D","D","D","d","d","D","D","d","D","D","d","d","d","D","D","d","D","d","D","d","D","D","d","d","d","d","d","d","D","D","D","d","d","d","d","D","D","d","D","D","D",-2.34085878844509
97,12,12,"AA",2,"Bb",1,"Cc",1,649,1283,-1,-1,1,-1,-1,1,-1,1,1,1,"D","D","D","D","d","d","d","d","d","d","D","d","D","d","d","d","D","D","D","D","d","d","d","D","D","d","d","d","d","D","D","D","d","d","D","d","D","D","d","d","D","D","d","d","d","D","d","D","D",-2.52173513355037
96,13,13,"aa",0,"BB",2,"cC",1,12,842,-1,-1,-1,-1,1,-1,1,1,1,-1,"D","D","D","d","D","D","d","d","d","D","D","D","d","D","D","d","d","D","d","d","d","D","d","D","D","d","d","D","D","d","d","D","d","d","d","d","D","d","D","d","D","d","D","d","D","D","d","d","d",-1.456668095348
94,14,14,"AA",2,"bB",1,"cc",0,14,699,-1,-1,1,-1,-1,1,-1,1,-1,-1,"D","D","d","D","D","d","D","D","D","D","d","D","D","D","D","D","d","D","D","d","D","D","D","D","d","D","d","d","d","d","d","D","d","d","d","D","d","D","D","d","d","D","D","d","D","D","D","D","d",-1.1300967908735
102,15,15,"aa",0,"bb",0,"Cc",1,750,601,-1,1,1,-1,-1,1,1,-1,1,1,"D","D","D","D","D","D","d","D","d","d","D","D","d","d","D","d","D","d","D","d","d","D","d","D","D","D","D","D","D","d","D","D","D","d","D","D","D","D","d","d","D","d","D","d","d","D","D","d","d",0.571958759573022
99,16,16,"aA",1,"bb",0,"Cc",1,16,998,-1,-1,1,1,-1,-1,1,-1,1,1,"d","D","D","D","D","D","D","D","d","D","D","D","D","d","D","d","d","d","d","D","d","D","d","D","D","d","d","D","d","d","d","d","d","d","D","D","D","D","d","D","D","d","d","d","D","D","D","d","D",-0.407080928177419
105,17,17,"Aa",1,"bB",1,"cc",0,801,15,-1,-1,1,1,1,1,-1,1,1,1,"D","D","D","d","D","D","D","D","d","d","d","D","D","D","D","D","D","d","D","d","D","D","D","D","D","d","d","D","d","D","d","d","D","D","D","D","D","D","D","D","D","D","d","d","D","D","d","d","d",1.2141880737677
97,18,18,"AA",2,"BB",2,"cC",1,899,845,1,-1,-1,1,-1,-1,-1,1,-1,1,"D","d","D","D","D","d","D","D","D","D","D","d","d","d","D","D","d","D","D","D","D","D","d","D","D","D","D","D","D","d","D","D","d","D","D","d","D","D","d","D","D","d","d","d","D","D","D","d","D",-0.689818761984214
99,19,19,"aA",1,"BB",2,"cC",1,19,951,-1,-1,-1,1,-1,1,-1,1,-1,1,"D","d","D","d","d","d","d","d","d","D","d","D","d","d","d","D","d","d","d","d","D","D","d","d","d","D","D","D","d","d","d","d","d","D","d","d","d","D","d","D","D","d","D","D","D","d","D","D","d",1.03644236932964
102,20,20,"AA",2,"Bb",1,"CC",2,19,708,-1,-1,-1,1,1,1,1,1,1,-1,"d","D","D","d","d","d","d","d","d","D","D","D","D","d","D","D","d","d","d","d","d","d","d","d","d","d","d","D","D","d","d","D","D","D","D","d","D","D","d","D","D","d","d","D","d","d","d","D","D",0.541599831960352
102,21,21,"aa",0,"bB",1,"Cc",1,21,1153,-1,-1,-1,1,1,1,-1,1,1,1,"d","d","D","d","d","d","d","d","D","d","D","d","d","D","D","D","D","D","D","D","d","d","d","D","D","D","d","D","D","D","D","d","d","D","D","D","d","d","d","D","D","D","D","d","D","D","D","d","d",0.321381252707445
98,22,22,"aa",0,"Bb",1,"Cc",1,21,1343,-1,1,-1,1,1,-1,-1,-1,1,1,"d","d","D","d","D","d","d","D","d","d","d","d","D","d","d","D","d","D","d","D","D","d","D","D","D","D","d","D","D","d","d","D","d","d","D","D","D","d","d","D","d","D","d","d","D","D","d","d","D",-1.86035143446878
96,23,23,"aa",0,"bb",0,"cC",1,23,1436,-1,1,-1,-1,-1,1,1,-1,-1,1,"d","d","D","d","D","D","d","d","D","D","D","D","D","D","d","d","d","d","D","d","D","d","d","d","D","d","d","d","D","d","D","d","D","d","d","D","D","d","d","D","D","d","d","d","D","d","D","d","D",-1.95954392262775
97,24,24,"Aa",1,"BB",2,"cc",0,24,24,1,-1,1,-1,-1,-1,1,-1,1,1,"D","d","d","D","D","D","D","d","d","d","d","D","D","D","D","d","D","D","D","d","D","d","d","d","d","d","d","D","d","D","D","d","d","d","D","d","d","d","d","D","D","d","D","D","D","d","d","d","D",-2.1938248472474
95,25,25,"aa",0,"Bb",1,"Cc",1,25,1299,-1,-1,-1,-1,-1,-1,-1,1,-1,1,"d","D","d","d","D","d","d","D","D","d","D","d","D","D","d","D","D","D","D","d","D","d","D","D","d","D","d","D","d","D","D","d","d","D","d","d","D","d","D","d","d","d","D","d","D","D","D","d","d",1.58648269980095
94,26,26,"Aa",1,"Bb",1,"CC",2,1300,1540,-1,-1,-1,-1,-1,1,-1,-1,1,1,"d","D","d","D","d","D","d","D","D","D","D","d","D","D","D","d","d","d","D","d","d","D","D","d","d","D","D","D","D","d","D","D","D","D","D","D","d","D","D","d","D","D","d","D","d","d","d","D","D",-1.1807068208578
96,27,27,"aa",0,"bB",1,"cc",0,27,1253,-1,-1,1,-1,-1,-1,1,1,-1,1,"d","D","d","D","D","D","d","d","d","D","D","D","d","d","d","d","D","d","D","d","D","D","d","D","D","D","D","D","D","d","d","D","D","D","D","D","D","d","D","d","d","D","D","D","D","d","d","D","D",-1.24097900360414
95,28,28,"aa",0,"BB",2,"cc",0,28,1354,-1,-1,1,1,-1,-1,-1,-1,1,-1,"D","D","d","d","d","d","D","d","D","d","d","d","D","d","D","D","d","D","d","D","d","D","D","D","d","d","d","d","d","d","d","D","D","d","d","D","D","d","D","d","d","D","d","D","D","d","D","d","D",-0.00973409112252044
92,29,29,"aa",0,"Bb",1,"Cc",1,1500,1451,-1,-1,-1,-1,-1,-1,-1,-1,1,-1,"d","d","D","D","d","D","d","d","D","D","d","d","D","D","D","D","d","D","d","D","D","D","D","d","D","d","d","D","d","D","d","D","D","D","D","D","d","D","d","d","D","d","D","d","d","d","D","D","D",0.0283175333309264
99,30,30,"aa",0,"bB",1,"cC",1,1404,1304,-1,-1,1,-1,1,-1,1,-1,1,1,"d","d","D","d","D","D","d","d","D","d","D","d","d","D","d","D","d","d","D","D","D","D","D","d","d","d","d","D","d","D","D","d","d","D","D","D","D","d","D","D","D","D","d","D","d","d","D","d","D",-0.418449483531792
103,31,31,"aa",0,"Bb",1,"cC",1,31,1552,-1,-1,1,-1,1,1,-1,1,1,1,"D","D","D","D","D","D","d","D","d","D","d","D","D","D","d","D","d","D","d","D","d","D","d","D","d","d","D","d","d","D","d","d","D","D","D","D","D","D","D","D","d","D","D","D","d","D","D","D","D",1.50608555989167
103,32,32,"aA",1,"bB",1,"cc",0,32,1551,-1,-1,1,-1,-1,1,1,-1,1,1,"D","D","d","D","d","D","D","D","D","d","D","D","d","d","d","d","D","d","d","D","d","D","D","D","D","d","D","d","d","D","d","d","d","d","D","D","D","d","D","D","D","d","d","D","d","D","D","d","D",3.40863515338568
98,33,33,"Aa",1,"Bb",1,"cc",0,33,1597,1,-1,1,1,1,-1,-1,1,1,-1,"D","D","d","D","D","d","d","d","d","d","D","D","D","D","D","D","D","D","d","D","d","d","d","D","D","D","d","D","D","d","d","d","d","d","d","d","d","D","d","d","D","d","d","D","d","d","d","D","D",-3.24120491047501
94,34,34,"aa",0,"BB",2,"cc",0,34,1844,-1,-1,-1,1,-1,1,-1,-1,-1,1,"d","d","d","D","d","d","d","D","d","D","d","d","d","d","d","d","D","d","d","D","d","d","D","d","D","d","D","d","d","D","D","D","D","D","D","d","D","D","d","d","D","d","d","d","d","d","d","D","d",-1.70141484136146
101,35,35,"AA",2,"bb",0,"Cc",1,35,1408,1,-1,1,-1,1,1,-1,-1,1,1,"d","d","d","d","D","d","d","d","d","D","D","d","d","D","d","d","d","d","d","D","D","D","D","d","D","d","d","d","d","D","D","D","d","d","d","d","D","D","D","D","d","d","d","d","D","d","D","d","d",-0.406167288097966
99,36,36,"aa",0,"bB",1,"cC",1,1849,1947,-1,-1,-1,-1,-1,1,1,1,1,-1,"D","d","D","d","d","d","D","D","D","D","d","d","d","D","d","D","D","D","d","d","D","d","D","D","d","D","d","D","d","d","d","D","d","D","d","D","d","D","D","D","d","d","d","d","D","D","d","d","d",1.05330734367128
100,37,37,"aa",0,"Bb",1,"CC",2,1947,1702,-1,-1,-1,1,1,-1,1,-1,1,1,"d","D","D","d","D","d","D","D","D","d","D","d","d","D","d","D","d","d","d","d","D","D","D","d","d","d","d","D","D","d","d","D","D","d","D","D","D","D","D","d","d","d","d","D","d","d","D","d","d",0.634616018312055
106,38,38,"aA",1,"bb",0,"cC",1,38,1901,-1,1,1,1,-1,1,1,1,1,1,"d","D","D","d","D","d","d","D","d","D","D","D","d","d","d","d","D","d","D","d","D","D","d","d","D","d","d","D","D","d","d","d","D","D","d","D","d","d","d","d","d","D","d","D","D","d","d","d","d",0.560710300815047
105,39,39,"AA",2,"bB",1,"cc",0,39,39,1,1,1,-1,1,1,-1,-1,1,1,"D","d","d","D","D","d","d","D","d","D","D","d","d","D","D","D","d","D","d","d","d","d","d","d","D","D","d","D","D","D","D","D","D","d","d","D","D","d","D","D","D","D","d","d","D","d","d","D","D",1.11188638128899
102,40,40,"AA",2,"bb",0,"CC",2,40,2102,-1,-1,1,1,1,1,1,1,-1,-1,"D","D","D","d","D","D","d","D","d","d","D","d","D","d","D","d","d","D","D","D","d","d","D","d","d","D","d","d","d","d","D","D","d","D","D","D","d","d","d","d","D","d","d","d","D","d","D","d","d",0.400334047975847
100,41,41,"aa",0,"bb",0,"cC",1,2150,2146,-1,-1,-1,1,-1,1,1,-1,1,1,"D","d","D","D","d","d","d","d","D","D","D","D","D","D","D","D","d","D","d","D","D","d","D","d","d","D","d","D","D","D","d","d","d","D","d","d","d","D","d","D","d","d","D","d","D","d","d","d","d",0.0733160736210398
104,42,42,"Aa",1,"bB",1,"cC",1,42,2002,1,-1,1,1,1,1,-1,1,1,-1,"D","d","d","D","d","d","d","D","D","D","D","D","D","D","D","d","d","D","D","d","d","D","d","D","d","D","d","d","d","d","d","D","d","d","d","D","D","d","D","D","d","d","d","D","d","d","d","d","D",0.257877764106746
102,43,43,"aA",1,"bb",0,"cc",0,2150,42,-1,1,-1,1,-1,1,1,-1,1,1,"D","d","d","d","D","D","d","D","D","D","d","D","d","D","D","d","d","d","D","D","d","D","D","d","d","D","D","D","d","D","D","d","D","D","d","D","d","d","d","D","D","D","d","d","d","d","D","d","d",0.714130377654645
99,44,44,"aA",1,"bb",0,"cc",0,44,2105,1,-1,-1,1,-1,1,-1,-1,-1,1,"d","D","d","d","D","D","D","D","d","d","D","d","d","d","d","d","d","D","D","d","D","D","D","d","D","d","d","D","D","d","d","D","D","D","d","d","d","d","d","D","d","d","d","d","d","D","D","d","D",1.07751021738547
102,45,45,"Aa",1,"BB",2,"cc",0,45,2399,1,-1,-1,1,1,-1,1,1,1,-1,"d","d","d","D","d","D","D","D","D","d","d","D","D","D","d","d","d","D","d","D","d","D","d","D","d","D","D","d","d","d","d","D","D","d","D","D","D","d","d","d","d","D","D","D","D","d","D","D","D",0.518566012732739
104,46,46,"aa",0,"bb",0,"CC",2,2251,2250,1,1,1,1,1,-1,1,-1,-1,1,"d","d","D","d","d","D","D","D","D","D","D","D","D","d","d","d","D","D","d","d","d","D","D","D","D","D","d","D","D","d","D","D","D","d","D","d","d","d","D","D","d","d","d","D","D","D","D","d","D",0.453795904315725
99,47,47,"aa",0,"bb",0,"cC",1,2350,2299,1,-1,1,-1,1,-1,-1,-1,1,1,"d","D","D","D","d","D","D","D","D","d","d","d","D","D","d","d","d","D","d","d","d","d","d","D","d","D","D","D","D","d","d","d","d","D","d","D","d","D","D","d","d","D","D","D","d","D","d","d","D",-0.189419881608797
96,48,48,"Aa",1,"Bb",1,"Cc",1,48,2304,1,-1,1,-1,-1,1,1,-1,-1,1,"d","d","D","d","D","d","d","d","d","d","D","D","d","D","D","d","d","d","D","d","d","D","D","d","D","d","d","d","d","d","d","d","D","D","D","d","d","d","D","D","d","d","D","d","d","D","D","D","D",-3.23894463765945
96,49,49,"Aa",1,"Bb",1,"Cc",1,48,49,-1,1,1,1,-1,-1,-1,1,-1,-1,"d","d","d","d","d","d","D","d","d","D","D","d","D","D","D","D","d","D","d","d","d","D","d","D","d","D","D","D","D","d","D","D","D","D","d","d","D","d","d","D","D","d","d","d","d","d","D","D","d",-1.34743199380786
94,50,50,"Aa",1,"bb",0,"cC",1,2500,2496,-1,-1,-1,1,1,-1,-1,-1,1,-1,"d","d","d","d","D","d","D","d","d","D","D","d","d","D","d","d","d","D","D","d","d","D","d","D","D","D","d","d","D","d","d","d","D","D","D","d","d","D","D","D","D","D","d","D","D","d","D","D","D",-1.27446396267467
96,1,2,"Aa",1,"bB",1,"CC",2,51,52,-1,1,1,-1,-1,-1,-1,1,-1,1,"d","d","d","D","d","d","d","D","D","D","D","D","d","D","D","d","d","D","d","d","D","d","D","d","D","d","d","d","d","d","D","d","d","D","D","D","D","d","D","d","d","d","D","D","d","D","D","D","d",-1.33873890152571
101,1,3,"aA",1,"Bb",1,"CC",2,53,152,1,-1,1,-1,-1,-1,1,-1,1,1,"d","d","d","d","d","d","d","D","D","D","D","D","D","D","d","d","d","D","D","D","d","d","D","d","d","D","D","d","d","d","d","d","d","D","d","D","d","d","D","d","d","d","D","d","d","D","d","d","D",1.00029752298845
107,1,4,"aA",1,"bB",1,"Cc",1,53,444,1,1,1,1,1,-1,-1,1,1,1,"D","d","d","d","d","d","d","D","D","D","d","d","d","D","D","d","D","d","D","D","D","D","D","d","D","D","D","D","d","d","d","d","d","D","D","D","d","D","d","d","D","d","d","d","D","D","D","D","D",1.49303417142195
108,1,5,"aA",1,"bb",0,"CC",2,56,53,-1,1,1,1,1,1,1,1,1,1,"d","d","d","D","d","d","d","d","D","D","D","d","d","D","D","d","d","d","d","d","D","d","d","D","D","d","D","d","D","D","d","D","d","d","D","d","D","D","d","d","d","D","d","d","d","d","D","d","D",0.416711797569665
102,1,6,"aA",1,"bB",1,"CC",2,55,346,-1,-1,-1,1,1,1,1,1,1,-1,"d","D","D","d","D","d","d","d","d","D","d","D","d","D","d","d","D","D","d","d","d","d","D","D","d","D","d","d","D","D","d","D","d","d","D","d","D","D","D","D","d","d","D","D","D","d","d","D","d",0.341214566578555
97,1,7,"AA",2,"bb",0,"CC",2,56,152,-1,-1,1,-1,1,-1,1,-1,-1,1,"d","D","d","d","d","d","d","d","D","D","D","d","d","D","d","d","d","d","D","D","D","D","d","D","d","d","D","d","D","d","d","D","d","D","d","d","D","D","D","d","D","D","d","D","D","d","D","d","D",-0.110759296716263
102,1,8,"Aa",1,"bB",1,"CC",2,57,56,1,-1,-1,1,-1,-1,1,1,1,-1,"d","D","D","D","d","d","D","D","d","d","D","d","d","D","d","d","d","d","d","D","d","D","d","D","D","d","d","d","d","d","D","d","D","D","D","D","d","D","D","d","D","D","D","D","d","D","d","D","d",2.87041323132614
103,1,9,"Aa",1,"BB",2,"CC",2,59,60,-1,-1,1,1,1,-1,1,-1,-1,1,"D","D","D","D","D","d","d","D","D","D","D","d","D","D","D","D","d","D","D","D","D","d","D","d","D","D","D","D","d","D","D","d","d","d","D","d","d","D","D","D","d","d","d","D","D","D","d","d","d",3.62828648580239
100,1,10,"aa",0,"BB",2,"cC",1,59,56,-1,-1,1,1,1,-1,1,1,-1,1,"d","D","d","D","D","d","d","D","d","D","D","d","d","d","d","D","d","D","d","D","d","d","d","d","D","D","d","D","d","D","D","d","D","d","D","d","d","D","D","d","d","d","D","D","D","D","d","D","d",-1.7668872389974
100,1,11,"aa",0,"BB",2,"CC",2,60,60,-1,-1,1,1,1,-1,-1,1,1,1,"D","D","D","D","D","d","d","D","D","D","D","D","D","D","D","d","d","d","d","D","D","D","D","d","d","d","d","d","D","D","D","D","d","D","d","d","d","D","D","D","D","D","D","D","D","d","d","D","D",-1.33159798663417
94,1,12,"aa",0,"BB",2,"cC",1,209,304,1,-1,-1,-1,-1,-1,-1,1,-1,-1,"d","d","D","d","D","d","D","D","D","d","d","D","d","d","D","D","D","d","D","D","D","d","D","d","d","d","d","d","d","d","d","D","d","d","D","d","D","D","D","d","D","d","d","D","D","d","d","d","D",0.329361890308838
102,1,13,"aA",1,"Bb",1,"CC",2,62,547,-1,1,1,1,1,1,-1,1,-1,1,"d","d","D","d","d","d","d","D","d","d","D","D","d","D","D","d","d","D","D","d","d","D","D","D","D","d","d","d","d","d","d","d","D","d","d","d","d","d","D","d","d","D","d","D","d","d","d","D","d",-1.77633424494952
104,1,14,"AA",2,"bb",0,"CC",2,161,11,-1,1,-1,1,1,1,-1,1,1,1,"D","d","D","d","d","d","d","D","D","d","d","d","D","d","d","D","d","D","D","d","D","d","d","D","d","d","d","d","d","D","d","D","D","d","D","D","D","D","d","D","d","d","D","D","D","d","d","d","d",0.125043104943881
93,1,15,"Aa",1,"BB",2,"cc",0,64,66,-1,-1,-1,1,-1,-1,-1,1,-1,1,"d","d","d","d","D","d","D","d","D","D","d","D","D","d","d","D","D","D","d","d","d","D","D","d","D","d","D","D","d","D","d","d","D","D","D","D","D","d","D","d","d","d","D","D","d","D","d","D","d",-2.16606121071706
101,1,16,"Aa",1,"Bb",1,"Cc",1,65,164,1,1,-1,1,-1,1,1,1,-1,-1,"d","D","D","d","D","d","d","d","D","d","D","D","D","D","d","D","D","D","D","d","d","d","D","D","D","d","d","d","d","D","D","D","D","d","D","D","D","d","D","D","D","d","D","D","d","D","d","d","d",-0.256552069451532
92,1,17,"Aa",1,"bB",1,"cc",0,65,793,-1,1,-1,-1,-1,-1,1,-1,-1,-1,"D","D","d","d","d","d","D","d","d","D","d","D","D","d","D","D","D","D","d","d","D","d","d","D","d","d","d","d","d","d","D","D","d","d","d","D","D","D","D","d","D","d","D","D","d","D","D","D","d",-1.27604525725821
99,1,18,"AA",2,"Bb",1,"cC",1,67,119,1,-1,-1,1,-1,-1,-1,-1,1,1,"d","D","D","d","d","D","D","D","d","D","d","D","d","d","D","D","d","D","D","d","d","d","d","D","D","d","d","d","d","d","d","D","d","d","d","d","d","d","D","d","D","d","D","D","d","D","d","D","D",1.01273125459986
103,1,19,"Aa",1,"bb",0,"cc",0,68,263,1,1,-1,-1,1,1,-1,1,1,1,"d","d","D","D","d","D","d","D","D","D","d","d","d","d","d","D","D","D","D","D","d","d","D","D","d","d","D","d","d","d","D","D","D","d","d","D","D","d","D","D","d","D","d","d","d","D","d","D","d",-0.1319633454607
95,1,20,"Aa",1,"bB",1,"CC",2,69,75,1,-1,-1,-1,-1,-1,1,1,-1,-1,"d","d","d","D","d","D","d","D","d","D","D","d","D","D","D","d","D","D","d","D","d","d","d","D","d","d","d","D","d","d","d","D","D","d","D","D","D","D","D","d","D","d","D","D","d","d","D","D","D",-0.771052314517637
105,1,21,"Aa",1,"bB",1,"cc",0,70,561,-1,1,1,-1,1,-1,1,1,1,1,"d","D","D","d","d","D","d","D","D","D","d","d","D","d","d","d","d","D","D","d","D","d","D","d","D","D","D","d","d","d","D","d","D","D","d","d","d","D","D","D","d","d","d","d","D","d","d","D","D",1.40153242671158
97,1,22,"aa",0,"bb",0,"Cc",1,120,167,-1,-1,1,-1,-1,-1,1,1,1,1,"D","D","d","d","d","D","d","D","d","d","d","D","D","d","d","d","D","D","D","d","d","d","D","D","D","D","d","d","d","D","d","D","d","d","D","D","d","D","D","D","D","d","d","d","d","D","d","d","D",-2.59394301463624
96,1,23,"aa",0,"bB",1,"cC",1,72,362,-1,-1,-1,1,-1,-1,-1,1,1,1,"D","D","D","d","d","d","d","d","d","d","D","d","D","d","d","D","d","d","d","d","d","D","D","d","D","d","D","D","d","D","d","d","D","D","d","d","d","D","D","D","d","d","d","D","d","d","D","d","D",-1.57439057526289
102,1,24,"Aa",1,"bb",0,"cc",0,73,217,-1,1,1,1,-1,-1,1,1,1,1,"D","D","d","D","d","d","D","D","d","D","D","d","D","D","D","d","D","D","d","d","d","D","d","d","D","d","D","d","d","d","D","D","d","d","d","d","d","d","d","d","D","d","d","D","D","d","D","d","D",-1.57460632764414
100,1,25,"Aa",1,"BB",2,"cc",0,74,220,-1,-1,1,1,-1,1,1,1,-1,1,"d","D","D","d","d","d","d","d","d","d","d","d","D","d","d","D","D","D","D","d","D","D","d","D","d","d","d","D","D","d","D","D","d","D","d","D","d","d","d","D","D","d","D","d","d","d","d","d","D",-1.16849138014473
98,1,26,"aA",1,"Bb",1,"Cc",1,124,74,-1,-1,-1,1,-1,-1,1,1,1,-1,"d","D","D","d","D","d","d","D","d","d","D","D","D","d","d","d","D","D","d","d","d","d","D","D","D","d","d","D","D","d","D","d","D","D","D","d","d","D","d","d","D","D","d","D","D","d","D","D","D",0.834835404815587
100,1,27,"aa",0,"bB",1,"Cc",1,126,224,-1,-1,-1,-1,1,1,1,1,1,1,"d","d","D","d","D","d","d","d","d","d","d","D","d","d","d","D","d","D","D","D","D","d","D","D","D","d","d","D","d","D","d","D","d","d","d","D","D","D","D","d","D","D","D","D","D","d","D","d","d",-1.62716139576504
104,1,28,"aa",0,"bb",0,"cC",1,77,125,1,-1,-1,-1,1,-1,1,1,1,1,"d","D","d","d","D","D","d","d","D","d","D","d","D","d","d","d","d","d","D","D","d","d","D","D","d","D","d","d","d","d","D","D","D","D","d","D","d","D","D","D","D","D","d","D","d","d","D","d","D",2.33290090919605
103,1,29,"aa",0,"bb",0,"Cc",1,127,129,-1,-1,-1,-1,1,1,1,1,1,1,"d","d","D","D","D","d","d","d","D","D","d","D","d","d","d","d","d","d","d","D","d","D","D","D","d","d","d","D","D","D","d","d","d","d","D","d","D","D","d","D","d","D","D","D","d","D","d","d","d",1.37779980576617
101,1,30,"Aa",1,"bb",0,"cc",0,79,470,-1,-1,-1,-1,1,1,1,-1,1,1,"D","D","d","D","D","d","d","d","d","d","d","D","D","d","D","d","d","D","d","D","d","D","d","d","d","D","d","d","D","d","d","d","d","d","D","D","d","d","D","d","d","d","D","d","D","d","d","d","D",1.23824712109645
102,1,31,"aa",0,"BB",2,"CC",2,78,224,1,-1,-1,1,-1,1,1,1,1,1,"d","D","D","D","d","d","d","d","d","d","d","D","d","d","D","d","d","D","D","d","D","d","d","d","d","D","d","d","d","D","d","d","d","d","D","D","d","D","D","D","D","D","D","D","D","d","d","D","D",-1.91496207817922
97,1,32,"Aa",1,"bb",0,"CC",2,81,85,-1,-1,1,-1,1,-1,1,-1,1,-1,"d","d","d","d","D","d","D","D","d","d","d","d","d","d","d","D","d","D","D","d","D","d","d","d","d","d","D","D","d","d","D","d","D","D","d","D","d","d","D","D","D","D","d","d","D","D","D","d","D",-0.396519681725958
90,1,33,"AA",2,"Bb",1,"Cc",1,82,184,-1,-1,-1,-1,-1,-1,1,-1,-1,-1,"D","D","d","D","d","d","D","D","d","d","D","d","D","D","d","D","d","d","D","d","D","d","d","D","D","d","D","D","D","d","D","d","d","D","d","D","d","d","D","D","d","D","D","D","d","d","d","D","d",-1.15959317843812
97,1,34,"aa",0,"Bb",1,"cc",0,83,80,1,-1,1,-1,-1,1,1,-1,1,1,"D","D","D","d","D","d","d","d","d","d","D","D","d","d","d","d","d","D","d","D","d","d","d","d","D","d","D","D","d","d","d","d","d","D","D","D","d","d","D","D","D","D","d","D","d","d","D","d","d",-4.16191388141703
98,1,35,"aA",1,"bB",1,"Cc",1,84,131,1,1,1,1,-1,-1,-1,1,-1,-1,"d","D","D","d","d","d","d","D","D","d","d","D","d","d","d","D","d","D","D","D","d","D","d","d","D","D","D","d","D","D","d","d","d","D","D","d","D","D","D","d","d","D","D","d","D","D","d","d","D",-1.6260340060721
99,1,36,"aa",0,"bB",1,"Cc",1,134,133,-1,-1,1,-1,1,1,-1,1,-1,-1,"D","D","d","d","d","d","d","d","d","D","d","D","D","D","d","d","D","D","d","D","D","d","D","d","D","D","D","d","D","D","D","D","D","d","d","d","D","D","D","D","d","D","d","d","d","D","D","d","d",1.20142790603276
94,1,37,"aa",0,"BB",2,"Cc",1,85,133,-1,-1,1,-1,-1,1,-1,-1,-1,-1,"d","D","d","d","d","D","d","D","d","d","d","d","D","D","d","D","D","D","D","d","D","D","d","D","D","D","D","d","d","D","d","D","d","D","d","d","d","d","D","D","d","d","d","D","d","D","D","D","d",0.166000856598281
104,1,38,"aA",1,"bb",0,"cc",0,87,136,1,1,1,1,1,-1,-1,1,1,1,"d","D","d","d","D","D","D","d","D","d","d","D","D","D","D","d","d","d","d","D","D","d","d","D","D","d","d","d","D","d","d","d","d","d","D","d","D","D","D","D","D","d","d","D","d","D","D","d","D",-1.07429863215277
100,1,39,"Aa",1,"bb",0,"CC",2,88,387,-1,-1,1,1,1,1,1,-1,-1,-1,"d","D","D","D","d","D","d","d","d","d","d","D","D","D","D","d","D","D","d","d","D","D","D","d","D","D","d","d","d","d","D","d","D","d","d","D","d","d","D","D","D","d","d","d","D","d","d","D","d",0.0382715699827897
106,1,40,"AA",2,"bb",0,"CC",2,188,88,-1,1,1,1,1,1,1,1,-1,-1,"d","D","D","D","d","d","D","d","D","d","d","D","D","d","D","D","d","D","D","D","D","D","D","d","d","D","D","d","d","d","d","D","d","d","d","d","D","D","d","d","D","D","d","d","d","d","d","D","D",2.93286452012006
95,1,41,"aA",1,"BB",2,"cC",1,90,96,-1,1,-1,-1,-1,-1,1,-1,1,1,"d","d","D","D","D","d","d","d","D","D","D","D","D","D","d","D","d","d","d","d","D","D","D","D","d","d","D","D","d","D","D","d","D","D","d","D","d","d","d","D","d","d","d","d","d","d","D","d","D",-2.08849622962343
101,1,42,"aa",0,"bb",0,"cc",0,91,90,-1,-1,1,-1,1,-1,-1,1,1,1,"d","D","d","D","D","d","D","D","d","D","D","D","D","D","d","D","D","D","d","d","D","D","D","D","D","D","d","D","D","d","d","D","D","D","D","d","d","D","d","D","D","d","d","d","D","D","d","d","d",1.39400991704098
97,1,43,"aa",0,"bb",0,"CC",2,92,94,-1,-1,1,1,-1,-1,-1,1,1,-1,"d","D","d","D","D","D","D","D","d","D","D","D","D","d","d","D","d","d","D","d","d","D","d","d","D","D","D","D","d","D","D","d","d","D","D","D","d","D","D","D","D","D","D","D","d","d","d","d","d",-0.00503500153073085
101,1,44,"aa",0,"bb",0,"cC",1,92,94,-1,-1,1,1,-1,-1,-1,1,1,-1,"D","D","d","D","D","D","D","D","d","D","D","D","D","D","D","D","d","D","D","d","d","D","d","d","D","D","D","d","D","D","D","d","D","D","D","d","D","D","D","D","D","d","D","D","d","d","d","D","d",3.33683436975548
102,1,45,"aa",0,"bB",1,"Cc",1,94,579,-1,1,1,-1,-1,1,1,1,-1,1,"D","d","D","D","d","D","d","D","d","D","D","D","D","D","D","d","D","D","D","d","D","D","d","D","d","D","d","D","d","d","d","D","D","d","d","D","d","D","D","D","D","D","d","D","d","d","d","D","d",0.745507820049439
95,1,46,"aa",0,"bb",0,"Cc",1,144,142,-1,-1,1,1,1,1,-1,-1,-1,-1,"d","d","D","d","d","D","D","D","D","D","d","D","d","d","d","D","D","D","D","d","D","D","D","d","D","d","D","d","d","D","D","d","D","d","d","d","D","D","d","D","d","d","D","d","D","d","D","d","d",-2.68205931396849
92,1,47,"Aa",1,"BB",2,"Cc",1,96,390,-1,-1,-1,-1,1,-1,1,1,-1,-1,"D","D","d","d","d","d","d","D","d","D","D","D","d","d","D","d","D","D","D","D","d","D","d","d","D","D","D","d","D","d","D","D","d","d","d","D","d","D","d","d","D","d","D","D","d","D","d","D","D",-3.8594018238586
105,1,48,"AA",2,"bB",1,"cc",0,97,97,1,1,1,1,1,1,1,1,-1,1,"d","D","D","D","D","d","D","d","d","d","d","d","D","D","d","D","d","d","D","d","d","D","D","D","d","d","D","d","d","D","D","D","D","d","d","d","D","d","d","D","D","D","d","D","d","D","D","d","d",-2.75258981078861
102,1,49,"aa",0,"Bb",1,"cc",0,98,146,1,-1,1,-1,1,1,-1,1,1,-1,"d","d","D","D","D","D","d","d","d","d","d","d","D","d","D","d","d","D","d","d","D","D","D","D","D","d","d","D","D","D","D","D","d","d","d","D","d","d","d","D","D","d","d","d","d","D","d","D","D",0.242286864926731
103,1,50,"aA",1,"bB",1,"CC",2,99,147,-1,1,1,1,-1,1,-1,1,-1,1,"d","D","D","D","d","D","d","d","d","d","d","d","D","D","D","D","D","D","D","D","d","D","D","D","D","d","D","d","D","D","d","D","d","d","d","d","D","D","D","d","D","d","d","d","d","D","d","D","d",1.23841237404836
97,2,1,"Aa",1,"bb",0,"Cc",1,1,348,-1,1,-1,-1,-1,1,1,1,-1,1,"d","d","d","d","D","d","d","D","D","D","D","d","d","d","D","d","d","D","d","D","d","d","D","d","D","d","d","d","D","d","d","d","D","D","d","D","d","D","D","D","d","D","D","D","D","d","d","d","d",-2.12126311460318
100,2,3,"aa",0,"bB",1,"CC",2,101,5,-1,1,-1,-1,1,1,-1,1,1,1,"d","D","D","d","D","d","d","D","d","D","D","d","D","D","d","d","d","d","d","d","d","D","D","D","D","D","d","d","d","d","D","D","d","d","D","D","d","D","D","d","d","d","D","D","D","D","D","d","d",-1.08491014423004
97,2,4,"AA",2,"Bb",1,"Cc",1,102,154,-1,1,1,-1,1,-1,-1,-1,1,1,"d","d","D","D","D","D","D","D","D","D","D","d","D","D","D","d","d","d","D","D","D","d","d","D","D","D","d","d","d","d","D","D","d","d","D","d","D","D","d","D","D","d","d","D","D","d","D","d","D",-2.53444369805659
103,2,5,"aa",0,"bb",0,"CC",2,103,201,1,1,-1,1,1,-1,-1,1,1,1,"d","d","D","D","D","D","d","D","D","D","d","d","d","D","D","d","d","D","d","d","d","d","d","d","D","d","D","d","D","D","d","d","d","D","D","D","D","D","D","d","d","d","d","D","d","D","d","D","D",-0.587585996281012
99,2,6,"aa",0,"Bb",1,"Cc",1,151,353,-1,-1,-1,1,1,1,-1,-1,-1,1,"d","D","D","D","d","d","d","D","D","D","D","D","D","D","D","d","d","d","D","d","d","D","D","d","D","d","D","d","d","D","d","D","d","d","d","d","d","D","D","D","d","d","d","D","D","d","D","D","D",1.49087013508693
96,2,7,"AA",2,"Bb",1,"Cc",1,105,302,-1,-1,-1,1,-1,-1,1,1,-1,1,"D","D","D","d","D","d","d","D","d","D","D","D","D","d","d","d","d","D","D","D","d","d","D","d","d","d","D","D","d","D","D","D","d","D","D","D","d","D","D","D","d","D","D","D","d","d","d","d","D",-1.51783295941408
96,2,8,"aa",0,"bb",0,"CC",2,155,446,1,-1,1,-1,-1,-1,-1,-1,1,-1,"D","d","d","D","d","D","d","D","D","D","d","D","d","D","d","d","d","d","D","d","D","D","D","D","D","d","D","d","D","D","D","d","d","D","d","d","d","D","d","D","d","D","d","d","D","d","D","D","d",0.374968708386018
99,2,9,"aa",0,"BB",2,"Cc",1,107,158,-1,-1,1,1,-1,1,1,-1,-1,1,"d","d","D","D","d","d","D","D","D","D","D","D","D","D","d","d","d","D","D","d","d","d","d","D","D","d","d","d","d","d","d","d","d","d","D","d","d","D","D","D","d","d","d","D","D","D","d","D","d",-0.977608939472671
99,2,10,"aa",0,"bB",1,"cc",0,157,104,-1,-1,1,1,1,1,1,1,-1,-1,"d","D","D","d","D","D","d","D","D","D","d","d","D","D","D","d","d","D","D","D","d","d","D","d","D","D","d","D","d","d","D","d","D","D","D","D","d","d","d","d","D","D","d","D","d","d","d","D","d",-2.43054011592452
100,2,11,"aA",1,"bB",1,"cc",0,158,59,-1,-1,1,1,1,1,-1,1,1,-1,"D","D","D","D","D","d","d","D","D","D","D","D","d","D","D","d","D","D","D","d","d","d","d","d","d","d","D","d","d","d","D","d","d","D","D","D","D","D","d","d","D","d","d","D","D","D","D","d","d",-1.77943289231349
101,2,12,"aa",0,"BB",2,"cc",0,110,110,-1,-1,-1,-1,1,1,1,1,1,1,"D","d","d","D","d","d","d","d","D","d","d","D","D","d","d","D","D","D","D","d","d","d","d","d","d","D","D","D","D","D","D","D","D","D","D","D","d","D","D","D","D","d","d","D","D","D","d","d","D",-0.538479489240997
104,2,13,"aa",0,"BB",2,"cC",1,209,158,1,-1,-1,1,1,1,1,-1,1,1,"d","d","D","d","d","d","D","D","D","D","D","D","D","d","D","d","d","d","D","D","d","D","d","D","d","d","d","D","d","D","d","D","D","D","D","D","d","d","D","d","d","d","D","D","d","d","d","d","d",0.813482350426518
102,2,14,"AA",2,"bB",1,"cC",1,112,61,1,-1,-1,-1,1,1,1,1,1,1,"d","D","d","d","d","d","d","D","D","d","D","D","D","D","D","d","d","D","D","d","d","D","D","D","d","D","d","d","d","d","d","D","D","d","d","D","d","D","d","d","d","d","D","D","D","D","D","d","d",-1.18959025826301
99,2,15,"aa",0,"BB",2,"cc",0,113,264,-1,1,1,1,-1,-1,-1,1,-1,1,"d","D","D","D","d","d","d","d","D","D","d","d","d","d","D","D","D","D","D","d","d","D","D","d","D","d","d","D","d","d","D","d","d","d","D","D","d","d","d","d","d","d","d","D","D","D","D","d","d",-0.7575429436777
102,2,16,"aA",1,"bb",0,"cC",1,163,163,-1,-1,-1,1,1,1,-1,1,1,1,"d","d","d","d","d","d","d","d","D","D","D","D","D","d","D","D","D","d","D","D","D","d","D","D","D","D","d","D","d","d","d","d","d","d","d","d","D","d","d","D","d","D","D","D","D","d","d","D","D",0.959178784653514
101,2,17,"Aa",1,"BB",2,"Cc",1,116,165,1,-1,1,1,-1,-1,1,1,-1,-1,"d","D","D","d","d","d","d","D","D","d","D","D","d","d","d","d","D","D","D","D","D","d","D","D","D","d","D","d","d","d","d","d","d","d","d","d","d","D","D","d","D","d","d","D","D","d","d","d","D",1.32238799876603
104,2,18,"aA",1,"Bb",1,"CC",2,116,114,1,-1,1,1,-1,1,1,1,-1,-1,"d","D","d","d","D","d","D","D","D","d","D","D","D","D","d","d","d","D","D","d","D","D","D","D","D","d","d","d","D","d","d","D","d","d","D","d","D","D","D","d","d","d","d","D","D","D","D","d","D",2.91742893204493
102,2,19,"AA",2,"BB",2,"Cc",1,117,67,-1,1,1,-1,1,-1,1,-1,1,1,"d","D","D","d","d","d","D","d","D","d","D","D","d","D","d","D","D","D","D","D","d","D","d","d","D","D","d","D","d","d","d","D","d","d","d","d","D","D","D","D","d","d","d","D","D","d","D","D","D",0.177713589484893
99,2,20,"aA",1,"bb",0,"cC",1,119,69,-1,-1,1,-1,-1,-1,1,1,1,-1,"d","d","D","D","d","d","D","d","D","D","d","d","D","D","d","d","D","D","D","d","D","d","d","D","D","d","d","d","d","d","D","d","D","d","D","D","D","D","D","d","d","D","d","d","d","d","D","D","D",1.50777074529275
100,2,21,"aA",1,"bb",0,"Cc",1,119,268,1,1,1,-1,-1,1,-1,-1,1,-1,"d","d","D","D","d","d","d","d","d","D","d","d","D","D","d","d","d","D","D","d","D","d","D","D","D","D","D","d","D","d","d","d","d","d","d","D","D","D","d","D","D","D","d","d","d","d","d","D","d",0.176416342112713
104,2,22,"aA",1,"bb",0,"Cc",1,119,167,-1,-1,1,-1,-1,1,1,1,1,1,"d","D","D","d","D","d","D","d","d","d","d","d","D","D","d","D","d","D","d","d","d","d","d","D","D","D","D","d","D","d","d","d","D","d","D","D","d","D","D","D","D","D","D","d","d","d","d","D","D",2.91938513066064
100,2,23,"aA",1,"bb",0,"Cc",1,70,217,-1,1,1,-1,-1,-1,1,1,1,1,"D","D","d","D","d","d","D","d","d","D","D","D","D","D","D","d","D","D","D","d","d","d","D","D","d","D","d","D","d","d","D","d","d","D","d","d","D","D","D","D","D","d","d","d","d","d","D","D","D",-1.06359792778419
97,2,24,"AA",2,"Bb",1,"cC",1,171,123,-1,1,-1,-1,-1,-1,1,1,1,-1,"D","d","D","d","D","D","d","d","d","D","d","d","d","d","D","d","D","D","D","d","D","d","d","d","D","D","D","D","d","D","d","D","d","D","D","D","D","D","D","d","D","d","D","d","D","d","D","d","D",-0.423860672547159
102,2,25,"aA",1,"bb",0,"Cc",1,123,169,1,-1,1,1,-1,-1,1,-1,1,1,"D","d","d","D","D","d","d","d","D","d","D","d","D","D","D","d","D","D","d","D","d","d","d","D","D","D","d","D","d","d","d","d","d","D","d","D","D","D","D","D","D","D","D","D","D","d","d","d","d",0.758415891233735
103,2,26,"Aa",1,"bb",0,"cC",1,125,278,-1,-1,1,1,1,1,1,1,1,-1,"d","d","D","D","d","d","d","d","D","D","d","D","d","d","d","d","d","D","D","d","D","D","d","d","d","D","d","d","D","D","d","d","d","d","D","D","d","D","d","D","D","D","d","d","D","D","D","D","d",-0.789266684809403
99,2,27,"Aa",1,"Bb",1,"cc",0,125,371,-1,1,-1,1,-1,1,1,-1,1,-1,"d","d","D","d","D","d","d","d","D","D","D","D","d","d","D","d","D","D","D","d","D","D","D","d","D","D","d","d","D","D","D","d","d","d","d","d","d","D","D","d","D","D","D","d","D","d","d","D","d",-0.438512737977207
102,2,28,"Aa",1,"Bb",1,"CC",2,125,518,-1,-1,1,-1,-1,-1,1,1,1,1,"D","d","d","D","d","d","d","d","D","D","D","D","d","d","d","d","d","D","d","d","d","D","d","d","D","d","D","d","D","D","d","d","d","d","d","d","d","d","D","D","d","D","D","d","D","D","D","D","D",2.4332211057563
94,2,29,"aa",0,"bB",1,"cC",1,80,128,-1,-1,-1,-1,1,-1,-1,-1,-1,1,"d","d","d","D","d","D","d","d","d","d","d","d","D","d","d","d","D","d","D","d","d","D","D","D","D","D","d","D","d","d","D","d","D","D","D","d","d","D","d","D","D","d","d","d","D","d","d","D","D",0.928232540002493
102,2,30,"aa",0,"bb",0,"cC",1,125,127,-1,-1,1,-1,1,1,1,-1,1,1,"d","d","d","d","d","d","d","D","D","D","D","D","D","d","d","d","D","D","d","d","D","D","D","D","d","D","d","d","D","D","D","d","d","d","d","D","d","d","d","D","d","D","d","d","D","D","D","D","d",0.0817145885462957
100,2,31,"aa",0,"bB",1,"cC",1,129,227,-1,1,1,-1,1,-1,1,-1,-1,1,"d","D","D","D","d","d","d","d","d","d","d","D","d","D","d","d","d","d","D","D","d","D","d","d","D","d","D","D","d","D","D","d","D","D","D","D","D","D","D","D","D","D","d","d","d","D","D","D","D",0.197836313742269
90,2,32,"aa",0,"bB",1,"CC",2,179,184,-1,1,-1,-1,-1,-1,-1,-1,-1,-1,"D","d","d","d","d","d","D","D","d","d","D","D","d","D","d","D","D","D","D","D","d","D","D","d","D","d","D","d","d","D","D","D","d","D","d","d","d","d","D","D","d","d","d","D","d","D","d","d","d",-1.87460429156026
96,2,33,"AA",2,"bB",1,"cc",0,181,181,1,-1,-1,-1,-1,-1,-1,-1,1,1,"d","D","D","d","d","d","D","D","D","d","d","d","d","d","d","d","d","D","D","d","d","D","D","D","d","D","d","d","D","D","D","D","D","D","D","d","d","D","d","d","D","d","d","D","D","D","D","d","d",0.313164882641554
91,2,34,"aA",1,"bB",1,"cC",1,131,85,-1,-1,1,-1,-1,-1,1,1,-1,-1,"d","D","D","d","d","d","D","d","d","D","D","d","d","d","D","d","D","D","D","D","d","D","D","D","D","D","D","D","d","d","D","d","D","d","d","D","d","D","d","D","d","D","d","D","D","d","D","D","D",-4.08584447012384
92,2,35,"aa",0,"Bb",1,"cC",1,133,670,-1,1,-1,-1,1,-1,-1,-1,1,-1,"d","d","d","D","d","d","D","d","D","d","D","D","D","d","d","D","d","D","d","D","D","d","D","d","d","d","d","D","D","D","d","D","d","d","D","d","d","d","d","d","d","d","d","d","d","D","d","d","d",-3.26813659413943
103,2,36,"aa",0,"Bb",1,"cC",1,183,189,-1,-1,-1,1,1,1,-1,1,1,1,"D","d","d","d","d","D","D","D","d","d","d","D","D","d","D","D","D","D","d","D","d","D","d","d","D","d","d","d","D","d","d","D","D","D","D","d","D","D","D","D","D","d","D","D","d","D","D","d","D",1.07531094187491
100,2,37,"aa",0,"bb",0,"cC",1,135,232,1,1,-1,-1,-1,1,1,-1,1,-1,"d","d","d","D","d","d","d","d","d","d","D","d","D","D","d","D","D","D","D","d","D","d","d","D","d","D","d","d","d","D","d","d","D","D","D","D","D","D","D","d","D","D","D","d","d","D","D","D","D",0.359441112569011
93,2,38,"Aa",1,"bB",1,"cC",1,136,134,-1,-1,-1,1,-1,1,1,-1,-1,-1,"D","d","D","D","d","d","d","D","d","d","D","D","D","d","D","D","D","D","D","D","D","d","d","d","D","D","D","d","D","d","D","d","D","D","d","d","d","d","d","D","D","d","d","D","d","D","D","D","d",-2.21731487892887
100,2,39,"aa",0,"bB",1,"CC",2,137,133,-1,-1,-1,1,1,1,-1,1,-1,-1,"D","d","d","D","d","D","d","d","d","d","d","D","D","D","d","d","D","D","D","D","D","D","d","d","d","D","D","D","D","D","D","d","D","D","d","d","d","D","D","d","d","D","d","d","d","D","D","d","d",2.36964431481475
94,2,40,"aA",1,"BB",2,"CC",2,186,867,1,-1,1,-1,1,-1,-1,-1,-1,1,"D","d","d","D","D","D","d","D","D","D","d","D","D","D","d","d","d","D","D","d","D","D","D","D","D","d","d","d","d","d","d","d","D","d","D","d","d","D","d","D","D","d","D","d","d","d","D","D","d",-3.31568444222003
99,2,41,"aA",1,"bb",0,"Cc",1,139,283,-1,-1,1,-1,-1,1,-1,1,1,1,"d","d","d","D","d","D","d","D","D","D","d","d","D","D","D","d","d","D","d","D","D","D","d","D","D","d","d","d","d","d","d","D","d","d","d","D","d","d","d","d","d","d","d","d","d","D","D","d","d",-0.343187042435275
106,2,42,"aa",0,"bb",0,"cC",1,237,88,-1,1,1,-1,1,1,1,1,1,-1,"d","D","d","d","D","D","D","d","d","d","d","D","D","d","d","D","d","D","D","d","D","d","D","d","d","d","d","d","d","D","D","D","d","d","d","d","d","D","D","d","d","d","D","d","D","D","d","d","D",2.2229178303105
104,2,43,"aa",0,"bb",0,"Cc",1,190,535,-1,1,1,1,1,1,-1,-1,1,1,"d","D","D","D","d","d","D","d","D","D","d","D","D","d","d","D","d","D","d","d","D","D","d","d","d","D","d","d","d","D","D","D","d","D","D","D","D","D","d","D","D","d","d","d","d","D","d","d","d",0.191111290376996
98,2,44,"Aa",1,"bB",1,"cC",1,142,338,1,1,-1,1,1,-1,-1,-1,-1,-1,"d","D","d","d","D","D","D","D","D","d","D","D","D","d","d","D","D","D","D","D","d","D","d","D","D","d","D","D","D","D","D","d","D","d","d","d","d","D","D","D","D","d","D","D","d","d","d","d","d",0.178050634475001
94,2,45,"Aa",1,"bb",0,"cc",0,142,145,-1,1,-1,1,-1,-1,-1,1,-1,-1,"D","d","D","D","d","D","d","D","D","d","d","D","d","D","D","D","d","D","d","D","d","D","d","D","D","D","D","D","D","D","d","D","d","d","d","d","d","D","D","d","d","d","D","D","d","d","d","d","D",-1.6092629628979
99,2,46,"Aa",1,"Bb",1,"CC",2,144,289,-1,1,1,-1,-1,-1,-1,1,1,1,"d","D","D","d","D","D","D","D","D","D","d","D","D","d","d","D","d","d","d","d","d","D","D","d","d","d","d","d","d","D","d","d","D","d","d","d","d","D","D","D","D","d","d","d","d","d","D","D","D",-0.125041740772092
100,2,47,"aa",0,"bb",0,"cc",0,145,194,-1,-1,-1,1,1,1,1,-1,-1,1,"D","D","D","d","d","d","D","D","D","d","D","d","d","d","d","d","d","d","d","d","D","d","D","D","D","D","D","D","D","D","D","d","D","d","d","d","d","D","d","d","D","d","D","d","D","d","d","D","d",0.926316575027234
93,2,48,"aA",1,"bB",1,"cc",0,146,339,-1,-1,-1,1,-1,-1,1,-1,-1,-1,"D","D","D","d","D","D","D","d","D","d","d","D","d","D","d","D","D","D","D","D","d","d","d","D","D","d","d","D","d","D","d","d","D","D","D","d","D","d","D","D","D","d","d","d","d","d","D","D","d",-0.674112884677706
104,2,49,"aA",1,"Bb",1,"cc",0,147,294,1,1,-1,1,1,1,-1,1,-1,1,"d","D","D","d","D","d","D","d","D","d","d","D","D","D","d","D","D","D","d","d","d","d","D","D","d","d","d","D","d","d","D","D","d","d","D","D","d","D","D","D","d","d","d","d","d","d","d","d","d",0.180595621071628
99,2,50,"aa",0,"Bb",1,"CC",2,148,195,1,-1,-1,1,-1,-1,1,-1,1,1,"d","D","d","d","d","d","d","d","d","d","d","D","d","d","D","D","d","d","D","d","D","D","D","d","d","d","d","D","d","d","D","D","D","d","d","D","d","D","d","D","D","d","d","d","d","D","d","d","D",-0.824841960178387
99,3,1,"aa",0,"bb",0,"cc",0,149,247,-1,-1,-1,1,1,1,-1,1,1,-1,"D","D","D","D","D","d","d","D","D","D","d","D","D","d","D","d","d","d","D","D","d","D","D","d","D","D","d","D","D","D","D","D","d","d","d","D","D","D","D","D","d","d","D","D","d","D","d","d","d",-0.499624559771887
100,3,2,"aA",1,"bB",1,"CC",2,150,545,-1,-1,-1,1,-1,-1,1,-1,1,1,"D","d","d","d","d","D","d","D","d","D","D","D","D","d","D","d","D","D","D","D","d","d","d","D","d","D","D","D","D","d","d","d","d","d","D","D","d","D","D","D","d","d","D","D","d","D","d","d","D",2.28728968028781
99,3,4,"Aa",1,"bB",1,"CC",2,199,347,1,-1,-1,1,1,-1,-1,-1,1,-1,"d","d","D","D","d","D","d","d","D","D","D","D","d","D","d","D","d","D","d","d","d","d","D","D","d","d","D","d","d","d","d","d","d","d","D","D","D","D","D","d","d","d","D","D","D","D","d","D","d",1.84875011810179
94,3,5,"Aa",1,"bb",0,"Cc",1,152,162,-1,-1,-1,1,-1,-1,-1,1,-1,1,"D","d","D","d","d","d","d","D","D","D","D","d","D","d","D","d","D","D","d","D","d","d","D","d","d","d","d","D","d","D","d","d","d","d","d","d","D","D","D","d","D","d","D","d","D","D","d","D","d",-1.50375730584225
100,3,6,"AA",2,"bB",1,"cC",1,153,255,-1,-1,1,1,1,1,1,-1,1,-1,"d","d","d","d","D","d","d","D","d","D","D","D","D","D","d","D","D","d","d","d","d","D","D","D","D","d","D","d","D","D","D","d","d","D","d","D","d","d","D","d","d","d","d","D","D","D","d","D","d",-1.71163248906521
97,3,7,"AA",2,"BB",2,"cC",1,202,250,1,-1,1,1,-1,-1,-1,-1,-1,1,"d","d","D","D","d","d","d","D","d","d","D","D","D","d","d","d","d","d","D","D","D","D","D","d","D","d","d","D","d","d","D","D","d","d","d","D","d","D","D","d","D","D","D","D","d","d","d","d","d",-0.295013857594523
98,3,8,"Aa",1,"Bb",1,"Cc",1,105,110,-1,-1,-1,-1,1,-1,1,1,-1,1,"d","D","d","D","D","d","d","D","d","D","D","D","D","D","d","D","D","D","D","d","d","d","d","d","d","D","d","D","D","D","D","d","D","D","D","D","D","D","D","d","D","D","d","D","D","d","d","d","D",0.485471721730362
94,3,9,"aa",0,"BB",2,"cC",1,155,362,1,-1,-1,-1,-1,-1,-1,-1,1,-1,"d","D","D","d","D","D","d","D","D","D","D","d","d","D","d","d","d","D","d","d","d","D","D","d","D","d","D","D","D","D","d","d","D","D","d","D","d","D","d","d","d","d","d","d","d","d","D","D","D",0.518255009050486
97,3,10,"aa",0,"bB",1,"cc",0,157,456,-1,-1,1,-1,1,-1,1,1,-1,1,"d","D","d","D","d","D","D","D","d","D","D","D","d","D","d","D","D","D","D","D","d","D","D","d","d","d","d","D","d","D","d","d","d","d","D","D","D","D","d","d","d","D","d","D","D","D","d","D","D",-2.31445258650144
100,3,11,"aa",0,"bB",1,"cc",0,159,257,-1,-1,-1,-1,1,1,1,1,1,-1,"d","D","d","d","D","d","D","d","D","D","D","D","d","D","d","D","D","D","d","d","D","D","D","D","d","D","d","D","d","D","D","D","d","D","d","D","D","D","D","d","D","D","D","d","D","d","d","D","D",0.425949976903514
100,3,12,"aa",0,"bb",0,"cC",1,159,162,-1,-1,-1,1,1,-1,-1,1,1,1,"D","D","D","D","d","D","d","d","D","D","d","D","D","D","d","D","D","D","d","D","d","D","D","D","D","D","D","D","d","D","d","D","D","D","d","D","D","D","D","d","D","D","D","D","D","D","d","D","d",0.268248235794605
92,3,13,"aA",1,"Bb",1,"cC",1,207,103,-1,-1,-1,-1,-1,1,1,-1,-1,1,"d","D","d","D","D","d","d","D","D","D","D","d","d","D","d","D","d","D","D","d","d","D","D","D","d","D","d","d","D","d","D","d","d","D","D","D","D","d","d","D","d","d","D","D","D","d","D","d","D",-3.37814718464575
94,3,14,"aa",0,"bB",1,"Cc",1,160,113,-1,-1,-1,1,1,-1,-1,-1,1,1,"D","D","D","d","D","d","d","D","d","D","D","d","D","D","D","d","D","D","D","d","d","D","D","D","D","D","d","d","d","D","d","D","d","d","d","D","d","D","d","d","d","d","d","D","D","d","D","D","d",-3.5633254075388
100,3,15,"aA",1,"bB",1,"Cc",1,162,307,-1,-1,1,-1,-1,-1,1,1,1,1,"D","D","D","D","d","D","d","D","D","D","D","D","D","D","D","D","d","d","d","D","d","D","D","d","D","D","d","d","D","d","D","d","d","d","D","D","D","D","d","D","D","D","d","D","d","d","d","d","D",0.880601608071399
94,3,16,"aA",1,"bB",1,"cc",0,163,161,-1,-1,1,-1,-1,-1,-1,-1,1,-1,"D","d","D","d","D","d","d","d","D","d","d","D","d","d","d","D","D","d","D","D","d","d","d","D","D","D","d","D","d","d","D","d","D","d","D","d","D","d","D","d","D","D","d","D","d","d","d","D","D",0.0753074823958039
97,3,17,"Aa",1,"BB",2,"CC",2,116,362,1,-1,1,-1,-1,-1,1,-1,-1,-1,"d","D","D","d","d","d","d","D","d","D","D","D","d","d","d","d","d","D","d","d","d","D","D","D","D","d","D","d","d","d","d","d","d","d","d","d","D","D","D","d","d","D","D","D","D","D","D","d","D",1.72796449538414
98,3,18,"Aa",1,"bB",1,"cC",1,165,213,-1,-1,-1,1,1,1,1,-1,-1,-1,"d","d","D","D","D","d","d","D","d","D","D","d","d","d","D","D","D","D","D","d","d","D","D","D","D","D","D","d","D","d","d","d","d","d","D","d","D","D","D","D","D","d","d","D","d","d","d","D","d",0.882837821415963
100,3,19,"aa",0,"Bb",1,"Cc",1,166,458,-1,-1,-1,-1,-1,1,1,1,1,1,"D","D","D","D","D","D","D","D","d","D","D","d","d","D","D","D","D","D","D","d","D","D","D","d","d","D","D","D","D","d","D","d","D","d","D","D","d","D","d","D","D","D","D","D","D","d","D","D","D",0.166034814589337
100,3,20,"aa",0,"Bb",1,"Cc",1,166,117,-1,-1,1,-1,-1,-1,1,1,1,1,"D","D","D","d","d","d","d","D","d","D","D","d","d","D","d","D","D","D","D","d","d","D","D","d","D","d","d","D","d","d","d","D","d","d","D","D","D","D","D","D","D","d","d","D","D","d","d","D","D",0.327284231066313
98,3,21,"aA",1,"bb",0,"CC",2,120,117,-1,-1,1,-1,-1,-1,1,1,1,1,"d","D","D","D","d","D","d","D","d","d","D","D","d","d","D","d","D","D","D","d","D","D","D","D","d","D","D","d","d","D","d","D","D","d","d","d","D","D","D","d","D","D","d","D","D","D","d","d","D",-1.88700669416131
102,3,22,"aA",1,"bB",1,"CC",2,124,219,1,1,1,-1,-1,1,1,1,1,-1,"d","D","D","d","d","d","D","d","d","d","d","D","d","d","D","D","d","D","D","d","d","D","D","d","D","d","D","D","D","D","d","d","D","D","d","d","d","D","D","d","D","D","d","D","D","d","d","D","d",-1.00103351255938
100,3,23,"aa",0,"bb",0,"cC",1,171,210,-1,-1,-1,1,1,1,-1,1,1,1,"D","d","d","d","D","D","d","D","D","D","d","D","d","d","D","d","d","D","D","d","d","d","D","D","D","D","D","d","d","D","d","D","d","D","d","D","D","D","D","d","d","d","d","d","D","D","d","d","d",-1.18943070643603
100,3,24,"Aa",1,"bb",0,"Cc",1,123,171,1,1,-1,-1,-1,1,-1,-1,1,1,"D","d","d","D","d","d","D","d","D","d","D","d","d","D","d","d","d","D","d","D","d","d","d","D","D","D","D","d","d","d","D","d","D","D","D","D","d","D","D","D","d","D","d","D","d","D","D","D","d",0.661491258105716
100,3,25,"Aa",1,"BB",2,"cC",1,169,257,-1,1,-1,-1,-1,1,-1,1,1,1,"d","d","d","d","D","d","D","d","D","D","D","d","d","D","d","D","d","d","d","d","D","D","D","D","d","d","d","d","d","d","d","d","d","d","d","D","D","d","D","D","D","D","D","D","D","D","d","d","D",0.88143714226282
97,3,26,"aA",1,"bB",1,"cc",0,222,219,-1,1,1,-1,-1,1,1,1,-1,-1,"d","D","D","d","d","d","D","d","d","D","d","D","d","D","D","d","d","d","D","d","d","D","d","D","D","d","D","D","d","D","d","d","d","D","d","d","D","D","D","d","D","D","d","D","D","d","d","d","D",-2.30984270029602
104,3,27,"aA",1,"bB",1,"CC",2,174,269,-1,1,1,1,-1,1,1,-1,1,1,"D","D","d","D","d","d","d","D","d","D","D","D","d","D","d","D","D","D","D","d","D","D","D","D","d","d","d","d","D","D","d","d","D","d","D","d","D","d","D","D","D","D","D","d","d","D","d","d","d",0.730636679468021
99,3,28,"aA",1,"Bb",1,"Cc",1,175,81,-1,-1,-1,-1,-1,1,1,1,1,1,"d","D","D","D","D","d","D","d","D","d","d","d","d","d","D","D","D","D","D","d","d","D","D","D","d","d","d","d","d","d","D","d","d","D","D","d","D","d","d","D","D","D","D","D","d","d","D","d","d",-0.371871222384258
91,3,29,"aa",0,"Bb",1,"cC",1,175,277,-1,-1,-1,-1,-1,-1,-1,-1,-1,-1,"d","D","d","D","D","d","D","D","D","d","D","d","d","d","D","D","D","D","d","d","D","D","d","D","d","d","d","d","D","d","d","D","D","D","d","d","d","d","D","d","D","D","d","D","D","d","d","d","d",1.33910606582301
103,3,30,"AA",2,"bB",1,"Cc",1,180,661,1,-1,1,-1,-1,1,1,1,1,1,"D","d","d","D","d","D","D","d","d","D","D","d","d","d","D","d","D","D","d","d","D","d","d","D","d","d","D","D","d","d","d","D","d","d","d","D","D","D","d","D","D","D","d","D","d","D","d","D","d",-0.823039489949061
100,3,31,"aa",0,"BB",2,"Cc",1,128,415,-1,-1,-1,1,-1,1,1,1,1,-1,"d","d","d","d","D","d","d","D","D","D","d","D","D","d","d","d","D","D","d","d","d","D","D","D","d","d","d","D","d","D","d","D","d","D","d","d","d","d","D","D","d","d","D","D","D","d","d","D","d",0.152220565708111
97,3,32,"aa",0,"Bb",1,"cc",0,179,230,-1,-1,1,-1,-1,1,-1,1,1,-1,"D","d","D","d","d","d","d","d","d","d","D","D","d","d","d","D","d","D","D","D","d","d","D","D","D","d","d","d","d","d","d","D","d","D","d","d","D","d","d","D","D","d","d","D","d","D","d","D","D",-0.609242503666131
92,3,33,"aa",0,"BB",2,"cC",1,182,668,-1,-1,-1,1,-1,-1,-1,-1,1,-1,"d","D","D","d","D","d","d","D","d","d","d","d","d","D","d","D","D","D","D","D","D","d","D","D","d","D","d","d","d","D","D","d","D","D","D","d","d","d","D","d","D","d","D","D","D","d","d","d","d",-1.94423129454069
99,3,34,"aa",0,"bb",0,"Cc",1,132,332,-1,-1,-1,-1,1,1,-1,1,1,1,"d","D","d","D","d","D","d","D","d","D","D","D","D","D","D","D","d","d","d","d","D","D","D","D","d","D","d","d","d","D","d","d","d","d","d","d","D","d","D","d","D","D","d","d","d","D","D","D","D",-0.357187564409602
97,3,35,"Aa",1,"bb",0,"cc",0,231,819,-1,-1,1,-1,-1,1,1,-1,-1,1,"D","d","D","d","D","D","d","D","d","D","d","d","d","d","D","D","d","D","d","d","D","D","D","D","d","D","D","D","d","D","d","d","d","d","d","d","D","d","D","D","D","d","D","D","d","d","D","d","D",-0.682141802195824
99,3,36,"aa",0,"Bb",1,"CC",2,232,664,1,-1,-1,1,-1,1,1,1,-1,-1,"d","d","d","d","D","d","d","d","d","D","D","D","D","d","d","D","D","D","D","d","d","d","d","d","d","d","D","d","D","D","d","D","D","D","d","D","D","D","D","D","D","D","d","d","D","D","d","D","d",-0.3144948525806
100,3,37,"Aa",1,"Bb",1,"Cc",1,184,282,-1,1,-1,1,-1,1,-1,-1,1,1,"d","d","d","d","d","D","D","d","D","D","D","D","D","d","d","d","D","D","D","d","D","D","D","D","d","D","d","D","d","D","D","D","d","d","D","d","D","D","d","D","D","d","D","d","d","d","D","d","d",0.949200438729717
97,3,38,"aa",0,"Bb",1,"CC",2,85,84,1,-1,-1,1,-1,-1,-1,1,-1,1,"D","D","D","D","d","D","d","D","D","D","d","d","D","d","d","D","D","D","D","d","d","D","d","D","d","D","D","d","D","D","D","D","d","d","d","d","d","D","D","D","d","d","d","D","d","D","D","D","d",-0.484770930264263
99,3,39,"aa",0,"BB",2,"CC",2,186,137,1,1,1,-1,1,1,-1,-1,-1,-1,"d","d","d","D","D","D","D","D","d","D","d","D","D","D","D","d","D","D","d","d","d","D","d","d","D","D","d","D","d","D","d","D","d","d","D","d","D","D","d","D","D","d","D","d","D","d","d","D","D",-0.9185032424216
93,3,40,"Aa",1,"bB",1,"CC",2,234,227,-1,1,-1,-1,-1,-1,-1,-1,1,-1,"d","D","D","D","d","d","d","d","d","D","d","D","d","D","D","d","D","D","d","D","D","D","d","d","D","d","d","d","d","D","D","D","d","d","D","D","d","D","D","D","D","d","D","D","d","d","D","d","D",-0.671833579963817
102,3,41,"AA",2,"bB",1,"cC",1,188,96,-1,1,1,-1,1,-1,1,-1,1,1,"d","D","D","D","d","d","d","D","D","d","D","D","D","d","d","D","d","D","d","D","D","D","D","D","D","D","D","d","d","D","D","D","D","d","d","d","D","d","d","d","d","D","d","D","d","D","d","D","D",0.763149701076954
98,3,42,"aa",0,"bB",1,"CC",2,189,381,-1,-1,1,1,1,-1,1,-1,1,-1,"D","D","D","d","D","d","d","d","D","d","d","D","d","d","d","D","D","d","d","d","d","d","d","D","d","d","d","D","d","d","D","D","D","D","d","D","D","D","d","d","d","D","d","d","D","d","D","D","D",-1.1616957465982
101,3,43,"Aa",1,"bb",0,"CC",2,192,386,1,1,1,-1,1,-1,1,-1,-1,1,"d","D","D","D","D","d","d","d","D","d","d","D","D","D","D","d","D","D","d","d","d","D","d","D","D","d","d","D","d","d","D","D","D","d","d","d","D","D","D","D","D","D","d","d","d","D","D","D","d",-0.566754837457508
99,3,44,"aA",1,"bb",0,"cc",0,191,192,-1,1,1,1,-1,-1,-1,1,-1,-1,"D","D","D","d","D","D","d","D","d","D","d","D","D","D","d","D","D","d","D","d","d","d","D","D","D","D","d","d","D","d","d","d","d","d","d","d","D","D","D","D","D","d","D","d","d","D","D","D","D",1.81539173656681
98,3,45,"Aa",1,"bb",0,"cc",0,192,291,-1,-1,-1,1,1,-1,-1,-1,1,1,"d","D","d","D","d","d","d","d","d","d","D","D","D","D","d","D","D","D","D","D","d","D","d","D","d","D","d","d","d","d","D","D","d","d","D","d","D","D","D","D","D","D","d","D","d","D","d","D","d",0.210939398450964
105,3,46,"Aa",1,"Bb",1,"cc",0,193,340,-1,1,1,-1,1,1,1,1,1,1,"d","d","d","d","D","d","d","d","d","d","D","D","D","d","D","D","D","D","d","d","d","D","D","d","D","D","d","D","D","d","d","d","d","d","d","D","d","D","D","d","d","D","d","d","D","d","d","d","d",-0.960921683936668
94,3,47,"aA",1,"bB",1,"cC",1,194,338,-1,1,1,-1,-1,-1,-1,-1,1,-1,"D","D","D","d","D","D","d","d","d","D","D","d","d","D","D","d","D","D","D","D","D","D","d","D","D","D","D","D","D","D","d","D","D","d","d","d","d","D","D","d","D","D","D","D","D","D","d","D","D",-1.15346469126608
98,3,48,"aA",1,"bB",1,"CC",2,195,708,-1,1,1,1,-1,1,-1,-1,-1,-1,"d","D","D","D","d","D","d","d","d","d","D","d","D","D","d","d","D","D","d","D","d","d","D","d","d","d","D","d","D","D","d","D","d","d","D","d","d","D","D","d","d","d","D","d","D","D","d","D","D",0.938716835918719
101,3,49,"aA",1,"Bb",1,"Cc",1,147,243,1,-1,-1,1,-1,1,1,1,1,-1,"d","D","D","d","d","d","d","d","D","D","D","D","D","D","D","D","d","D","d","d","d","d","D","D","d","d","d","D","D","D","d","d","d","d","D","D","D","D","d","D","d","d","d","D","d","d","D","d","d",-0.840379567363321
100,3,50,"aa",0,"bb",0,"Cc",1,197,145,-1,-1,1,-1,1,-1,-1,1,1,-1,"d","D","D","d","d","D","d","d","d","D","d","d","d","d","D","d","d","D","D","d","D","D","d","D","D","d","D","D","D","D","d","D","d","d","d","D","d","D","D","D","d","d","d","d","d","d","d","D","D",2.62425600179091
96,4,1,"aa",0,"bb",0,"cC",1,198,448,-1,-1,-1,1,1,-1,-1,-1,1,1,"D","D","D","d","d","d","d","D","D","d","D","D","D","D","d","D","d","D","D","d","D","d","D","D","d","D","D","d","d","d","d","D","D","d","D","d","d","d","D","d","d","d","d","D","d","D","d","d","D",-1.23555545034899
101,4,2,"aa",0,"bB",1,"CC",2,200,394,-1,1,-1,1,1,-1,1,1,1,1,"d","D","D","D","d","D","d","D","d","D","D","d","D","D","D","d","D","D","D","D","d","D","d","D","D","d","D","d","D","d","d","D","d","d","D","D","D","D","D","D","d","d","d","d","D","D","D","D","D",-2.72692083689147
96,4,3,"aa",0,"bb",0,"Cc",1,200,888,-1,1,-1,1,1,-1,1,-1,-1,-1,"d","D","d","D","d","D","d","D","D","D","d","d","D","d","d","d","D","D","D","D","D","d","D","D","d","d","d","d","D","d","d","d","D","d","d","D","D","D","D","D","d","d","D","d","d","D","D","D","d",-1.68151516046276
101,4,5,"aA",1,"bb",0,"CC",2,201,250,-1,-1,1,1,-1,1,1,-1,1,1,"D","D","D","D","d","D","d","D","d","d","D","D","d","D","d","d","d","d","d","d","D","d","D","d","D","D","d","D","d","d","D","d","D","D","D","d","D","D","D","D","d","d","d","D","d","d","d","D","d",-0.24104410699379
99,4,6,"AA",2,"BB",2,"Cc",1,5,443,-1,-1,-1,1,1,1,-1,-1,1,-1,"D","D","d","d","d","d","D","d","D","D","D","D","d","d","d","D","d","D","D","d","d","D","D","D","D","d","D","d","d","D","d","d","D","D","D","D","D","d","d","d","d","D","D","d","D","D","D","D","D",1.43812134323696
104,4,7,"aA",1,"Bb",1,"Cc",1,204,302,-1,-1,1,1,1,1,-1,1,1,1,"D","d","D","d","D","d","d","D","d","d","D","d","D","d","d","d","d","D","D","d","d","d","D","d","D","d","d","D","D","d","D","d","D","D","D","d","d","D","D","d","d","d","D","D","D","D","d","d","d",0.894425829283474
95,4,8,"aA",1,"BB",2,"cc",0,205,110,-1,-1,1,-1,-1,-1,-1,1,-1,1,"d","D","d","d","d","d","d","D","D","D","d","d","D","d","d","d","D","D","D","d","d","D","d","D","D","D","D","D","D","d","D","D","D","D","D","d","d","D","D","D","D","D","d","D","d","D","d","D","D",-0.654311197382049
102,4,9,"Aa",1,"bB",1,"cc",0,253,752,1,-1,-1,1,-1,1,1,-1,1,1,"D","D","d","D","D","d","D","D","D","D","D","D","D","d","d","d","d","D","D","d","d","d","D","d","D","d","D","d","d","D","d","d","D","d","D","D","D","D","d","d","D","d","D","D","D","D","D","d","D",0.394690468156139
100,4,10,"Aa",1,"BB",2,"cc",0,206,205,1,1,-1,1,-1,-1,1,1,1,-1,"d","D","D","D","D","d","d","D","D","d","D","D","d","d","D","d","d","d","D","d","d","D","D","d","d","D","D","D","d","D","D","d","D","d","D","D","d","d","D","D","D","d","d","d","D","d","D","D","D",-1.50984009690669
95,4,11,"aA",1,"bb",0,"cc",0,207,256,-1,1,-1,1,-1,-1,-1,-1,-1,1,"D","D","d","D","D","d","D","D","D","D","D","d","d","D","d","D","d","D","d","d","d","d","D","D","d","D","d","d","d","D","d","d","d","D","D","D","D","D","D","D","D","d","D","D","D","d","d","d","d",-0.315446839459438
104,4,12,"aA",1,"bB",1,"cc",0,208,259,1,-1,1,-1,-1,1,1,1,1,1,"d","d","D","d","d","d","D","d","D","d","D","D","D","d","d","d","D","D","D","d","d","D","d","D","d","d","d","D","D","d","D","d","d","D","D","D","D","d","D","d","d","d","d","D","D","d","D","D","D",0.0844984401649644
100,4,13,"aa",0,"bB",1,"cc",0,209,202,1,-1,1,1,1,1,-1,-1,-1,1,"d","d","d","d","D","d","d","D","D","d","d","D","D","d","d","D","d","d","d","d","D","D","D","D","d","d","d","d","D","D","d","D","D","d","d","d","D","D","D","d","d","d","d","D","D","d","d","D","d",-1.45010629621012
96,4,14,"aa",0,"bb",0,"cC",1,209,313,1,-1,-1,1,-1,1,1,-1,-1,-1,"d","D","d","d","d","d","D","D","D","d","D","D","d","d","D","d","d","d","d","d","D","d","D","d","d","d","D","D","d","d","d","D","D","d","d","d","D","D","D","d","d","d","d","D","d","d","d","d","d",-1.36327858074077
98,4,15,"aa",0,"BB",2,"CC",2,212,213,-1,-1,-1,1,1,1,1,-1,1,-1,"d","d","D","d","D","D","d","D","d","d","D","D","d","d","D","D","D","D","D","d","d","D","d","D","D","D","D","d","D","D","d","d","d","D","d","D","D","D","D","d","D","d","D","D","D","d","d","D","d",-1.42733827732956
100,4,16,"aA",1,"bB",1,"cc",0,213,307,1,-1,1,-1,1,-1,1,1,-1,1,"d","D","D","d","d","d","d","d","D","D","D","d","D","D","D","d","d","D","D","d","d","d","D","d","D","D","D","D","D","d","D","d","d","d","D","D","d","D","d","d","D","d","D","D","d","d","D","d","d",-1.13207248586055
105,4,17,"aa",0,"bB",1,"CC",2,162,361,-1,1,1,1,-1,1,1,1,1,-1,"D","D","d","D","D","d","D","D","D","d","D","D","d","d","d","D","D","d","d","D","D","d","d","D","D","D","d","d","d","d","d","D","d","d","d","D","D","D","d","D","d","D","d","D","D","d","D","d","D",1.47705904580495
99,4,18,"aa",0,"BB",2,"cC",1,214,410,-1,-1,1,-1,-1,-1,-1,1,1,1,"d","D","d","d","d","d","d","D","D","d","D","d","D","d","D","D","D","D","d","d","D","d","D","d","D","d","D","D","D","D","d","d","d","D","D","D","D","D","D","D","D","d","d","D","D","D","d","d","d",1.28870377458896
101,4,19,"aa",0,"bB",1,"CC",2,215,308,-1,-1,-1,-1,1,1,-1,1,1,1,"d","d","d","d","D","D","d","D","d","d","D","D","D","D","d","d","D","D","D","D","d","D","d","d","D","d","d","d","D","D","d","D","D","d","d","D","D","d","D","D","d","D","d","D","D","d","d","D","D",1.74525708177277
103,4,20,"aa",0,"bB",1,"Cc",1,217,465,-1,1,1,1,-1,1,1,-1,1,1,"d","d","d","d","d","D","d","D","D","d","D","d","d","D","d","D","D","D","D","d","D","d","d","d","D","d","D","d","d","d","d","d","d","d","D","D","D","d","d","d","D","d","D","d","D","D","d","D","D",-0.13564825304512
96,4,21,"Aa",1,"BB",2,"cc",0,314,363,-1,-1,-1,-1,1,-1,1,-1,1,1,"d","D","D","D","d","d","d","D","d","D","d","D","d","d","d","D","d","D","d","d","D","d","d","d","D","D","D","d","D","d","d","d","d","D","D","D","D","D","D","d","d","d","d","D","D","D","D","d","D",-1.72565565592914
101,4,22,"Aa",1,"BB",2,"CC",2,218,224,1,-1,1,1,1,1,-1,1,-1,-1,"d","d","d","D","D","d","D","d","d","D","d","D","d","d","d","D","d","D","d","d","D","D","d","D","d","D","d","d","d","d","d","d","d","d","D","D","d","D","D","D","D","D","D","D","D","D","d","D","D",-0.161597629120818
108,4,23,"aa",0,"Bb",1,"cc",0,121,170,1,1,-1,1,1,1,1,1,1,1,"D","D","D","D","D","d","D","d","d","D","d","d","D","D","d","d","d","D","D","d","d","d","d","D","D","D","d","D","d","D","D","d","D","D","D","D","D","d","d","D","d","D","D","d","D","d","d","d","d",0.849186238102632
99,4,24,"aA",1,"Bb",1,"Cc",1,219,461,1,1,-1,-1,-1,1,1,-1,1,-1,"d","D","D","d","D","D","D","d","d","d","d","d","D","D","d","d","d","D","D","d","D","d","d","D","d","D","d","d","D","d","d","D","D","d","d","d","D","D","d","D","D","d","d","D","d","d","D","d","d",-0.328879542051783
102,4,25,"Aa",1,"bB",1,"cC",1,221,315,1,-1,1,1,-1,1,-1,1,-1,-1,"D","d","D","d","d","D","d","d","D","d","D","D","D","d","d","d","D","D","D","d","D","D","d","d","d","d","D","d","D","D","D","d","d","d","D","d","D","d","D","d","d","d","D","D","D","d","d","D","d",2.35717733478491
99,4,26,"aa",0,"bb",0,"cC",1,222,421,-1,-1,1,-1,-1,1,-1,1,1,-1,"d","D","D","D","d","d","d","d","d","D","D","D","d","D","d","d","d","D","D","d","D","D","D","D","d","d","D","d","d","D","d","D","D","D","d","d","D","D","D","d","D","D","D","D","d","d","d","d","D",1.38069345494716
102,4,27,"Aa",1,"BB",2,"CC",2,223,680,-1,-1,1,1,-1,1,1,-1,-1,1,"d","D","D","D","D","d","D","D","d","d","d","D","D","d","d","D","d","D","d","D","d","d","d","D","D","D","D","d","d","d","D","d","D","D","D","d","D","D","d","D","D","D","d","d","d","d","D","d","d",2.00768786350928
94,4,28,"aa",0,"bB",1,"CC",2,174,371,-1,-1,-1,-1,-1,1,1,-1,1,-1,"d","d","D","D","d","d","D","d","D","D","D","D","D","D","D","d","D","D","D","d","D","D","D","D","D","d","d","d","D","D","D","d","D","d","D","d","D","d","D","D","D","D","D","D","D","D","d","d","d",-1.0397252936808
99,4,29,"aa",0,"BB",2,"CC",2,225,226,-1,-1,1,-1,-1,1,1,-1,-1,1,"d","D","D","D","D","D","D","D","d","D","D","d","d","d","D","D","D","d","D","D","d","d","D","D","D","d","d","d","D","d","d","d","d","D","D","d","d","d","d","D","d","d","D","D","d","D","D","d","d",1.20222886389867
103,4,30,"aa",0,"bb",0,"cc",0,226,424,-1,1,-1,1,1,-1,1,1,1,1,"D","D","D","D","d","D","D","d","D","D","D","d","D","d","d","D","D","D","d","d","d","D","d","D","D","D","d","D","D","d","D","d","D","d","D","d","D","d","d","d","D","D","D","d","d","D","d","d","D",-0.830746985405093
92,4,31,"aa",0,"BB",2,"cC",1,177,225,-1,-1,-1,-1,-1,-1,-1,-1,-1,1,"d","d","D","d","D","D","d","d","D","D","D","d","d","d","d","D","D","d","d","d","D","D","d","d","D","d","D","D","d","d","d","D","d","D","D","d","D","D","d","d","D","d","d","d","D","d","D","D","D",0.914261051495879
100,4,32,"Aa",1,"BB",2,"cC",1,228,126,-1,-1,-1,-1,-1,-1,1,1,1,1,"d","d","D","D","d","d","d","d","D","D","D","d","d","D","d","d","D","d","D","d","D","d","d","D","D","d","d","d","D","D","d","D","D","D","d","D","d","D","D","D","d","d","D","d","D","D","d","d","d",2.25600997435238
92,4,33,"aa",0,"bb",0,"cc",0,229,183,1,-1,1,-1,-1,-1,-1,-1,-1,1,"d","D","d","D","d","d","D","D","D","D","D","d","D","d","D","d","D","D","D","d","D","D","D","D","D","d","D","D","d","d","D","D","D","d","D","D","d","D","d","D","D","D","d","D","D","D","D","D","d",-3.0301327019133
102,4,34,"aA",1,"Bb",1,"cc",0,230,230,-1,-1,-1,-1,1,1,1,1,1,1,"D","d","d","d","D","D","D","d","d","d","D","D","D","D","d","d","D","D","D","D","d","D","D","D","D","d","d","d","d","d","d","d","d","d","d","D","d","d","d","D","D","d","d","d","d","d","d","D","D",0.523780222232429
97,4,35,"Aa",1,"bb",0,"cC",1,231,278,-1,-1,-1,-1,1,1,-1,1,-1,-1,"D","D","D","d","D","D","d","D","D","D","d","D","D","d","d","D","d","D","D","d","D","D","d","D","D","D","d","D","D","D","d","d","D","D","D","D","d","d","d","D","D","d","d","D","d","d","d","d","d",1.13302973656963
96,4,36,"aa",0,"bb",0,"cc",0,232,180,1,1,-1,-1,1,-1,-1,1,-1,1,"d","d","d","d","D","d","d","D","D","d","D","d","d","d","d","D","d","D","D","D","d","d","d","d","D","D","d","d","D","D","d","D","D","D","d","D","D","D","D","D","D","D","D","d","D","D","D","D","D",-3.74873407088305
105,4,37,"aa",0,"bb",0,"Cc",1,233,135,1,-1,1,1,1,1,1,-1,1,1,"d","D","d","D","D","d","d","D","d","D","d","D","D","D","D","d","D","D","D","D","d","d","d","d","D","D","D","d","d","d","d","d","d","d","d","d","d","D","D","d","D","d","D","d","D","d","D","d","D",-0.755908709423131
99,4,38,"aA",1,"bb",0,"cC",1,332,234,-1,-1,1,-1,-1,1,1,-1,1,1,"d","d","D","d","D","D","d","d","d","d","D","D","D","d","D","D","d","d","D","D","D","D","D","d","d","d","d","d","d","d","D","D","d","d","d","d","D","d","D","D","D","d","d","d","d","D","d","D","d",-0.820397282519699
100,4,39,"aa",0,"Bb",1,"cc",0,235,476,-1,-1,1,1,1,-1,-1,1,1,1,"d","D","d","D","D","d","d","D","d","D","d","D","D","D","D","d","d","D","D","D","d","D","D","D","D","d","d","D","D","d","d","D","d","D","d","D","d","d","D","D","d","d","d","d","D","d","d","d","d",-1.30536748341991
106,4,40,"AA",2,"bB",1,"cc",0,188,184,1,1,1,1,1,1,1,-1,-1,-1,"d","D","d","D","d","d","D","d","d","d","d","D","D","d","d","D","d","D","D","D","d","D","d","D","D","D","D","d","D","D","D","D","d","d","d","d","d","d","D","d","D","D","D","D","d","d","d","D","d",2.01467201717205
101,4,41,"Aa",1,"bb",0,"cC",1,237,331,-1,-1,1,1,1,1,1,-1,1,1,"d","D","d","d","d","D","D","d","d","d","d","D","d","d","d","D","d","D","D","d","d","D","D","d","D","d","d","d","d","d","d","D","D","d","D","d","d","D","D","d","d","d","d","d","D","D","D","d","d",-2.57221056701738
103,4,42,"aA",1,"bB",1,"cC",1,191,143,-1,1,1,-1,1,1,1,1,-1,-1,"D","D","d","d","d","D","D","D","d","D","D","D","D","D","D","D","d","D","D","d","D","d","D","D","D","D","D","d","D","D","D","d","d","d","d","d","D","D","D","D","d","d","d","D","d","D","d","D","d",1.12119044635846
104,4,43,"aa",0,"bb",0,"CC",2,238,386,1,1,1,1,-1,-1,-1,1,-1,1,"d","d","D","D","D","D","D","D","d","d","d","d","d","D","d","D","D","D","d","d","D","D","d","d","d","d","d","D","d","d","D","d","d","d","d","D","D","D","D","D","D","d","d","D","d","D","D","d","D",2.80619462048595
100,4,44,"aa",0,"bb",0,"cc",0,191,294,-1,1,1,1,-1,1,-1,1,-1,-1,"d","D","D","d","D","D","D","D","D","D","d","D","D","d","D","D","D","D","d","d","d","d","d","D","d","D","d","d","d","d","d","D","d","d","D","d","D","D","D","D","d","d","d","D","d","d","d","d","d",0.922345605377005
101,4,45,"AA",2,"BB",2,"cC",1,241,432,-1,-1,1,1,-1,-1,1,1,1,1,"d","D","D","d","D","D","D","D","d","D","D","D","D","D","d","d","d","D","D","D","d","D","d","D","D","d","d","d","d","D","D","d","D","d","d","d","D","D","D","D","D","D","D","d","d","d","D","d","D",-0.927751025617436
98,4,46,"Aa",1,"bb",0,"cC",1,292,386,-1,1,1,-1,-1,-1,-1,1,1,1,"d","d","D","d","D","D","D","d","D","d","d","D","d","D","d","D","D","d","d","d","D","D","d","d","D","d","d","D","D","D","D","d","D","D","d","D","D","D","D","d","D","d","d","d","d","d","D","d","D",-1.64376235333878
96,4,47,"AA",2,"BB",2,"CC",2,242,143,1,-1,1,-1,-1,1,-1,-1,1,-1,"D","D","d","D","d","D","D","D","D","D","D","D","D","D","D","d","d","D","D","d","D","D","D","d","D","d","d","D","d","D","d","d","D","D","D","d","D","d","D","D","d","D","d","D","d","d","d","D","d",-1.16050549944888
94,4,48,"aA",1,"bb",0,"cC",1,244,242,-1,-1,-1,1,-1,-1,1,-1,-1,1,"D","D","D","d","D","d","D","d","D","d","D","D","D","d","D","D","d","d","d","D","d","D","d","D","d","d","d","D","D","d","D","d","d","D","d","D","d","D","d","D","D","d","D","d","D","D","D","D","d",-1.97254129910078
99,4,49,"aa",0,"Bb",1,"CC",2,245,288,-1,-1,1,1,1,1,-1,-1,-1,-1,"D","D","D","D","D","d","D","D","D","d","d","D","D","D","d","d","d","D","D","D","d","d","D","D","D","d","d","d","d","d","d","d","D","d","d","D","D","D","D","d","D","d","d","D","d","d","D","d","d",1.07504437612766
107,4,50,"aa",0,"BB",2,"cc",0,246,340,1,-1,1,1,1,1,1,1,-1,-1,"d","D","d","d","D","D","d","D","d","d","D","D","D","D","d","d","D","D","d","d","d","D","d","d","D","D","d","d","d","d","d","d","d","d","d","D","D","D","D","D","D","d","d","d","D","D","d","d","d",3.43722613156497
94,5,1,"aa",0,"bB",1,"cc",0,247,297,-1,-1,1,1,-1,-1,-1,-1,-1,-1,"d","D","D","D","d","d","D","D","D","d","D","D","d","d","D","d","d","D","d","d","d","D","D","D","d","d","D","D","D","D","d","d","d","d","d","D","d","D","D","d","d","d","D","d","D","d","d","d","d",0.639980150739768
100,5,2,"aa",0,"bb",0,"Cc",1,248,888,-1,-1,1,1,1,-1,1,1,-1,-1,"d","D","D","D","d","d","d","d","D","d","d","D","D","D","d","d","D","D","D","D","d","d","D","D","D","D","d","d","d","D","D","d","D","D","d","D","D","D","D","d","d","d","D","D","D","d","D","d","D",0.358400436999663
99,5,3,"aa",0,"BB",2,"CC",2,298,56,-1,-1,-1,1,-1,-1,-1,1,1,1,"d","d","d","D","D","d","D","d","d","D","D","d","d","D","d","D","d","D","d","d","d","d","d","d","D","D","d","D","d","D","D","D","D","D","d","d","D","D","D","D","D","d","D","D","d","d","d","d","d",1.26071033390914
95,5,4,"aA",1,"BB",2,"Cc",1,299,298,-1,-1,-1,-1,1,-1,1,-1,-1,-1,"D","D","D","d","D","d","d","d","d","D","d","D","D","D","d","d","D","d","D","d","d","D","D","D","D","d","D","d","D","D","D","D","D","D","D","D","D","D","D","d","D","d","d","d","D","D","d","D","d",1.10601594825136
99,5,6,"aA",1,"bb",0,"Cc",1,6,399,-1,-1,-1,1,1,1,-1,1,-1,1,"d","d","D","d","d","D","D","d","D","D","D","d","D","d","d","d","d","D","d","D","D","D","D","D","d","D","D","d","d","d","D","D","d","D","D","d","d","D","d","D","D","d","d","d","D","d","d","D","d",-0.149567698956278
93,5,7,"aa",0,"bB",1,"CC",2,301,606,-1,-1,-1,1,-1,-1,1,-1,-1,1,"d","D","D","D","D","d","d","D","d","D","D","D","d","D","d","d","D","d","d","d","D","d","D","D","d","D","d","d","d","D","d","d","d","d","D","D","d","D","D","D","D","d","d","D","D","d","d","D","D",-2.68586241593702
101,5,8,"aA",1,"bB",1,"cC",1,253,112,1,1,-1,-1,-1,1,1,-1,1,1,"d","d","D","D","d","d","D","D","D","D","d","D","D","D","D","d","d","d","D","d","d","d","D","d","D","d","D","D","d","D","D","d","d","D","d","d","D","D","D","d","d","d","d","D","D","D","D","d","d",-0.122464209521927
98,5,9,"Aa",1,"BB",2,"cc",0,254,259,1,1,-1,-1,-1,1,1,-1,1,-1,"d","D","D","D","d","d","D","D","D","d","D","d","d","d","d","d","D","d","D","d","d","D","D","D","D","D","D","d","d","d","d","d","D","D","D","D","D","D","D","d","d","d","d","D","D","d","D","d","d",-1.43592388439508
96,5,10,"aA",1,"Bb",1,"cc",0,353,165,-1,-1,1,1,1,-1,-1,1,-1,-1,"d","d","D","d","D","d","d","D","D","D","D","d","d","D","d","d","D","d","D","d","d","D","D","D","D","D","D","d","d","d","d","d","d","D","d","d","d","D","D","d","d","d","d","D","d","D","d","D","D",-1.86692033877878
93,5,11,"AA",2,"bb",0,"cc",0,256,206,-1,-1,-1,-1,-1,1,-1,1,-1,1,"d","D","d","D","D","D","d","D","D","D","D","D","D","D","d","D","D","D","d","d","d","D","D","d","D","d","D","D","D","d","D","d","d","D","d","D","D","d","D","D","D","d","d","D","D","d","d","D","d",-2.72720611525485
101,5,12,"aa",0,"bB",1,"CC",2,305,362,-1,-1,1,1,1,-1,1,-1,1,-1,"D","D","D","d","D","d","d","d","d","D","D","D","D","d","d","d","d","d","d","D","d","D","D","d","D","d","D","d","d","d","d","d","D","d","d","D","D","D","d","D","d","d","D","D","D","d","D","d","D",1.77505826330413
104,5,13,"aa",0,"bB",1,"cC",1,259,60,1,-1,-1,1,1,1,1,-1,1,1,"D","d","D","D","D","d","d","D","D","D","D","D","D","D","D","D","d","D","D","d","D","D","D","d","d","d","d","D","D","d","D","D","D","D","D","D","d","d","D","d","D","d","D","D","D","D","d","D","D",0.386158397226381
99,5,14,"aA",1,"BB",2,"cc",0,309,165,1,-1,-1,-1,-1,1,1,1,1,-1,"d","d","d","D","D","d","d","D","D","D","D","D","d","D","d","d","D","D","D","d","D","d","D","D","D","d","D","D","d","d","d","D","d","d","d","D","d","D","D","d","d","d","D","D","d","D","d","D","D",-0.660875381365966
100,5,15,"aa",0,"Bb",1,"Cc",1,261,259,-1,1,1,-1,1,1,-1,-1,1,-1,"D","d","D","D","d","d","D","D","d","D","D","D","d","d","d","D","D","D","D","d","d","D","d","D","D","d","D","d","d","d","d","d","D","d","D","d","D","D","d","D","d","D","d","D","D","d","D","D","D",0.379438215621069
102,5,16,"aa",0,"Bb",1,"cC",1,262,160,-1,1,1,1,-1,1,1,-1,1,1,"D","D","d","d","d","D","D","d","D","d","D","d","d","D","D","D","D","d","D","D","d","d","D","D","D","d","D","D","d","D","D","D","d","d","d","d","d","d","D","D","d","D","D","d","D","d","D","d","d",-1.45696092324617
98,5,17,"aa",0,"BB",2,"cc",0,262,404,-1,1,1,-1,-1,-1,1,-1,1,1,"d","d","D","d","D","D","d","D","D","D","d","D","D","D","d","D","D","d","D","d","d","d","d","d","d","d","D","D","d","D","d","d","d","d","D","d","D","d","D","D","d","d","d","d","D","D","D","d","D",-1.9996584621554
96,5,18,"aA",1,"Bb",1,"cC",1,214,409,-1,-1,-1,-1,-1,1,-1,1,1,-1,"D","d","D","d","D","D","D","D","D","D","d","d","D","d","d","d","d","D","d","d","d","D","D","d","d","d","d","D","D","D","d","d","d","D","d","D","d","D","D","d","d","d","d","d","d","d","d","d","D",0.680936142627063
99,5,19,"aA",1,"bB",1,"cC",1,264,408,1,-1,1,1,-1,1,1,1,-1,-1,"d","D","D","d","D","d","d","D","D","D","d","d","D","D","D","d","D","D","d","d","D","D","d","D","D","d","D","D","D","d","d","d","d","d","d","d","D","d","D","d","D","d","D","d","D","d","D","d","D",-2.47737938323947
99,5,20,"aa",0,"bB",1,"CC",2,361,607,1,-1,-1,-1,1,-1,-1,-1,1,1,"D","d","D","d","d","d","d","D","D","d","D","d","D","d","d","D","D","d","d","D","D","d","D","D","D","d","D","d","D","d","D","d","d","d","d","d","D","D","d","D","D","d","d","D","D","D","D","D","D",1.63239986980718
100,5,21,"aa",0,"bb",0,"cC",1,217,166,1,-1,-1,1,-1,-1,1,1,1,1,"d","d","d","d","D","D","d","d","D","D","d","d","d","D","D","D","D","d","D","d","d","D","D","d","d","d","d","d","D","d","d","d","D","d","D","d","D","D","D","D","D","d","D","d","D","D","d","D","D",-1.30434216164537
96,5,22,"aa",0,"Bb",1,"cC",1,267,174,-1,-1,-1,-1,1,-1,-1,1,1,1,"d","d","d","d","D","d","d","D","D","d","D","d","D","D","D","d","D","d","D","d","d","d","d","D","D","d","d","d","d","D","D","D","d","D","d","d","d","D","d","D","D","D","D","d","D","d","D","D","d",-1.69504790849043
103,5,23,"aa",0,"bb",0,"cC",1,267,166,1,-1,-1,1,1,-1,-1,1,1,1,"d","d","d","d","d","d","D","D","D","d","D","D","d","D","D","d","D","d","D","d","d","D","D","d","d","d","d","d","D","D","d","d","d","d","D","d","D","D","D","d","D","d","D","d","d","d","d","d","D",1.60239978610753
100,5,24,"aa",0,"bB",1,"CC",2,269,75,1,1,-1,-1,1,-1,-1,1,1,-1,"d","d","d","d","d","d","d","D","d","d","D","d","D","d","d","D","D","D","D","D","d","D","d","d","d","d","d","D","d","D","d","D","D","d","D","D","d","D","D","D","D","D","D","d","D","d","D","d","d",0.887012084975715
102,5,25,"Aa",1,"bB",1,"CC",2,270,465,-1,-1,-1,1,1,1,1,-1,1,1,"d","D","D","D","D","d","d","d","d","d","d","D","d","D","D","D","D","D","D","d","D","D","D","D","D","D","D","D","d","d","d","D","d","d","D","d","D","D","D","d","D","d","D","D","D","d","d","D","D",0.77436259648883
101,5,26,"Aa",1,"bb",0,"Cc",1,270,273,-1,1,-1,-1,1,1,1,-1,1,1,"d","D","d","D","D","d","d","d","d","d","D","D","D","D","D","D","D","D","D","D","d","D","D","d","D","D","d","d","d","d","D","D","D","d","d","D","D","D","d","d","D","d","d","D","D","d","d","d","D",-0.0459331046153839
97,5,27,"Aa",1,"bB",1,"cC",1,272,78,-1,-1,1,-1,1,1,-1,-1,1,-1,"d","d","D","D","D","d","D","d","D","d","d","d","D","d","d","D","D","d","D","d","d","D","d","d","d","d","d","D","D","D","d","d","d","D","d","D","d","d","d","D","D","d","D","d","D","d","d","D","d",-0.0111632702216813
99,5,28,"aa",0,"bB",1,"cC",1,273,371,1,1,-1,1,-1,1,-1,-1,1,-1,"d","D","D","D","D","d","d","d","d","d","D","D","d","d","D","D","D","D","d","d","D","D","D","D","d","d","d","d","D","d","d","D","d","D","d","D","D","D","D","D","D","d","D","D","D","d","D","D","D",-0.661971565045094
99,5,29,"Aa",1,"bb",0,"cC",1,274,225,-1,-1,1,1,1,-1,1,-1,1,-1,"d","D","D","d","D","D","D","d","D","d","d","D","d","D","d","D","D","D","d","D","D","D","d","d","D","d","d","d","d","d","d","d","d","D","D","D","D","D","d","D","D","d","d","D","d","D","D","d","d",-0.833785088217293
102,5,30,"aA",1,"Bb",1,"cc",0,275,423,-1,1,1,-1,1,1,-1,1,-1,1,"d","d","d","d","d","d","d","D","D","d","d","d","D","d","D","d","d","d","D","d","d","D","D","D","D","d","d","d","D","D","D","D","d","d","d","D","d","d","d","D","d","d","d","D","d","D","D","D","d",0.364354418013148
105,5,31,"AA",2,"bb",0,"cc",0,276,667,-1,-1,1,-1,-1,1,1,1,1,1,"d","D","D","D","D","d","d","d","D","d","D","d","d","D","d","d","d","D","d","d","d","D","D","d","D","D","D","D","d","d","D","d","d","d","d","d","D","D","D","D","D","d","d","D","D","d","D","D","d",3.20989874916456
106,5,32,"Aa",1,"bb",0,"cC",1,276,378,-1,-1,1,1,1,-1,1,1,1,1,"d","D","D","D","d","d","d","d","D","D","D","d","D","d","d","d","d","D","D","d","d","D","D","d","D","D","d","D","d","d","d","d","d","d","D","D","d","D","d","D","D","d","d","D","D","d","d","d","d",2.2696879772803
105,5,33,"aA",1,"bb",0,"CC",2,229,81,1,-1,1,1,-1,1,-1,1,1,1,"D","d","d","D","D","D","d","d","D","D","d","d","D","d","d","d","d","D","D","d","D","d","D","D","d","d","d","d","d","D","d","D","d","d","D","d","D","D","D","D","D","d","D","D","d","D","D","D","d",1.3688970193056
99,5,34,"AA",2,"bB",1,"cc",0,279,427,-1,-1,-1,1,1,-1,1,-1,-1,1,"d","d","d","d","D","d","d","d","D","D","D","d","d","d","D","d","D","D","D","d","d","d","D","d","d","D","D","D","d","D","D","d","d","D","D","D","d","d","d","D","d","D","d","D","D","d","d","D","d",1.23717657521502
97,5,35,"Aa",1,"bB",1,"Cc",1,280,329,1,-1,1,-1,1,-1,-1,-1,-1,-1,"D","D","D","d","D","d","D","D","D","d","d","d","d","d","d","d","D","D","D","D","D","D","d","d","d","d","D","D","d","D","d","d","d","d","d","D","D","d","d","D","D","D","d","d","D","D","D","d","d",1.30718939444528
94,5,36,"Aa",1,"Bb",1,"CC",2,281,613,-1,-1,-1,1,1,-1,-1,-1,-1,-1,"D","D","d","d","D","d","d","D","d","d","d","D","d","d","D","D","D","d","D","d","D","d","D","d","D","d","D","D","d","d","d","D","d","D","D","D","D","d","D","D","D","d","D","d","D","d","d","D","D",0.810000086423926
99,5,37,"aA",1,"bb",0,"CC",2,282,234,1,-1,1,-1,1,-1,-1,-1,-1,1,"d","d","D","D","D","D","D","D","D","D","D","D","d","d","D","D","d","D","D","D","D","d","D","d","d","D","d","D","D","D","D","d","D","d","d","D","D","d","D","d","D","D","d","d","d","D","D","d","d",1.2121304625817
100,5,38,"aa",0,"bb",0,"Cc",1,232,181,1,-1,-1,-1,1,-1,1,1,-1,-1,"d","d","D","d","d","d","D","D","D","D","d","D","d","d","d","D","d","D","D","d","d","d","D","d","d","d","d","d","D","D","D","D","d","D","D","D","d","D","D","D","d","D","d","d","D","D","d","D","d",2.94309049779585
101,5,39,"aA",1,"BB",2,"cc",0,284,382,-1,-1,-1,1,1,1,1,1,1,-1,"D","D","D","D","d","D","D","D","D","D","d","D","d","d","d","D","D","D","D","d","d","d","D","d","d","d","d","d","d","D","d","d","D","d","d","D","d","D","D","D","D","d","D","D","d","d","d","d","d",-0.268441641541824
96,5,40,"aA",1,"bb",0,"CC",2,285,286,-1,-1,1,-1,-1,1,-1,1,-1,1,"d","D","D","d","D","d","d","d","D","D","D","D","D","D","d","d","d","D","d","D","d","D","D","D","D","d","D","D","D","d","d","D","D","d","d","d","D","d","D","d","d","D","d","d","D","D","d","d","d",-1.80530720305254
90,5,41,"aa",0,"bB",1,"Cc",1,285,185,-1,-1,1,1,-1,-1,-1,-1,-1,-1,"d","D","d","D","d","d","D","d","d","D","D","d","D","D","d","d","D","D","D","D","D","D","d","D","D","d","D","d","D","d","d","d","d","d","D","d","d","D","d","d","d","D","d","d","d","D","D","d","d",-3.33091762638104
103,5,42,"Aa",1,"bb",0,"cc",0,336,288,-1,1,-1,1,1,1,-1,1,-1,1,"D","d","D","D","D","D","D","d","D","D","d","d","D","d","D","D","d","D","D","D","d","d","D","d","D","D","D","D","d","D","d","D","D","d","d","d","D","D","D","D","D","d","d","D","D","d","D","d","d",1.81621189575245
95,5,43,"aa",0,"bb",0,"cc",0,388,146,-1,1,-1,-1,1,-1,-1,1,-1,-1,"d","d","D","d","d","D","d","d","d","d","d","D","D","D","D","D","d","D","D","d","D","D","D","d","d","D","d","D","D","D","D","d","d","D","D","D","d","D","d","D","D","d","d","d","d","D","d","d","D",-0.197849373903133
94,5,44,"Aa",1,"bB",1,"Cc",1,238,427,1,-1,1,-1,-1,-1,-1,-1,1,-1,"d","d","D","d","D","D","d","d","D","d","D","D","d","d","D","D","D","D","D","d","d","D","D","d","D","d","d","D","d","d","D","d","d","d","d","D","d","D","D","d","d","d","d","d","D","D","d","d","d",-1.05063392212298
104,5,45,"aa",0,"BB",2,"Cc",1,290,972,-1,-1,1,-1,1,1,1,-1,1,1,"d","D","d","d","D","D","D","D","D","d","D","d","D","D","d","D","d","d","d","D","D","D","d","D","D","d","d","D","D","d","D","D","d","D","d","D","d","d","d","D","D","d","d","d","d","d","d","d","d",2.31635457678061
97,5,46,"Aa",1,"bb",0,"CC",2,242,588,-1,-1,1,-1,-1,1,1,-1,1,-1,"d","D","d","D","d","D","D","D","D","D","D","D","d","D","D","d","D","D","d","d","D","D","D","d","d","d","d","D","D","D","d","d","D","D","D","d","D","d","D","D","D","D","D","d","D","D","d","D","d",-0.88557033526883
95,5,47,"aA",1,"bb",0,"Cc",1,293,294,-1,1,-1,1,-1,1,-1,-1,-1,-1,"d","D","D","d","D","d","D","D","D","D","D","d","D","d","D","D","D","D","d","D","d","D","d","d","d","D","d","d","d","d","D","D","d","D","D","d","D","D","D","D","d","d","d","d","d","D","d","d","d",-0.124747485535985
99,5,48,"Aa",1,"Bb",1,"CC",2,244,387,-1,-1,-1,1,-1,1,1,-1,-1,1,"D","D","D","d","D","d","d","d","D","d","d","D","D","d","d","D","D","d","d","D","D","D","d","D","D","D","d","D","D","d","D","D","D","d","d","D","d","D","d","D","D","d","d","d","d","D","d","d","d",1.17988814936745
100,5,49,"Aa",1,"bb",0,"cc",0,294,390,1,-1,1,-1,1,-1,1,1,-1,-1,"D","D","d","D","d","D","D","D","d","D","D","D","d","D","D","D","D","d","d","d","d","d","d","d","d","d","D","d","D","D","D","d","d","D","d","d","D","D","d","D","d","d","D","d","d","d","D","d","D",0.592669656869866
90,5,50,"aa",0,"BB",2,"Cc",1,344,339,-1,-1,1,1,-1,-1,-1,-1,-1,-1,"D","D","D","D","D","d","D","d","D","D","D","D","D","d","d","D","d","d","d","D","d","D","D","D","D","d","D","d","d","d","d","d","D","d","D","d","d","d","D","D","d","d","d","d","d","D","D","d","d",-3.25523206752729
98,6,1,"aa",0,"BB",2,"cC",1,296,205,-1,1,-1,1,-1,-1,-1,-1,1,-1,"d","d","d","d","d","d","d","D","D","D","D","D","d","D","d","D","d","d","D","d","d","D","d","D","d","d","D","d","d","D","D","d","D","d","D","D","d","D","D","D","D","D","d","d","D","d","D","D","D",2.77944254561093
103,6,2,"aA",1,"bB",1,"CC",2,346,206,-1,1,1,-1,1,1,1,-1,1,1,"d","D","D","d","d","D","d","D","d","d","D","d","D","d","d","D","D","D","d","d","d","D","D","d","D","D","D","D","D","d","D","d","d","D","d","D","D","D","D","d","D","d","d","D","D","D","d","D","d",-0.412257727509381
96,6,3,"Aa",1,"BB",2,"cC",1,298,200,-1,-1,1,-1,-1,-1,-1,1,1,1,"d","D","D","D","d","d","D","d","D","D","d","d","d","D","d","D","d","D","d","d","D","D","d","d","D","d","d","d","d","D","d","D","d","D","d","d","D","D","D","D","D","d","d","D","D","D","D","d","D",-1.11591753473626
99,6,4,"aA",1,"Bb",1,"cC",1,299,152,-1,-1,-1,-1,1,-1,1,-1,1,1,"d","D","d","d","d","d","d","d","D","d","D","D","d","D","D","d","d","D","D","d","D","D","d","D","d","D","d","d","D","d","D","D","d","d","d","D","d","D","D","d","D","D","D","d","D","d","d","d","D",1.05405737932141
94,6,5,"Aa",1,"bB",1,"cC",1,300,250,-1,-1,-1,1,1,-1,-1,-1,-1,-1,"D","d","d","d","d","d","d","D","d","D","D","D","D","D","D","D","d","D","D","d","D","D","D","D","D","d","d","D","d","D","d","d","d","d","D","D","D","D","D","D","d","d","D","d","d","D","D","d","D",0.262478766910862
96,6,7,"AA",2,"bB",1,"CC",2,399,446,-1,-1,-1,-1,1,-1,1,-1,1,-1,"D","D","D","d","d","D","d","D","D","D","D","D","d","d","d","d","d","d","D","d","d","d","D","d","D","D","d","D","D","D","D","d","d","D","d","D","D","D","d","D","d","D","d","D","D","d","D","d","d",0.477748711114346
101,6,8,"Aa",1,"bB",1,"cc",0,302,402,-1,1,1,-1,-1,1,1,1,-1,1,"d","D","d","D","d","d","d","d","D","D","D","D","d","d","D","d","D","D","D","d","d","D","D","d","D","d","D","D","d","D","d","D","d","D","d","d","D","D","D","d","d","d","d","D","d","d","D","d","D",-0.154548083000325
104,6,9,"AA",2,"BB",2,"CC",2,255,155,1,1,1,1,1,1,-1,-1,-1,1,"d","D","d","D","D","d","D","d","D","d","D","D","d","d","D","D","d","d","d","d","d","D","D","d","d","D","d","d","D","d","D","d","D","d","D","D","D","D","D","D","d","d","D","D","d","d","d","d","D",0.572671297122649
96,6,10,"aA",1,"bb",0,"Cc",1,304,256,-1,1,-1,-1,1,-1,1,-1,-1,-1,"D","d","D","D","D","d","D","D","d","D","D","D","D","d","d","d","d","D","D","d","d","D","D","d","d","d","d","d","D","d","d","d","d","D","D","D","D","D","d","d","D","d","D","D","D","d","D","D","d",0.510760223151786
93,6,11,"aa",0,"bB",1,"Cc",1,304,207,-1,-1,-1,-1,-1,-1,-1,-1,-1,1,"D","D","d","D","D","d","d","D","D","D","D","D","d","d","D","d","D","D","D","D","d","D","d","d","D","d","d","d","d","d","d","d","d","D","D","D","D","D","D","d","D","d","d","D","d","d","D","D","d",1.63329698857919
98,6,12,"aa",0,"bb",0,"cC",1,354,359,-1,-1,-1,-1,1,-1,1,1,-1,-1,"D","d","D","D","d","D","d","d","d","D","D","d","d","D","d","D","d","d","D","D","d","d","D","d","D","D","D","D","d","d","d","D","D","d","d","d","D","d","d","D","d","D","D","d","D","d","D","D","D",2.16958095664053
95,6,13,"aA",1,"bB",1,"cC",1,356,255,1,1,-1,-1,-1,1,-1,-1,-1,1,"d","d","d","d","d","D","d","D","D","d","D","D","D","D","d","D","d","D","d","d","d","d","D","d","D","d","D","d","D","D","D","D","d","D","d","D","D","d","D","d","D","d","d","d","D","d","d","d","d",-2.19708943053815
98,6,14,"aa",0,"Bb",1,"cC",1,261,419,-1,-1,-1,-1,1,-1,-1,1,1,1,"d","D","D","d","d","d","D","D","d","D","d","D","d","d","D","D","d","d","d","d","D","D","d","d","D","d","D","d","d","d","d","d","d","d","d","d","D","D","D","D","d","d","D","D","d","d","d","D","d",0.398479999500794
104,6,15,"aA",1,"BB",2,"Cc",1,308,647,-1,-1,1,1,1,-1,-1,1,1,-1,"d","d","D","D","D","d","d","d","d","D","d","D","D","d","D","D","d","D","d","D","D","d","D","d","D","D","D","d","D","d","d","d","D","d","D","D","D","D","d","D","d","d","d","D","D","d","d","D","D",4.23501251078258
97,6,16,"Aa",1,"Bb",1,"cC",1,260,210,-1,1,-1,-1,1,-1,1,-1,-1,1,"d","D","d","D","D","D","d","D","D","D","d","d","D","d","D","D","D","D","D","D","d","d","D","d","D","D","D","d","d","D","d","d","d","d","d","D","D","D","D","d","D","d","d","D","d","D","d","d","D",-0.148451025141116
96,6,17,"aa",0,"bB",1,"CC",2,311,212,-1,-1,-1,-1,-1,-1,1,1,-1,1,"d","D","d","D","D","d","d","D","d","d","d","d","D","d","d","D","D","d","d","D","d","d","D","d","D","d","D","D","d","d","D","d","d","D","D","D","D","D","D","d","d","D","d","D","D","d","d","D","d",0.477660876027201
98,6,18,"aa",0,"bB",1,"cc",0,312,658,-1,-1,-1,1,-1,-1,1,-1,1,1,"d","d","d","d","D","d","d","D","d","D","D","D","d","d","D","D","D","d","d","d","D","d","D","D","d","d","d","d","d","D","D","D","d","D","d","d","D","D","D","D","d","d","D","d","D","D","d","D","d",0.715582526385297
105,6,19,"aa",0,"bb",0,"Cc",1,313,267,-1,1,-1,-1,1,1,1,-1,1,1,"d","D","d","D","d","d","d","D","D","D","d","d","d","D","D","d","d","d","d","D","d","d","D","d","d","D","D","d","d","D","d","D","d","d","d","D","d","D","D","d","D","d","d","d","d","d","d","D","D",3.08250825750965
98,6,20,"aa",0,"bB",1,"Cc",1,364,658,-1,-1,-1,1,-1,-1,1,-1,-1,1,"D","d","d","D","d","D","D","d","D","D","d","D","d","D","D","d","D","d","d","d","D","D","d","d","D","D","D","D","D","d","D","D","d","D","d","D","D","d","D","d","D","D","D","d","D","d","d","D","D",2.5187077565637
102,6,21,"aA",1,"Bb",1,"CC",2,364,463,-1,-1,1,1,-1,1,1,1,1,-1,"D","d","d","D","d","D","D","D","d","D","D","D","d","D","D","d","d","d","d","d","D","D","D","d","d","d","d","D","D","D","D","d","D","d","D","D","D","D","D","D","D","D","d","d","d","d","d","D","D",0.228312576607076
100,6,22,"Aa",1,"Bb",1,"cc",0,316,263,-1,-1,-1,-1,-1,1,1,1,1,1,"d","D","D","d","d","D","d","D","D","D","d","D","d","d","D","D","D","D","d","d","d","D","D","d","d","D","D","D","d","d","D","D","d","d","d","d","D","D","D","D","d","D","d","d","d","d","d","D","d",0.815808726701169
97,6,23,"aA",1,"Bb",1,"cc",0,317,167,1,-1,-1,-1,1,-1,-1,1,1,1,"D","d","D","D","d","d","d","d","d","D","d","D","d","D","d","D","d","D","d","D","d","D","d","D","D","d","d","d","D","d","d","D","d","D","D","D","D","D","D","d","D","D","d","d","d","d","d","d","d",-2.33321889300702
101,6,24,"AA",2,"bB",1,"CC",2,318,359,1,-1,1,-1,1,-1,-1,1,1,1,"D","D","D","d","d","D","D","D","d","D","D","d","d","d","D","D","D","D","D","d","D","d","D","D","D","D","D","d","d","d","D","d","D","D","d","d","D","D","d","d","D","D","d","d","D","D","d","D","D",-0.977586239181483
98,6,25,"AA",2,"BB",2,"cC",1,319,368,-1,-1,1,-1,-1,-1,1,1,1,1,"d","D","d","d","d","D","D","d","d","d","d","d","D","d","d","D","D","D","D","D","D","D","D","d","d","d","d","D","D","d","d","D","d","D","d","d","D","d","D","d","D","D","D","D","d","d","D","D","D",-1.89681166545917
100,6,26,"aa",0,"bB",1,"Cc",1,320,466,-1,1,1,-1,1,-1,-1,1,-1,1,"d","D","D","d","d","d","d","D","D","d","D","D","d","D","D","d","D","D","d","d","d","d","D","d","d","D","d","D","d","D","d","d","d","D","d","D","D","D","d","D","d","d","D","d","D","d","D","D","D",0.887848120290359
100,6,27,"Aa",1,"bb",0,"cC",1,321,418,1,1,-1,-1,1,-1,1,-1,1,1,"d","D","D","D","D","d","d","D","d","d","d","D","d","D","d","d","D","d","D","D","d","d","D","d","D","D","D","D","d","d","d","d","D","d","D","d","d","d","D","d","D","D","D","d","d","d","d","D","D",-1.10140184294288
99,6,28,"aa",0,"bb",0,"cc",0,322,713,-1,-1,-1,1,1,1,1,1,1,-1,"d","D","d","D","d","d","d","D","d","d","d","d","D","d","D","d","d","d","D","D","d","D","D","D","d","d","D","d","D","D","d","D","d","D","D","D","d","D","d","D","d","d","D","d","D","d","D","D","d",-2.66764480766369
104,6,29,"Aa",1,"bb",0,"cC",1,274,810,-1,-1,1,1,1,1,1,1,1,1,"d","D","D","d","D","d","d","D","D","d","D","d","D","D","d","d","D","D","D","d","D","D","D","d","D","d","d","d","d","d","D","d","D","D","D","D","d","D","D","D","D","D","d","D","d","D","D","d","d",-1.01434335052666
99,6,30,"aA",1,"bb",0,"cc",0,324,274,-1,-1,-1,1,-1,-1,1,1,1,1,"D","D","D","D","D","D","d","D","d","D","d","d","D","d","D","d","D","d","D","D","D","D","D","D","d","d","d","d","D","D","d","d","d","D","D","d","D","D","D","d","D","D","D","d","D","d","d","d","d",-0.611568084980339
100,6,31,"aa",0,"bb",0,"Cc",1,229,179,1,-1,1,-1,-1,1,-1,-1,1,-1,"D","D","d","D","d","d","d","d","D","D","d","d","d","d","D","d","d","D","D","d","D","D","d","D","D","d","d","D","d","D","D","D","D","d","D","d","d","D","D","D","D","d","d","D","D","D","D","D","D",2.53061835295052
91,6,32,"aA",1,"bb",0,"cc",0,326,231,-1,-1,-1,1,-1,-1,1,-1,-1,-1,"d","d","D","d","d","d","D","D","d","D","d","d","d","d","d","D","d","D","D","d","d","d","D","D","D","d","d","d","D","d","D","d","d","d","d","d","d","D","d","D","D","d","d","D","D","D","d","d","d",-2.03564539281275
104,6,33,"aa",0,"bB",1,"cc",0,326,376,1,1,-1,1,-1,-1,1,1,1,-1,"d","d","D","d","D","d","d","D","D","D","d","d","D","D","d","D","d","D","D","d","D","d","D","D","d","d","d","d","D","d","d","D","d","d","D","D","d","D","d","D","D","d","d","D","D","D","d","d","D",2.60363661466759
95,6,34,"Aa",1,"bB",1,"Cc",1,328,132,-1,-1,-1,-1,-1,1,-1,-1,-1,1,"d","D","D","D","D","d","d","D","D","d","d","d","D","D","D","d","D","D","d","d","d","d","d","D","D","d","d","d","d","d","D","d","D","D","d","D","d","d","d","D","D","d","d","D","d","d","D","D","D",1.47665253745718
102,6,35,"Aa",1,"bb",0,"cc",0,279,232,-1,1,1,-1,1,1,1,1,-1,1,"d","d","d","d","d","d","D","d","D","D","D","d","d","d","d","d","D","D","D","D","d","d","d","d","d","d","D","D","d","D","d","d","D","D","D","D","D","d","D","d","D","D","D","D","d","d","D","d","D",-1.71517329302798
100,6,36,"aa",0,"bb",0,"cc",0,330,378,-1,-1,-1,1,1,-1,-1,1,1,1,"d","d","D","D","D","d","d","D","D","D","D","d","D","D","d","D","d","D","D","d","d","D","D","D","D","d","d","D","d","d","d","d","d","d","D","d","D","D","d","D","D","d","d","D","D","d","d","D","D",0.0355849683116907
101,6,37,"aa",0,"bB",1,"CC",2,331,281,-1,-1,1,1,1,1,-1,-1,1,-1,"D","d","D","D","d","D","d","d","D","d","d","d","D","d","d","d","D","D","d","d","d","D","d","D","D","d","d","d","D","d","D","d","D","D","D","D","d","D","d","d","D","d","d","d","d","D","d","d","d",1.6162106510823
102,6,38,"aa",0,"bB",1,"cC",1,332,135,-1,-1,1,1,-1,1,1,-1,1,1,"d","d","d","d","d","D","d","d","d","D","D","d","D","d","D","d","D","d","D","D","d","D","d","d","D","d","D","d","d","d","D","d","d","D","D","D","d","D","D","D","D","d","D","d","d","D","D","D","D",0.0525862069077838
101,6,39,"aa",0,"BB",2,"CC",2,333,432,-1,-1,1,1,-1,-1,1,1,-1,1,"d","d","D","d","D","D","d","D","d","d","d","D","D","d","d","d","d","D","D","D","d","d","d","d","D","D","D","D","d","D","D","d","D","d","d","D","D","d","D","d","D","d","D","d","d","D","D","d","D",1.1206778819462
99,6,40,"Aa",1,"bB",1,"cc",0,334,679,-1,-1,1,-1,-1,1,1,1,-1,-1,"d","D","d","D","d","D","D","D","D","d","D","d","d","D","D","d","D","D","D","d","D","d","D","d","d","d","D","d","D","D","D","d","d","D","d","D","D","D","D","d","d","d","d","d","d","D","D","d","D",1.97244973009363
102,6,41,"AA",2,"Bb",1,"cC",1,335,89,1,1,1,1,-1,-1,1,1,1,-1,"D","D","d","D","d","D","D","D","d","d","D","D","D","D","d","D","D","d","d","D","D","D","d","d","D","d","d","D","D","D","D","d","D","d","d","D","D","D","D","d","D","d","d","d","d","d","D","d","d",-1.10725501835745
106,6,42,"aA",1,"bb",0,"cc",0,286,97,1,1,1,1,-1,1,1,1,1,-1,"d","D","D","D","D","d","D","D","d","d","d","D","d","d","d","d","D","d","d","D","d","d","D","D","D","D","D","D","d","d","D","D","D","d","d","D","d","D","d","D","D","d","d","D","d","D","D","d","d",0.167299152997396
102,6,43,"aa",0,"bb",0,"CC",2,337,434,-1,-1,1,1,1,1,-1,-1,1,1,"D","d","d","d","D","D","D","d","D","D","D","D","d","d","D","D","D","d","d","D","d","d","D","D","d","d","D","D","D","D","D","D","d","D","D","d","D","D","D","d","D","d","d","d","d","d","D","d","d",0.545632560427917
97,6,44,"aa",0,"Bb",1,"CC",2,338,437,1,1,-1,-1,-1,1,-1,1,1,-1,"d","d","d","d","D","d","D","d","D","D","D","d","D","d","d","D","d","D","D","d","D","D","D","D","d","D","d","D","D","d","D","d","d","D","D","d","d","D","d","D","d","d","d","D","D","d","d","d","D",-2.3334890268496
94,6,45,"aa",0,"Bb",1,"Cc",1,339,194,-1,-1,1,1,-1,-1,-1,-1,-1,-1,"d","D","D","D","d","D","D","D","D","D","d","d","d","D","d","D","d","D","D","d","D","d","D","D","D","d","D","d","D","d","D","D","D","d","D","D","D","D","d","d","D","d","d","d","D","D","D","d","d",0.773284807318051
101,6,46,"aa",0,"bb",0,"cc",0,290,283,-1,-1,1,1,1,1,1,1,-1,-1,"d","D","d","d","D","D","d","D","D","d","d","D","D","D","D","d","d","D","D","D","D","D","d","D","D","D","D","d","d","d","d","D","d","D","d","d","D","d","d","D","d","d","d","d","D","d","d","d","d",-0.0637752864166769
98,6,47,"Aa",1,"bb",0,"cC",1,341,293,1,-1,1,-1,1,-1,-1,-1,1,-1,"d","d","D","d","d","d","d","D","d","D","d","d","D","d","d","d","D","d","D","D","D","D","D","d","d","d","D","d","d","d","d","d","d","D","D","D","d","D","d","D","D","d","d","D","d","d","d","d","D",0.338233843546317
94,6,48,"aa",0,"BB",2,"Cc",1,342,390,1,-1,1,-1,-1,-1,-1,-1,-1,1,"D","D","d","D","d","d","D","D","d","d","D","D","d","D","D","d","D","d","d","d","d","d","D","d","d","d","D","d","D","D","D","d","d","d","d","d","d","D","d","D","D","d","D","d","d","d","D","d","D",-1.31717366992757
103,6,49,"aa",0,"bb",0,"Cc",1,344,93,-1,1,1,1,1,-1,1,1,1,-1,"D","D","D","d","d","d","d","D","D","d","D","D","d","d","d","D","D","d","d","D","D","D","D","D","d","d","d","d","D","d","D","d","D","D","D","d","D","d","d","D","D","d","d","d","d","D","d","D","d",-0.106248834644429
105,6,50,"aa",0,"bB",1,"Cc",1,393,441,1,1,-1,-1,-1,1,1,1,1,1,"d","d","d","D","d","D","D","d","d","D","D","D","d","D","d","D","D","D","D","D","d","d","D","D","D","d","d","D","D","d","D","d","d","d","D","D","D","D","d","D","D","D","d","D","D","D","d","d","d",1.07429970183613
100,7,1,"aa",0,"Bb",1,"CC",2,297,303,-1,-1,1,1,-1,-1,1,1,-1,1,"d","d","d","d","d","d","d","D","D","D","d","d","d","D","d","d","d","D","D","d","d","D","d","D","D","D","d","D","d","D","d","d","d","d","D","d","D","D","D","D","d","D","d","D","D","d","D","D","d",0.250966278866847
107,7,2,"AA",2,"Bb",1,"CC",2,346,400,-1,1,1,1,1,-1,1,1,1,1,"d","d","D","D","d","D","d","d","d","d","d","d","D","D","D","d","D","d","d","d","D","d","D","D","D","d","d","D","D","d","d","d","d","D","D","D","D","D","d","d","d","d","d","D","D","D","d","D","D",1.35309004245006
100,7,3,"aa",0,"bb",0,"cC",1,396,738,1,-1,1,1,1,-1,-1,-1,-1,1,"d","D","d","D","d","d","d","D","d","D","D","d","D","d","D","d","d","d","D","d","D","D","D","D","D","d","D","d","D","d","D","D","d","d","D","D","D","D","D","D","D","d","d","D","d","D","D","d","d",0.0998781294889389
100,7,4,"AA",2,"bB",1,"cc",0,348,255,1,-1,-1,-1,1,1,-1,-1,1,1,"d","d","D","D","d","d","d","d","d","D","d","d","D","D","d","d","d","D","d","d","d","D","d","d","d","d","D","D","D","d","D","D","d","d","d","d","d","D","D","d","D","d","d","D","D","d","D","D","d",0.786872344746629
94,7,5,"aA",1,"Bb",1,"Cc",1,349,300,-1,-1,1,-1,-1,1,1,-1,1,-1,"d","D","d","D","d","d","d","D","D","D","D","D","D","d","D","d","d","d","D","D","D","d","D","D","D","d","d","d","D","d","D","d","D","D","D","D","D","D","D","d","D","D","D","d","d","d","D","D","D",-3.39692598612762
102,7,6,"aa",0,"Bb",1,"cc",0,350,351,-1,-1,1,1,1,-1,-1,1,1,1,"D","d","d","d","d","D","d","D","d","D","D","D","d","D","D","D","d","d","D","D","d","D","D","D","D","d","D","D","d","d","d","d","d","D","d","D","D","d","d","D","D","d","D","d","D","D","D","d","d",0.241695404931894
97,7,8,"Aa",1,"bB",1,"cc",0,9,552,-1,-1,1,1,-1,-1,1,1,-1,-1,"D","d","d","D","D","d","d","d","d","D","D","D","D","d","d","d","D","D","D","d","d","D","D","d","d","D","d","d","D","d","d","d","d","D","D","d","d","D","D","D","D","d","d","d","D","D","d","D","d",-0.201816724235405
103,7,9,"aA",1,"bb",0,"cc",0,401,641,-1,1,1,1,1,-1,1,-1,1,1,"D","d","D","d","d","d","d","d","D","D","d","D","D","D","d","d","d","D","d","d","d","D","D","D","D","D","d","d","d","D","d","d","d","d","d","D","D","D","D","d","D","d","d","D","d","D","D","D","D",-0.539017122628386
96,7,10,"aA",1,"bB",1,"CC",2,449,696,1,1,-1,-1,-1,-1,1,-1,1,-1,"d","d","d","d","d","d","D","d","d","d","D","D","d","d","D","D","d","D","d","D","D","d","D","d","d","D","d","d","d","d","d","D","D","d","d","d","d","D","D","d","d","d","D","d","d","D","D","d","d",-1.22068514046851
101,7,11,"aA",1,"bB",1,"Cc",1,354,457,-1,1,-1,1,1,-1,1,1,-1,1,"d","D","D","D","d","D","d","d","D","D","D","D","d","D","D","d","D","d","d","D","d","D","d","d","D","D","d","D","d","d","d","D","D","D","D","D","d","D","d","d","d","d","D","d","d","d","D","D","D",-0.456340666992491
95,7,12,"aa",0,"bb",0,"cc",0,355,453,-1,-1,-1,1,1,-1,1,-1,-1,1,"d","d","D","D","D","d","D","D","D","d","d","d","D","D","d","D","D","D","d","D","D","d","d","d","d","D","D","D","d","D","D","D","d","D","D","D","D","D","D","d","d","d","d","D","D","D","d","D","d",-2.27504823970273
99,7,13,"aa",0,"bB",1,"cc",0,356,207,-1,-1,1,-1,1,-1,-1,-1,1,1,"d","d","D","d","D","d","d","D","d","D","D","D","d","D","D","d","D","D","D","d","D","d","D","D","D","d","D","d","d","D","D","D","d","D","D","D","D","d","d","d","D","d","d","D","D","d","d","D","d",1.59338676194956
98,7,14,"aa",0,"BB",2,"cC",1,357,308,-1,-1,-1,-1,-1,1,1,1,1,1,"d","d","d","d","D","D","d","D","d","d","D","d","D","d","d","D","D","D","D","d","D","D","d","D","d","D","D","d","d","D","D","D","d","D","d","d","D","d","d","D","D","d","d","d","D","D","d","D","D",-1.24911443683161
97,7,15,"Aa",1,"bb",0,"CC",2,407,504,-1,-1,1,-1,-1,-1,1,-1,1,1,"d","D","d","d","D","D","D","D","D","d","d","d","D","d","D","D","D","D","D","d","D","D","D","D","d","d","D","d","D","d","d","d","d","D","D","D","d","D","d","D","D","d","d","D","D","D","D","d","D",-0.0646247565780272
103,7,16,"AA",2,"BB",2,"CC",2,359,954,-1,-1,-1,1,1,1,1,1,1,1,"D","D","d","d","d","D","d","D","d","D","D","d","D","D","d","D","D","D","d","D","d","D","d","D","D","d","D","d","d","d","d","D","D","d","d","D","d","D","D","D","D","d","D","D","d","d","D","D","d",-0.506473445936064
103,7,17,"aA",1,"Bb",1,"Cc",1,360,411,-1,1,1,-1,1,1,1,-1,-1,1,"D","d","D","D","D","d","d","D","D","D","d","D","D","d","D","D","d","D","d","d","D","D","D","D","d","D","D","d","d","d","D","d","D","D","D","D","d","D","D","D","D","d","D","D","d","d","d","d","D",1.55156552418797
101,7,18,"Aa",1,"Bb",1,"CC",2,410,460,1,1,1,-1,-1,-1,1,-1,1,1,"D","d","D","d","d","D","d","D","D","D","D","D","D","d","d","D","D","D","d","d","D","D","D","D","D","D","D","d","d","d","d","d","d","d","D","D","D","D","D","D","D","d","d","D","d","d","d","d","D",-0.777930980902581
101,7,19,"aa",0,"Bb",1,"CC",2,361,126,1,-1,1,1,1,-1,1,1,-1,1,"d","d","D","D","d","D","d","D","d","d","d","d","D","d","D","D","d","d","D","D","d","d","D","D","D","d","d","d","D","d","d","D","D","d","d","d","d","D","d","d","d","d","D","D","D","D","d","D","d",-2.05862858395887
97,7,20,"aa",0,"BB",2,"cC",1,363,460,-1,1,1,-1,-1,-1,1,-1,-1,1,"D","D","D","d","d","D","d","d","D","D","D","d","d","D","d","d","D","d","d","D","D","d","D","D","D","D","D","D","d","d","d","d","D","D","D","D","D","D","D","D","D","d","d","D","d","D","d","D","D",-0.590787934313481
104,7,21,"aa",0,"Bb",1,"Cc",1,315,506,1,1,1,1,1,-1,1,-1,1,1,"d","D","D","d","d","d","d","D","d","D","d","D","D","d","d","D","D","D","d","D","d","d","D","d","D","D","d","d","D","d","D","d","D","D","D","D","d","D","d","d","D","D","d","D","D","d","d","d","D",-1.72793377078002
106,7,22,"Aa",1,"bB",1,"cC",1,316,116,-1,1,1,1,1,-1,1,1,1,1,"D","D","D","d","d","D","d","D","D","D","d","D","D","D","d","d","d","D","D","d","d","d","d","d","D","D","d","D","d","d","d","D","D","d","d","d","d","d","D","D","d","D","d","d","D","D","D","D","D",0.141467872049851
102,7,23,"aA",1,"Bb",1,"Cc",1,367,416,-1,-1,1,-1,1,1,-1,-1,1,1,"D","D","D","D","d","d","d","d","d","d","d","D","d","d","d","d","D","D","d","D","D","d","d","D","D","D","d","d","D","d","d","d","d","d","D","D","D","D","d","D","d","D","d","d","d","d","D","D","d",2.01007699844957
102,7,24,"aa",0,"Bb",1,"CC",2,367,128,-1,-1,1,-1,1,-1,1,-1,1,1,"d","d","d","D","D","d","d","D","d","d","d","d","D","d","d","D","D","D","D","d","d","d","D","D","d","d","d","d","D","D","D","d","D","D","D","D","d","d","d","D","D","D","d","d","D","D","d","D","D",2.08820705587518
100,7,25,"AA",2,"bb",0,"cc",0,318,169,1,-1,1,-1,1,-1,-1,-1,1,1,"d","D","d","d","D","D","d","D","d","D","D","d","D","d","D","D","D","D","d","d","D","d","D","D","D","d","d","d","d","d","d","D","D","D","d","d","D","d","d","D","D","D","D","d","D","D","D","d","d",0.484885171708157
96,7,26,"aa",0,"bB",1,"cc",0,369,1247,-1,-1,-1,-1,1,1,-1,-1,1,-1,"d","D","D","d","d","D","D","d","d","D","d","d","D","d","D","d","D","D","d","d","D","D","d","d","d","d","d","d","D","d","D","d","d","D","D","d","d","D","d","d","d","D","D","d","d","d","d","D","d",0.63958168475867
98,7,27,"Aa",1,"bb",0,"cC",1,272,128,-1,-1,1,-1,1,-1,-1,1,1,1,"D","d","d","D","D","d","d","d","d","d","d","d","d","D","d","D","d","D","D","d","d","D","D","d","d","d","d","D","d","d","D","d","D","D","D","d","d","d","d","D","d","D","d","d","D","d","d","D","D",-1.88369714264684
101,7,28,"aa",0,"bB",1,"CC",2,371,135,1,-1,-1,-1,1,1,1,1,-1,1,"d","D","d","d","d","D","d","d","d","D","D","d","D","D","D","D","D","D","D","D","d","D","d","d","D","d","D","D","d","D","D","D","D","D","d","D","D","D","D","D","D","D","D","D","D","d","D","D","D",-0.833764634362604
98,7,29,"aa",0,"bb",0,"CC",2,372,371,1,-1,-1,1,-1,1,1,-1,1,-1,"d","D","D","D","d","D","d","D","d","D","D","d","d","D","D","d","D","d","D","d","D","D","D","D","d","d","d","D","D","d","d","d","d","d","d","d","D","D","D","d","D","D","D","d","D","d","d","d","d",-1.12593245715863
103,7,30,"aa",0,"bb",0,"CC",2,372,367,1,-1,-1,1,1,1,1,-1,-1,1,"d","D","D","D","D","d","d","D","d","D","D","D","d","D","d","d","D","d","D","D","d","D","d","d","D","d","d","D","d","d","d","d","d","d","D","d","D","D","D","d","D","d","d","d","d","d","d","d","d",1.43350498918519
102,7,31,"aA",1,"BB",2,"CC",2,374,566,-1,1,1,1,1,-1,-1,1,1,1,"D","D","d","D","d","D","D","d","D","D","d","d","D","d","d","d","d","D","D","D","d","D","d","d","D","d","D","d","D","D","D","d","d","d","D","D","D","D","D","D","D","d","D","D","d","d","D","d","D",-1.38297804411491
102,7,32,"aA",1,"Bb",1,"cC",1,375,234,1,1,1,-1,-1,1,1,-1,1,1,"d","d","d","d","D","d","D","D","D","d","D","D","d","D","D","d","d","D","D","d","D","d","D","D","d","d","d","D","D","d","d","D","d","d","d","D","D","d","D","D","D","D","d","D","D","D","d","d","d",-1.20926836380956
104,7,33,"aa",0,"Bb",1,"Cc",1,377,620,1,-1,1,1,1,-1,-1,1,1,1,"d","d","D","D","D","D","d","D","D","d","d","D","D","D","D","d","d","D","d","d","d","d","D","D","d","d","d","d","d","d","d","D","d","d","D","d","d","D","D","d","D","D","D","d","d","D","D","d","D",0.158781607139498
98,7,34,"aa",0,"BB",2,"Cc",1,425,679,-1,-1,1,-1,-1,1,-1,1,1,-1,"D","d","d","d","D","D","D","D","D","d","D","d","D","D","d","D","d","D","D","D","D","d","d","D","d","d","D","D","D","d","D","D","d","D","d","D","d","D","D","D","d","d","D","D","d","d","D","D","D",0.44153946553901
92,7,35,"aa",0,"BB",2,"cc",0,329,472,-1,-1,-1,1,-1,-1,-1,-1,-1,1,"d","d","d","d","D","d","d","D","d","d","d","d","D","d","D","D","D","D","D","D","d","D","D","D","D","d","d","d","d","d","D","d","D","D","D","D","D","d","D","D","D","d","d","d","d","D","D","d","d",-1.72372643988675
100,7,36,"aA",1,"bB",1,"cc",0,380,777,1,1,-1,-1,1,1,1,-1,-1,-1,"D","d","D","d","d","d","d","D","d","D","D","d","D","D","D","D","d","D","d","d","d","d","d","D","d","d","d","d","D","D","D","d","d","d","d","D","D","d","D","d","D","d","d","D","d","d","d","d","d",0.212150167273805
95,7,37,"aA",1,"bb",0,"cc",0,330,336,-1,-1,-1,-1,1,-1,-1,-1,1,1,"D","D","d","d","D","d","D","d","d","D","D","d","d","D","D","D","d","d","D","d","D","d","D","D","D","d","d","d","D","d","D","D","D","d","D","d","d","D","D","d","D","d","d","d","d","D","D","D","d",-0.350392554081696
95,7,38,"aA",1,"Bb",1,"cc",0,381,330,-1,1,-1,-1,-1,1,-1,-1,-1,1,"D","d","d","D","d","D","D","D","d","d","D","d","d","d","d","D","d","D","d","d","d","D","D","D","D","D","D","D","d","d","d","D","D","d","d","D","d","d","D","D","d","d","d","d","D","D","D","d","D",-0.564965358768773
93,7,39,"aA",1,"Bb",1,"cC",1,381,82,-1,-1,1,-1,-1,-1,-1,1,-1,-1,"D","d","D","D","D","d","d","D","D","d","D","D","d","d","D","D","D","D","d","d","d","d","d","D","D","d","d","D","d","d","d","D","d","d","D","D","d","d","d","D","D","d","D","D","D","D","d","D","D",-0.871657939147009
95,7,40,"aa",0,"Bb",1,"cc",0,333,480,-1,-1,-1,-1,-1,-1,1,1,-1,1,"d","d","d","d","d","D","D","D","D","D","d","D","D","d","D","d","D","D","d","D","D","D","D","d","d","D","D","D","D","d","D","d","D","d","D","D","D","d","D","d","D","d","d","d","d","d","D","d","d",-0.421529889509729
105,7,41,"Aa",1,"BB",2,"CC",2,384,138,1,1,-1,1,-1,-1,1,1,1,1,"d","d","D","D","d","D","d","D","d","d","D","d","d","d","d","d","d","d","d","d","d","d","D","D","d","d","d","d","d","D","d","D","D","d","D","D","D","d","D","D","D","d","d","D","d","D","d","D","d",1.3598994657945
97,7,42,"aA",1,"BB",2,"cc",0,385,582,-1,-1,1,1,-1,1,-1,-1,-1,-1,"d","D","D","D","d","D","d","d","D","d","D","D","D","d","D","D","D","D","d","d","d","d","D","D","D","D","d","d","D","d","D","d","d","d","d","d","d","D","D","d","D","d","d","d","d","D","d","d","D",1.16955903238468
103,7,43,"aa",0,"bb",0,"Cc",1,386,91,1,-1,-1,1,-1,1,-1,-1,1,1,"d","D","D","D","d","D","d","D","D","d","D","d","D","D","D","D","D","d","D","d","d","d","D","D","d","d","D","D","D","D","d","D","D","d","d","D","D","D","D","D","D","d","d","d","d","D","D","D","d",3.21546599569145
101,7,44,"aA",1,"bb",0,"CC",2,387,338,1,-1,1,-1,-1,-1,1,-1,1,1,"d","D","d","D","d","d","d","D","D","d","D","D","D","D","D","D","D","d","D","D","D","D","d","D","D","D","D","D","D","D","D","D","D","d","d","d","d","d","D","D","D","d","d","d","D","d","d","D","D",1.74612346317938
99,7,45,"aa",0,"bB",1,"cC",1,389,586,1,-1,-1,-1,1,1,1,-1,-1,1,"D","d","D","d","D","D","D","d","d","D","d","D","d","d","D","D","D","D","D","D","d","D","D","d","d","d","d","d","d","D","d","d","d","d","d","d","D","D","d","D","D","d","d","d","D","d","D","d","d",-0.759200668548809
97,7,46,"aA",1,"bb",0,"CC",2,387,234,-1,-1,1,-1,1,1,-1,-1,-1,1,"D","D","d","d","D","d","d","d","d","d","D","D","d","D","D","D","d","d","D","D","D","d","D","D","d","d","d","D","D","D","D","D","D","d","d","d","D","D","D","d","D","d","d","D","D","d","D","d","d",-0.482461463289472
98,7,47,"aa",0,"BB",2,"Cc",1,391,344,-1,-1,1,1,-1,-1,1,1,1,-1,"D","d","d","d","d","D","d","d","d","D","D","d","D","D","d","D","D","D","d","D","D","d","D","d","D","d","d","d","d","d","d","d","d","d","d","d","d","d","d","d","D","D","d","d","d","D","d","d","D",-1.05179564037875
96,7,48,"aa",0,"BB",2,"cC",1,391,340,-1,1,-1,1,-1,1,-1,1,-1,-1,"d","d","d","D","D","d","D","D","D","D","D","d","D","D","d","D","d","D","d","D","D","d","D","D","D","d","d","d","D","D","D","D","d","d","d","d","D","D","D","d","d","D","d","d","D","d","d","d","d",-1.46839841512434
101,7,49,"aa",0,"bb",0,"Cc",1,392,245,-1,-1,-1,1,-1,1,1,-1,1,1,"d","D","D","D","D","d","d","D","D","D","d","d","D","d","D","d","D","d","D","D","D","D","D","D","D","D","D","d","d","D","d","d","d","D","d","d","D","d","D","D","D","d","d","d","D","d","d","D","d",1.90540564992039
94,7,50,"Aa",1,"BB",2,"cc",0,393,441,-1,-1,-1,-1,-1,1,-1,1,1,1,"d","d","d","d","d","D","D","d","d","d","D","D","d","D","d","D","D","D","D","D","D","d","D","D","D","d","d","D","D","D","d","d","d","d","d","D","D","D","D","d","D","D","d","D","D","D","d","d","d",-3.5734000965326
97,8,1,"AA",2,"bb",0,"CC",2,345,345,-1,-1,1,1,-1,-1,-1,-1,1,1,"D","D","D","D","d","D","d","D","D","D","D","D","D","d","D","d","d","D","D","d","d","d","d","D","D","D","D","d","d","d","d","d","d","d","D","D","d","D","d","d","D","D","D","D","D","d","D","d","d",-0.876460243330153
100,8,2,"aa",0,"bB",1,"Cc",1,345,394,-1,-1,1,1,-1,-1,-1,1,1,1,"D","D","D","D","d","d","d","D","d","D","d","D","D","d","D","d","D","D","D","d","d","d","D","d","d","D","d","d","d","d","d","D","d","d","D","D","D","d","D","D","d","D","D","D","D","D","D","d","d",0.84906115602577
103,8,3,"Aa",1,"bb",0,"cc",0,395,350,-1,1,1,1,-1,1,1,-1,1,1,"d","D","d","d","d","D","d","D","d","D","D","D","d","d","d","D","d","d","d","d","D","D","D","d","d","D","d","D","D","D","d","D","d","D","d","d","D","d","d","D","d","d","d","D","d","D","d","D","d",-0.0514053977237806
94,8,4,"Aa",1,"BB",2,"CC",2,446,8,-1,1,-1,-1,-1,1,1,-1,-1,1,"d","D","d","d","d","d","d","D","D","D","d","d","d","D","d","d","d","D","d","D","D","D","d","D","d","d","D","D","d","D","d","D","D","d","D","D","d","D","D","d","d","D","d","D","d","D","D","d","d",-3.11962336897222
94,8,5,"aA",1,"bb",0,"CC",2,398,100,-1,-1,-1,-1,-1,1,-1,-1,1,1,"d","d","D","D","d","d","d","d","D","D","D","d","D","d","D","d","d","D","D","d","d","D","D","d","D","D","d","D","d","d","D","d","D","D","d","D","D","D","d","D","D","D","d","D","d","D","d","D","d",-1.08138986153454
107,8,6,"AA",2,"bb",0,"cc",0,400,11,1,1,1,1,1,1,1,1,1,-1,"D","D","D","d","d","d","d","D","D","d","d","D","D","D","D","d","d","d","D","d","d","D","d","D","d","d","d","d","d","D","d","d","D","D","D","d","d","d","d","d","d","d","D","D","D","d","d","D","D",-0.298795030857907
98,8,7,"AA",2,"bb",0,"cc",0,400,348,1,1,-1,-1,-1,1,-1,-1,1,1,"d","D","d","d","D","d","D","d","d","d","D","D","D","D","d","d","d","D","d","d","d","D","D","D","d","d","d","D","D","D","d","d","D","d","d","d","d","d","D","D","D","d","D","D","d","d","D","D","D",-1.83755465916321
100,8,9,"aa",0,"bb",0,"CC",2,401,448,-1,-1,-1,1,-1,-1,1,-1,1,1,"d","d","D","d","d","d","d","d","d","D","D","D","D","D","d","d","d","D","D","d","D","D","D","D","D","D","D","d","d","D","D","d","D","d","D","D","d","D","D","d","D","D","d","D","d","D","d","D","d",2.15540373955678
104,8,10,"AA",2,"Bb",1,"CC",2,451,454,-1,-1,1,1,1,-1,1,1,1,1,"d","D","D","D","D","d","d","d","d","D","d","D","D","D","D","d","D","D","d","D","d","D","D","D","d","D","d","D","d","d","d","d","d","d","d","D","D","D","D","D","D","D","d","D","d","D","D","D","D",0.827397066231685
101,8,11,"aA",1,"BB",2,"cc",0,353,402,-1,-1,1,-1,1,1,-1,1,-1,1,"D","d","d","d","d","d","D","D","D","D","D","d","d","D","D","d","d","D","d","d","d","D","D","D","D","d","d","d","D","d","d","d","d","D","D","d","D","D","D","d","d","d","d","D","d","D","D","D","D",1.5256484714875
104,8,12,"AA",2,"bb",0,"cc",0,404,893,1,-1,-1,1,-1,1,1,1,1,1,"d","D","D","D","d","D","d","D","d","d","D","D","d","d","d","D","D","d","D","d","d","d","D","d","d","D","d","d","D","d","D","d","d","d","D","D","d","d","d","d","D","d","D","D","d","D","D","D","D",0.635777221561338
102,8,13,"aA",1,"BB",2,"cC",1,404,256,1,-1,1,1,1,-1,-1,-1,1,1,"D","D","D","D","d","d","D","D","d","D","D","D","D","d","d","d","d","d","d","D","d","d","d","d","d","D","d","d","d","d","d","d","d","d","D","D","d","D","d","D","D","d","D","D","D","D","d","d","d",0.581352594088815
99,8,14,"aa",0,"bB",1,"cC",1,406,403,-1,1,-1,-1,1,-1,1,1,-1,1,"d","d","d","D","D","d","D","D","d","d","D","D","D","d","d","D","d","d","D","d","d","D","D","D","D","D","D","d","D","d","d","d","d","D","D","d","d","D","D","D","d","D","d","d","D","d","d","D","D",-0.0824122635686552
102,8,15,"AA",2,"bB",1,"Cc",1,407,452,-1,-1,1,1,1,-1,1,-1,1,1,"d","d","d","d","d","d","d","D","d","d","D","d","d","d","d","D","d","D","D","d","d","d","d","D","D","d","d","d","d","d","D","d","d","D","d","D","d","D","D","d","D","d","D","d","d","D","d","D","d",0.505566802047585
102,8,16,"Aa",1,"bb",0,"CC",2,408,118,-1,-1,1,-1,1,1,1,1,1,1,"D","d","d","D","d","D","D","D","D","d","d","D","D","d","d","D","d","d","D","d","D","d","d","D","D","D","D","D","d","d","d","d","D","d","D","d","D","D","D","D","D","D","d","D","D","d","d","d","d",-1.16312888198609
103,8,17,"AA",2,"bb",0,"CC",2,409,409,-1,-1,-1,-1,1,1,1,1,1,1,"D","D","D","D","D","D","D","D","D","d","d","D","D","d","d","d","d","d","d","D","d","D","D","d","d","d","d","D","D","d","d","D","D","d","D","d","d","D","D","d","d","d","d","D","D","d","d","D","D",1.30484588753628
104,8,18,"Aa",1,"BB",2,"Cc",1,410,605,1,1,1,1,-1,-1,-1,1,1,1,"d","d","d","d","d","D","d","D","D","D","d","D","d","d","D","D","d","d","d","d","d","D","D","D","d","D","D","D","d","d","D","d","d","D","d","D","d","D","d","D","D","d","D","D","D","d","d","d","D",0.688517248455975
103,8,19,"AA",2,"bb",0,"CC",2,411,10,1,1,-1,-1,1,-1,-1,1,1,1,"d","d","D","d","d","d","d","D","d","D","d","D","D","d","d","d","d","d","D","D","d","D","d","d","d","d","d","d","d","D","d","D","d","D","d","D","D","D","d","d","d","d","d","D","d","D","d","d","D",1.78871013133542
102,8,20,"AA",2,"BB",2,"cc",0,413,265,-1,1,1,1,-1,1,1,1,-1,-1,"d","D","D","d","d","d","D","D","d","d","D","d","D","D","D","D","D","D","D","d","d","D","D","D","d","d","d","D","d","d","d","D","d","d","d","d","D","d","d","D","D","D","D","d","d","d","d","d","D",0.295073943693457
101,8,21,"aA",1,"Bb",1,"cC",1,413,467,-1,1,-1,-1,-1,1,1,1,-1,1,"D","d","D","D","D","d","d","D","d","d","d","d","d","d","d","d","d","d","D","d","d","D","D","D","D","d","d","D","D","D","d","d","d","d","D","d","D","d","D","D","D","D","d","d","d","D","d","d","d",1.25564217493332
97,8,22,"aA",1,"Bb",1,"cc",0,413,73,-1,-1,1,1,-1,-1,1,-1,1,-1,"d","D","D","d","d","d","d","d","D","d","D","D","d","d","D","D","d","d","D","d","d","d","d","d","d","d","d","D","d","d","d","d","D","d","d","D","D","D","D","D","d","D","d","d","D","d","d","d","d",-0.993383557333002
99,8,23,"aa",0,"BB",2,"cc",0,415,415,-1,1,1,-1,1,1,-1,1,-1,-1,"d","D","d","D","D","d","d","D","D","d","d","D","D","d","D","D","D","D","d","D","d","D","D","d","d","d","d","d","d","d","d","d","d","d","d","d","D","D","D","d","d","D","D","D","D","d","d","d","d",-0.872072559393825
108,8,24,"aa",0,"Bb",1,"cc",0,219,170,1,1,-1,1,1,1,1,1,-1,1,"d","d","D","d","D","D","d","d","d","d","d","d","D","D","D","d","d","D","D","d","d","d","d","D","D","D","D","d","d","d","d","d","D","d","D","d","d","D","d","D","D","d","D","D","D","d","d","d","D",2.23765521668826
104,8,25,"AA",2,"bB",1,"CC",2,370,468,-1,1,-1,1,1,1,1,1,1,1,"D","d","D","D","D","d","D","D","d","d","d","D","d","D","D","D","D","D","D","d","d","D","D","d","D","d","D","D","D","D","D","D","D","d","D","D","d","d","D","D","d","D","d","D","D","d","d","D","d",-1.8117046803179
101,8,26,"aa",0,"bb",0,"CC",2,418,419,1,-1,-1,-1,-1,-1,-1,1,1,1,"d","D","D","D","D","d","D","d","d","D","d","d","d","D","D","D","d","D","d","d","d","D","D","D","D","D","D","D","d","d","d","d","D","D","d","d","D","D","D","D","d","D","D","d","d","d","D","d","d",3.09204696515317
104,8,27,"aA",1,"bb",0,"cc",0,369,564,-1,-1,1,-1,-1,1,1,1,1,1,"d","D","D","D","d","D","d","d","d","D","d","D","D","d","d","d","D","D","D","D","d","d","d","d","D","D","d","d","d","d","d","d","D","D","d","D","d","D","d","d","d","D","d","d","D","D","D","D","d",2.62410945202554
103,8,28,"AA",2,"bB",1,"Cc",1,420,518,-1,-1,1,1,1,-1,1,1,-1,1,"d","d","D","D","d","D","d","d","D","D","D","d","d","d","d","D","d","D","d","D","d","D","D","D","d","d","D","d","D","D","d","D","d","D","d","D","d","D","D","D","d","D","d","D","D","D","d","D","D",1.51805556614154
102,8,29,"Aa",1,"bb",0,"Cc",1,421,560,-1,-1,1,1,1,-1,1,1,1,1,"D","d","d","d","d","D","D","d","D","D","d","d","D","d","D","d","D","D","d","d","D","D","d","D","d","D","d","d","d","D","D","d","d","d","d","D","d","D","D","D","D","D","D","D","d","D","D","d","D",-1.29682035383502
101,8,30,"aa",0,"BB",2,"Cc",1,472,812,-1,1,1,1,-1,-1,1,1,1,1,"d","d","d","D","D","D","d","d","D","d","d","d","D","D","D","D","D","D","D","d","d","D","D","d","d","d","d","d","D","D","D","D","d","D","D","D","d","d","D","D","D","d","d","d","D","D","d","d","D",-2.50958435837701
100,8,31,"AA",2,"Bb",1,"Cc",1,471,519,-1,-1,-1,1,1,-1,-1,1,1,1,"D","d","d","d","D","D","d","D","d","d","D","d","D","D","d","D","d","D","d","D","d","D","D","d","D","d","d","D","D","D","d","D","d","D","d","D","d","d","d","D","D","d","d","D","d","D","d","d","d",0.545595009789937
101,8,32,"aa",0,"Bb",1,"Cc",1,425,426,-1,-1,1,-1,-1,1,-1,1,1,-1,"d","d","D","d","D","D","D","D","D","d","d","D","D","d","d","D","d","d","D","D","d","d","D","D","D","d","d","d","d","d","d","D","D","D","D","d","d","D","d","D","d","d","d","d","d","d","D","D","D",3.08238479281487
98,8,33,"aa",0,"bb",0,"cC",1,426,474,-1,-1,-1,1,1,-1,1,-1,1,1,"d","D","d","D","d","d","d","D","D","D","d","D","D","d","D","d","D","D","D","D","d","D","D","D","d","d","d","d","d","D","d","D","d","d","d","d","D","D","D","d","D","d","d","d","D","d","D","d","d",-1.54167650193325
105,8,34,"aa",0,"bB",1,"cc",0,426,1110,1,1,-1,-1,1,1,1,-1,1,-1,"D","D","D","d","d","D","D","D","d","d","D","D","d","d","d","d","D","D","D","D","D","D","d","D","D","d","d","d","d","d","D","d","d","d","D","d","D","D","d","d","D","d","D","d","D","d","d","d","d",3.75554437216593
98,8,35,"Aa",1,"Bb",1,"cc",0,427,763,-1,-1,-1,1,-1,1,-1,-1,1,1,"D","D","D","D","D","d","d","D","d","d","d","d","d","D","D","D","d","D","D","d","D","D","d","D","d","d","d","d","D","d","D","d","d","d","D","D","d","D","d","D","D","d","D","D","d","d","D","d","d",0.172378512849141
98,8,36,"aA",1,"bb",0,"cC",1,428,283,-1,-1,1,1,-1,1,-1,1,1,-1,"d","D","d","D","d","d","d","d","d","d","d","d","D","D","D","d","d","d","d","D","d","D","D","d","D","d","D","D","d","d","d","D","d","D","d","d","D","D","d","D","d","D","d","D","d","D","D","D","d",-1.68739005515195
97,8,37,"aa",0,"BB",2,"cc",0,380,426,-1,1,-1,1,-1,1,-1,-1,1,-1,"D","d","D","d","d","d","d","D","D","D","d","d","D","D","d","D","D","D","D","D","d","d","D","D","D","d","d","d","d","D","D","D","D","D","d","D","d","d","D","d","d","d","d","d","d","d","D","D","D",-0.560171791053741
100,8,38,"aa",0,"Bb",1,"Cc",1,430,238,1,1,-1,1,-1,-1,1,1,-1,-1,"D","d","d","D","D","D","D","d","D","d","d","D","D","d","D","D","D","d","D","d","d","d","D","d","d","d","d","d","D","d","d","D","d","d","D","D","D","D","D","D","D","D","D","D","d","D","D","d","D",0.0372447287654735
102,8,39,"aa",0,"bB",1,"cc",0,479,577,-1,1,1,1,1,1,-1,1,-1,-1,"d","d","D","D","d","D","D","D","D","D","d","d","d","d","d","D","D","d","D","D","d","D","D","d","D","D","d","d","d","d","d","d","D","d","d","d","D","D","d","d","D","d","D","D","d","D","D","d","d",0.141902606925179
94,8,40,"Aa",1,"Bb",1,"Cc",1,432,381,-1,-1,1,1,-1,-1,-1,-1,1,-1,"d","d","D","D","D","d","d","d","D","D","d","D","D","d","d","d","D","D","d","d","d","d","d","D","D","d","d","d","d","D","d","D","D","d","d","D","D","D","D","D","d","d","d","d","D","D","D","D","D",-1.19366877554889
107,8,41,"aa",0,"bb",0,"CC",2,482,482,-1,1,1,1,1,1,1,1,1,-1,"D","D","d","D","d","D","d","D","D","d","d","D","D","D","d","D","D","d","d","d","d","D","d","D","D","d","D","d","D","D","d","d","d","D","d","d","D","d","d","d","d","d","d","d","D","d","D","d","d",1.35520925630849
101,8,42,"aa",0,"BB",2,"Cc",1,434,584,1,-1,1,-1,1,1,1,1,-1,1,"d","d","D","d","d","D","D","d","D","D","D","d","D","D","D","D","D","d","D","D","d","D","D","d","d","D","D","d","D","D","d","D","d","D","D","D","d","D","D","D","D","d","d","d","D","D","d","d","d",-2.02414126901692
100,8,43,"aa",0,"bb",0,"cc",0,435,340,-1,-1,-1,1,1,-1,1,1,-1,1,"d","d","d","d","D","D","d","d","d","D","D","d","D","d","D","D","D","D","d","d","d","d","D","D","D","d","d","D","D","D","d","d","d","d","d","D","d","d","D","D","d","d","d","d","D","D","d","d","d",0.3820409848708
97,8,44,"AA",2,"bb",0,"cC",1,485,384,1,1,-1,-1,-1,-1,1,-1,-1,1,"d","d","d","d","D","d","d","D","D","D","d","d","d","D","d","d","D","D","d","D","d","D","D","D","D","d","d","d","d","D","d","D","D","d","d","D","d","D","D","D","D","d","d","d","D","D","d","d","D",-0.063901785656771
101,8,45,"Aa",1,"bB",1,"Cc",1,437,331,1,-1,-1,1,1,1,1,-1,-1,1,"d","d","d","D","d","D","d","D","d","d","d","D","D","d","d","D","d","D","D","d","d","D","d","d","d","d","d","D","D","D","d","d","D","D","D","d","D","d","D","D","d","d","d","d","D","d","d","D","d",-0.734116298668917
104,8,46,"Aa",1,"Bb",1,"cc",0,486,536,1,-1,1,1,1,1,-1,1,-1,1,"d","d","D","d","D","D","d","D","d","d","D","D","D","d","d","d","d","d","D","d","d","d","d","d","D","d","d","D","D","D","D","d","D","D","d","d","d","d","D","D","D","d","d","D","d","d","D","D","d",0.538157109134289
100,8,47,"aA",1,"BB",2,"CC",2,440,147,-1,1,-1,1,-1,-1,1,1,1,1,"d","D","D","d","d","D","D","d","d","d","d","D","D","d","D","D","D","D","D","d","d","D","D","D","D","D","d","D","D","D","D","d","D","d","d","d","D","d","d","D","D","D","d","d","D","D","d","D","d",-1.34221402153055
102,8,48,"aA",1,"Bb",1,"cC",1,490,442,-1,-1,-1,1,-1,-1,1,1,1,1,"d","D","D","d","D","D","D","d","d","D","d","D","D","d","D","D","D","D","D","d","D","D","D","D","d","d","D","D","d","d","d","d","d","D","D","D","d","d","d","d","d","d","D","d","d","d","d","d","d",2.20879170918519
102,8,49,"aA",1,"Bb",1,"cc",0,441,393,1,-1,-1,1,1,-1,-1,1,1,1,"d","D","d","d","D","D","D","D","d","D","d","d","D","D","D","D","D","D","D","d","D","D","d","D","D","d","d","D","D","d","D","d","d","D","d","D","D","D","D","d","D","d","D","d","d","d","d","d","D",0.644334437414132
99,8,50,"Aa",1,"Bb",1,"CC",2,442,588,-1,-1,1,-1,-1,1,1,-1,1,-1,"D","D","d","d","D","D","D","d","D","d","D","d","d","d","D","D","D","D","D","D","D","D","D","D","D","d","d","d","D","d","d","d","D","d","D","d","d","d","D","d","D","d","D","d","D","d","d","d","d",1.15875912948607
91,9,1,"Aa",1,"BB",2,"cc",0,443,296,-1,-1,1,-1,-1,-1,-1,-1,-1,1,"D","d","d","d","d","D","d","d","D","D","D","d","D","D","D","d","D","D","d","d","D","D","D","d","d","D","d","d","d","d","d","d","d","D","d","D","d","D","D","d","D","D","D","D","d","D","d","d","D",-2.48161157870842
98,9,2,"aa",0,"bB",1,"cc",0,444,397,1,-1,1,-1,-1,1,1,-1,1,-1,"d","d","D","D","D","d","D","D","d","d","D","d","D","D","D","D","D","D","d","D","D","D","d","d","D","d","d","d","D","d","D","d","D","d","D","D","d","D","D","d","d","d","d","D","D","D","D","D","d",-1.55311413598562
101,9,3,"Aa",1,"BB",2,"cC",1,493,204,-1,-1,1,1,1,1,-1,-1,1,1,"d","d","d","d","d","d","d","D","D","d","d","D","d","D","d","D","d","D","D","d","d","D","d","D","D","D","d","D","D","d","d","D","d","d","D","d","d","d","D","D","d","d","D","D","d","d","D","d","d",-0.458185348196954
95,9,4,"Aa",1,"bB",1,"cc",0,447,398,1,1,-1,-1,1,-1,-1,-1,-1,-1,"D","D","d","d","D","d","d","D","d","D","D","D","d","d","d","d","d","d","d","D","D","D","D","D","d","D","D","d","D","d","d","D","d","d","D","d","d","d","D","d","D","d","D","d","D","D","D","d","D",-0.604243766884394
101,9,5,"AA",2,"bB",1,"cC",1,447,102,-1,-1,-1,1,-1,1,-1,1,1,1,"d","d","d","d","D","d","D","D","D","D","d","D","d","d","D","d","d","d","d","D","D","D","d","D","D","d","D","d","d","d","D","d","D","d","d","D","D","D","d","d","D","d","D","d","D","D","d","D","d",1.52840105462093
95,9,6,"aA",1,"BB",2,"CC",2,497,691,-1,-1,-1,-1,-1,-1,1,1,-1,1,"d","d","D","D","d","d","d","D","D","d","D","D","d","D","d","D","d","D","D","d","D","D","D","d","D","d","d","D","D","D","d","d","D","d","D","D","d","d","D","d","D","d","D","d","D","D","D","D","d",-0.396021659031466
103,9,7,"aa",0,"bB",1,"cC",1,449,304,1,-1,-1,-1,1,1,1,1,1,-1,"d","d","d","d","D","d","d","d","D","D","d","D","D","D","D","d","D","D","D","D","d","D","D","d","d","D","d","d","d","d","d","d","d","d","D","d","D","d","D","d","D","d","D","d","D","D","d","D","D",1.93866086966637
100,9,8,"Aa",1,"bB",1,"cC",1,351,644,1,-1,-1,-1,1,1,1,-1,-1,1,"D","d","d","d","d","d","D","d","D","d","d","d","D","D","d","D","D","D","d","d","d","d","D","D","D","D","d","d","d","D","D","d","D","D","d","d","D","d","d","D","D","d","D","d","D","d","D","D","D",0.61968961772556
101,9,10,"Aa",1,"BB",2,"Cc",1,451,596,-1,-1,1,-1,-1,1,1,1,1,1,"D","d","d","D","D","d","d","d","D","D","d","D","D","D","d","d","d","d","d","D","D","D","D","D","D","D","D","d","d","d","D","d","d","d","D","D","D","d","d","D","D","D","d","d","d","D","D","D","D",-0.420516068436718
101,9,11,"aa",0,"BB",2,"cC",1,402,405,-1,-1,-1,1,1,1,1,1,1,1,"d","d","D","d","D","D","D","D","d","D","D","D","D","D","d","d","d","d","D","d","d","D","d","D","D","d","D","d","d","d","d","d","D","D","d","D","D","D","D","D","D","d","d","D","D","D","D","D","D",-2.42157799327965
98,9,12,"Aa",1,"bb",0,"Cc",1,405,309,-1,-1,-1,-1,-1,1,1,1,1,1,"d","D","D","D","D","d","d","d","D","d","D","D","D","d","d","d","d","D","d","d","D","D","d","D","d","D","D","d","D","d","d","D","D","d","D","D","D","D","D","D","D","d","d","d","D","D","D","D","D",-1.38715698508434
105,9,13,"Aa",1,"BB",2,"cC",1,455,847,-1,-1,1,-1,1,1,1,1,-1,1,"d","d","D","d","D","d","d","D","D","d","D","d","d","D","D","d","d","d","d","d","D","d","d","D","d","D","d","d","D","D","D","D","d","d","d","d","D","D","D","d","d","D","d","d","D","d","D","D","d",3.23383424237828
95,9,14,"aa",0,"BB",2,"CC",2,504,176,-1,1,-1,1,-1,-1,-1,-1,-1,1,"D","d","d","D","d","D","D","d","d","d","D","D","D","D","D","d","D","D","D","d","D","D","D","D","d","d","d","d","d","D","d","d","d","D","D","d","d","D","d","d","D","d","d","D","d","D","d","D","d",-0.0768154042164597
99,9,15,"Aa",1,"Bb",1,"cC",1,456,993,-1,-1,-1,-1,-1,1,1,-1,1,1,"d","d","d","D","d","D","d","D","d","D","d","d","D","d","D","D","D","d","D","D","D","d","D","D","D","D","d","d","D","d","D","d","d","D","d","D","d","d","D","D","D","d","D","D","d","d","d","D","d",1.2631256438031
95,9,16,"AA",2,"bb",0,"cc",0,456,555,-1,-1,-1,1,-1,-1,1,-1,1,-1,"D","d","D","d","d","d","d","D","D","D","d","d","D","d","d","d","d","d","d","d","d","d","D","D","D","D","d","d","d","d","d","D","d","D","D","d","D","d","D","D","d","d","D","D","D","d","d","D","D",-0.727832043480751
100,9,17,"Aa",1,"BB",2,"cC",1,507,368,1,-1,-1,-1,1,-1,1,1,1,1,"d","d","d","d","d","d","D","d","D","d","D","d","D","d","D","d","D","d","D","d","D","d","d","D","D","d","D","d","D","d","d","d","d","d","d","d","D","D","D","D","D","d","D","d","d","D","D","D","D",-1.79625159955043
99,9,18,"aA",1,"bb",0,"Cc",1,458,507,-1,-1,-1,-1,1,-1,1,1,1,-1,"d","D","d","D","d","D","d","d","D","D","d","d","d","d","d","D","d","D","d","d","d","D","d","d","d","D","d","D","D","D","d","D","d","D","d","d","d","D","D","d","D","D","D","D","d","D","D","D","d",1.31621164156446
95,9,19,"aA",1,"bB",1,"CC",2,460,218,1,-1,-1,1,-1,-1,-1,-1,1,-1,"d","D","d","d","D","d","D","D","D","D","d","d","D","d","d","D","D","d","D","D","D","D","D","D","D","D","D","d","d","d","d","d","D","D","D","D","D","D","d","D","D","d","D","d","D","d","D","D","D",-0.967631025563811
96,9,20,"aa",0,"bb",0,"Cc",1,461,555,-1,-1,1,1,1,-1,-1,-1,1,-1,"D","D","D","D","d","d","D","D","D","d","D","D","D","d","d","d","d","D","d","D","d","d","D","D","D","d","d","D","D","D","d","D","d","d","D","d","D","d","d","D","d","d","d","d","D","D","d","d","D",-1.56101017335213
102,9,21,"aA",1,"bb",0,"cC",1,462,512,-1,-1,1,1,-1,1,-1,1,1,1,"d","D","d","d","D","d","D","D","D","d","D","d","D","D","d","d","d","D","d","D","d","D","d","D","d","D","d","D","d","d","D","D","D","D","D","D","D","d","D","D","D","D","d","d","D","d","d","d","D",0.121936838139754
98,9,22,"Aa",1,"bB",1,"CC",2,463,606,-1,-1,1,-1,1,-1,-1,-1,1,1,"d","d","D","D","D","D","d","d","d","D","d","D","d","D","d","d","D","d","d","D","D","D","D","D","d","d","d","d","d","D","d","D","d","D","D","D","d","d","D","D","D","d","d","D","d","d","d","D","D",0.564853669595776
97,9,23,"aA",1,"Bb",1,"cc",0,465,863,1,-1,-1,-1,1,-1,1,-1,1,-1,"d","d","D","d","D","d","D","d","D","D","d","d","d","d","D","D","D","d","d","D","D","d","d","D","d","d","d","d","D","d","D","d","D","D","d","D","d","D","D","D","D","D","D","D","D","d","d","d","d",-0.0383515036828164
103,9,24,"AA",2,"Bb",1,"CC",2,465,82,1,-1,1,-1,1,1,-1,1,1,-1,"D","D","D","d","D","d","d","D","D","d","D","d","d","D","D","D","D","D","d","D","d","d","d","D","D","d","d","d","D","d","d","d","d","D","D","D","D","d","d","D","D","D","D","D","D","d","d","D","D",1.97639561850445
101,9,25,"aa",0,"BB",2,"cC",1,466,615,1,-1,-1,1,-1,1,1,1,-1,-1,"d","d","D","d","d","d","D","D","D","D","d","d","D","D","d","d","d","d","d","d","D","D","d","D","d","d","D","d","D","d","d","D","d","d","D","D","d","D","d","D","d","D","d","D","d","D","D","d","d",1.11845016361448
101,9,26,"aA",1,"bB",1,"Cc",1,418,269,-1,1,-1,1,-1,1,1,-1,1,1,"d","D","D","D","d","d","d","d","d","D","D","d","d","d","d","d","D","d","d","d","D","d","D","D","D","D","D","d","d","D","d","D","D","d","D","d","D","d","D","D","D","D","D","d","d","d","d","D","d",-0.810313446787582
97,9,27,"aA",1,"bB",1,"CC",2,420,82,-1,-1,1,-1,-1,-1,1,1,-1,-1,"D","d","D","d","D","d","d","d","D","D","D","d","d","D","D","D","D","D","d","d","d","D","d","D","D","d","d","D","d","D","d","D","d","D","D","d","D","D","d","d","D","D","D","D","D","d","d","D","D",1.25167071344239
99,9,28,"aa",0,"bB",1,"Cc",1,469,517,1,-1,-1,1,1,1,-1,-1,1,-1,"d","d","d","d","D","d","D","D","d","d","D","d","d","d","d","d","D","D","D","D","d","d","D","D","D","d","D","d","d","d","D","D","d","D","D","d","D","d","d","D","d","D","D","D","D","d","d","d","D",-0.025079293821099
98,9,29,"aA",1,"bB",1,"cC",1,470,68,-1,-1,-1,1,1,1,-1,-1,-1,1,"D","d","d","d","D","D","D","d","D","D","D","D","D","d","d","D","d","d","D","d","D","D","d","d","d","d","d","D","d","d","d","d","D","D","D","d","D","D","d","d","D","D","D","D","d","d","D","D","D",0.70576930769656
102,9,30,"AA",2,"Bb",1,"cc",0,519,870,-1,1,1,1,-1,1,1,-1,1,1,"D","d","d","D","d","d","D","d","d","D","d","D","D","d","d","D","d","D","D","d","d","D","D","d","D","d","d","D","D","d","D","d","d","d","d","d","d","d","D","D","d","d","d","D","D","d","d","d","d",-1.0489221521774
97,9,31,"Aa",1,"bB",1,"cc",0,473,185,-1,-1,-1,1,1,-1,1,1,-1,-1,"d","d","d","D","D","d","d","D","d","D","D","D","D","d","d","d","D","d","D","D","d","d","d","d","d","d","D","D","D","d","d","D","D","d","d","D","D","d","d","d","d","d","d","D","d","d","D","D","d",-0.950755114866179
102,9,32,"AA",2,"Bb",1,"CC",2,522,669,-1,-1,-1,1,-1,1,-1,1,1,1,"D","d","d","d","D","D","d","D","D","d","d","d","D","d","d","d","d","d","d","d","d","D","d","D","d","d","D","d","d","D","d","d","d","d","D","d","D","D","D","D","D","D","d","D","d","D","d","D","D",2.66686364400301
95,9,33,"Aa",1,"Bb",1,"cC",1,427,672,-1,-1,-1,1,-1,-1,-1,1,-1,1,"D","D","D","D","d","D","d","D","D","d","D","d","D","d","d","D","D","D","d","d","D","D","D","D","D","d","d","d","D","d","D","d","d","D","d","d","D","D","D","d","D","D","d","D","D","d","d","d","d",-0.151901871698388
95,9,34,"aA",1,"bb",0,"Cc",1,475,326,1,1,-1,-1,-1,-1,1,1,-1,-1,"d","d","d","D","d","d","d","D","D","d","D","d","d","d","D","d","D","D","D","D","D","D","d","D","D","D","d","d","d","d","d","D","D","D","d","D","d","d","d","d","D","d","d","d","D","D","D","d","d",-2.57410985829158
101,9,35,"aa",0,"Bb",1,"cC",1,526,529,-1,-1,-1,1,-1,1,1,1,-1,1,"d","D","D","D","D","d","D","d","d","D","d","D","D","d","D","D","D","D","D","d","D","D","D","D","D","D","d","D","d","D","D","d","d","d","d","d","d","D","d","D","D","D","d","D","D","d","d","D","D",1.26851508007234
98,9,36,"AA",2,"Bb",1,"cc",0,428,725,-1,-1,1,-1,1,-1,-1,-1,1,1,"d","d","D","D","D","d","D","d","d","d","d","d","D","d","D","d","d","d","D","D","d","D","D","d","D","d","d","D","d","d","d","D","d","D","d","d","D","d","D","D","d","d","d","d","D","D","d","d","d",0.495684001758065
100,9,37,"AA",2,"bb",0,"cc",0,479,479,-1,-1,1,1,1,1,-1,-1,-1,1,"D","d","d","D","D","D","D","D","D","D","D","d","d","D","D","D","d","D","d","D","D","D","D","d","d","D","D","D","d","d","D","d","d","d","d","D","D","D","D","D","D","d","d","d","d","D","D","d","d",0.526175268600966
103,9,38,"AA",2,"bb",0,"cc",0,431,431,1,1,-1,1,1,1,1,1,-1,1,"d","D","D","D","D","D","D","D","D","D","D","D","D","D","D","d","d","D","d","D","D","d","d","D","D","d","d","D","D","d","d","d","d","D","D","D","D","d","d","D","D","d","d","d","d","d","d","d","d",-2.09446855720414
101,9,39,"aa",0,"bB",1,"CC",2,529,680,-1,-1,-1,1,1,1,1,1,1,-1,"d","d","d","d","d","D","D","d","d","D","d","D","D","D","d","D","d","D","D","D","d","D","d","D","D","d","D","d","d","d","D","d","D","d","D","d","D","d","D","D","D","D","d","d","d","d","D","d","d",-0.419509244493915
99,9,40,"aA",1,"bb",0,"cc",0,433,576,-1,-1,-1,1,-1,1,1,1,1,-1,"d","D","d","D","D","D","d","d","D","D","D","D","d","D","D","D","d","d","D","D","d","D","d","D","D","d","d","d","d","d","d","D","D","D","d","D","d","D","d","D","D","d","d","d","D","d","d","d","d",-0.0299873649476605
100,9,41,"Aa",1,"Bb",1,"Cc",1,432,534,-1,-1,1,-1,-1,1,-1,1,1,-1,"d","D","D","d","D","D","D","d","D","d","D","D","d","d","d","d","D","D","D","d","d","d","d","D","d","d","d","d","d","D","d","D","D","d","d","D","d","d","D","D","D","d","d","d","D","D","d","D","d",2.67733313486644
101,9,42,"aA",1,"Bb",1,"cc",0,483,131,1,-1,-1,1,-1,-1,1,1,-1,-1,"d","D","D","D","d","d","d","d","d","d","d","d","d","D","d","D","d","d","D","d","d","D","d","D","D","d","D","D","D","d","d","d","D","D","d","D","D","d","D","D","d","D","D","d","D","D","D","D","D",3.4821285107308
99,9,43,"Aa",1,"BB",2,"cc",0,435,680,-1,-1,1,1,1,1,1,-1,-1,1,"d","d","d","d","d","D","D","D","d","D","d","d","D","d","d","d","d","D","d","d","d","d","d","D","D","d","D","D","d","D","D","d","D","d","D","D","d","D","D","D","D","d","d","d","d","D","D","d","D",-2.0504279945575
98,9,44,"Aa",1,"bb",0,"cc",0,436,632,-1,-1,1,1,1,-1,1,-1,-1,-1,"d","d","d","d","d","D","D","D","D","d","D","d","d","d","d","d","D","D","d","D","D","d","D","d","D","D","d","D","D","d","d","D","d","D","D","D","D","D","D","D","d","d","d","d","d","D","D","D","d",0.317893009758251
107,9,45,"aa",0,"bB",1,"Cc",1,533,579,-1,1,1,1,1,1,1,1,1,1,"D","d","D","D","d","d","d","D","d","D","d","d","D","D","d","d","D","D","D","d","D","D","d","D","d","D","d","D","d","D","D","D","d","d","d","D","d","d","d","D","D","d","d","d","D","D","D","D","d",-0.686661946950201
101,9,46,"aA",1,"bB",1,"cC",1,389,586,1,-1,-1,-1,1,1,1,1,-1,1,"d","d","D","d","D","D","D","d","d","D","d","D","d","d","d","D","d","D","D","D","d","D","D","d","d","d","D","d","d","d","D","D","d","D","d","d","d","D","D","D","D","d","D","d","D","d","D","d","d",-0.469604527275049
96,9,47,"aa",0,"Bb",1,"Cc",1,440,341,1,-1,-1,-1,-1,-1,1,-1,1,1,"D","d","d","d","d","d","d","d","D","d","D","d","d","d","d","d","d","D","d","d","D","D","D","d","d","D","d","d","d","d","D","d","d","d","D","d","D","d","D","D","D","d","d","d","D","D","d","D","d",-1.94875085427129
96,9,48,"aa",0,"BB",2,"cC",1,490,391,-1,-1,-1,1,-1,-1,-1,1,1,1,"D","D","d","d","D","D","d","d","d","d","d","d","d","d","D","d","D","D","D","D","D","D","d","D","d","d","d","d","d","d","d","d","d","D","D","D","D","d","d","d","d","d","D","D","D","d","D","d","d",-1.70608190298433
100,9,49,"aa",0,"Bb",1,"Cc",1,440,484,1,-1,-1,-1,-1,1,1,-1,1,1,"D","D","d","D","d","D","d","d","D","d","D","D","d","d","D","D","d","d","D","d","d","D","D","d","D","d","D","d","d","d","D","d","D","d","d","d","d","d","D","D","D","d","d","d","D","D","d","D","d",0.674459889541276
96,9,50,"AA",2,"BB",2,"cC",1,491,539,-1,-1,-1,-1,-1,-1,-1,-1,1,1,"d","D","d","d","d","D","D","D","D","d","d","d","D","d","d","D","D","D","d","D","D","D","D","d","d","D","D","D","D","D","d","D","d","D","d","D","D","d","D","D","D","d","D","D","D","D","D","d","D",2.07719195517066
106,10,1,"Aa",1,"BB",2,"CC",2,492,591,1,1,1,-1,1,1,1,1,-1,1,"d","d","D","D","d","d","D","d","D","D","D","d","d","D","D","D","D","D","D","D","d","D","D","D","d","D","D","D","d","D","D","d","d","D","D","D","D","D","D","D","D","D","D","D","d","d","D","D","d",0.187081339050296
101,10,2,"aa",0,"BB",2,"CC",2,492,591,-1,-1,1,1,-1,1,1,1,-1,-1,"D","D","D","D","d","d","D","d","d","D","D","D","D","D","D","d","d","D","D","d","d","d","D","D","D","D","D","d","D","D","D","d","d","D","d","D","D","D","d","D","D","D","d","D","D","D","d","d","d",1.47737257916718
98,10,3,"AA",2,"bb",0,"cc",0,494,495,-1,-1,1,-1,1,1,-1,-1,-1,1,"D","d","d","d","d","D","d","D","d","D","D","D","d","D","d","d","d","d","D","d","d","d","D","D","D","D","D","d","d","D","D","D","D","D","D","D","d","D","d","D","d","d","d","d","d","D","d","D","D",0.0296094413735535
99,10,4,"Aa",1,"BB",2,"Cc",1,543,1091,1,-1,-1,-1,1,-1,-1,1,1,-1,"D","D","d","d","d","d","D","D","D","D","d","D","d","d","d","d","d","D","D","d","d","D","D","D","D","D","D","d","d","d","d","D","D","d","d","D","D","D","d","d","d","d","d","D","D","D","d","D","D",1.17747388504333
102,10,5,"Aa",1,"bb",0,"CC",2,495,544,-1,-1,1,1,1,1,-1,-1,1,1,"D","d","D","d","d","d","D","d","D","D","D","D","D","d","D","d","d","D","D","d","d","D","D","D","d","D","d","d","d","D","D","d","d","d","d","d","D","D","D","d","D","d","d","d","D","d","D","D","d",0.0638514950861315
95,10,6,"aa",0,"bb",0,"Cc",1,497,398,-1,-1,-1,-1,-1,-1,-1,-1,1,1,"d","d","d","d","D","d","d","D","d","d","D","d","d","D","d","d","d","d","d","d","d","D","D","D","d","d","D","D","D","D","d","d","d","d","d","d","d","d","D","D","D","d","D","d","D","D","D","D","D",1.83835951007567
98,10,7,"Aa",1,"bB",1,"Cc",1,498,455,1,-1,1,-1,1,-1,-1,1,-1,-1,"d","d","d","d","d","d","d","D","D","D","d","D","D","D","D","D","d","d","d","d","d","d","d","d","D","D","D","d","d","d","D","D","d","d","d","d","d","D","d","d","d","d","D","D","d","D","D","D","D",0.295726756197883
100,10,8,"Aa",1,"bb",0,"Cc",1,499,740,-1,1,1,1,-1,-1,1,-1,-1,1,"d","d","D","D","d","D","d","d","d","d","D","D","D","d","D","D","D","D","D","d","d","D","D","D","D","D","d","D","d","D","D","d","D","D","d","D","D","D","d","D","d","D","d","d","D","d","d","d","d",0.596826957382568
100,10,9,"aA",1,"bb",0,"CC",2,500,408,1,-1,-1,1,-1,1,1,1,1,-1,"d","d","d","d","D","D","d","d","D","D","d","D","D","D","D","D","D","D","d","D","d","d","d","d","d","d","D","d","d","d","d","D","d","d","D","D","D","d","D","D","D","D","D","D","D","d","D","d","D",-1.56305644434252
105,10,11,"Aa",1,"BB",2,"cc",0,501,543,-1,1,-1,1,1,1,1,-1,1,1,"D","D","D","d","d","d","d","D","D","D","D","D","D","d","D","D","d","d","D","d","D","d","D","d","D","d","D","d","d","D","d","d","D","D","d","d","D","d","d","D","d","d","d","D","D","D","D","D","d",1.56917665159968
95,10,12,"aa",0,"BB",2,"Cc",1,501,14,-1,-1,-1,1,1,-1,-1,1,-1,-1,"d","D","D","D","d","d","d","D","D","D","D","d","D","d","d","d","d","D","D","d","d","d","D","d","D","d","d","d","d","D","d","d","D","d","d","D","d","d","D","D","d","d","D","D","D","D","D","D","d",-0.629811563576177
99,10,13,"aA",1,"Bb",1,"cc",0,503,454,-1,-1,-1,1,1,-1,1,1,1,1,"d","d","D","d","D","d","d","d","d","D","d","D","D","D","D","D","D","d","D","d","d","d","D","d","d","d","d","D","d","d","d","d","D","d","d","D","d","D","D","D","d","d","d","D","d","d","d","d","D",-2.26687403792856
99,10,14,"Aa",1,"bb",0,"CC",2,504,506,-1,1,-1,1,-1,1,1,1,-1,1,"d","d","D","D","d","D","d","d","D","D","d","D","D","D","D","d","D","D","D","D","d","D","d","D","d","D","d","d","D","D","D","d","d","D","D","d","d","d","d","D","D","d","D","D","d","d","d","d","D",-2.34759271220083
101,10,15,"aa",0,"bB",1,"Cc",1,505,508,-1,-1,1,1,1,-1,1,1,1,-1,"D","d","D","D","D","D","d","d","D","D","D","D","D","d","d","D","D","d","d","D","d","D","d","D","d","d","d","D","d","D","D","d","D","D","D","D","D","D","d","D","d","d","d","D","D","D","d","D","D",-0.20052409867609
100,10,16,"Aa",1,"BB",2,"CC",2,457,556,1,1,-1,1,-1,-1,1,1,1,-1,"d","d","d","d","d","d","D","D","D","d","D","D","D","D","d","D","D","d","d","d","d","d","D","D","D","d","d","d","D","D","d","D","d","D","d","d","d","D","D","d","D","d","d","D","d","d","d","D","d",-1.21052803799295
104,10,17,"aa",0,"bb",0,"cc",0,458,405,1,-1,-1,1,1,1,1,1,-1,1,"d","D","D","D","D","D","D","d","d","D","d","d","D","D","d","D","d","D","d","d","d","D","D","d","D","d","d","D","D","D","d","d","d","D","d","d","D","d","D","D","D","D","d","D","D","D","D","D","D",0.869314719102897
94,10,18,"aa",0,"bB",1,"cC",1,458,460,1,1,-1,-1,-1,-1,1,-1,-1,1,"d","D","D","D","d","D","d","D","D","D","D","d","d","d","d","d","D","D","d","d","D","D","D","d","D","D","D","D","d","D","d","D","d","D","D","d","D","D","D","D","D","D","d","d","d","D","d","D","D",-3.47289520532077
101,10,19,"aA",1,"bB",1,"CC",2,460,360,1,-1,-1,1,-1,1,-1,1,1,1,"D","D","d","d","D","d","d","D","D","D","d","d","D","d","d","D","d","d","D","D","d","D","D","D","D","D","d","d","D","d","d","d","d","D","D","D","D","D","D","D","D","d","d","D","D","d","d","D","D",-0.11405299623087
105,10,20,"aA",1,"bb",0,"CC",2,510,463,1,-1,1,1,1,-1,1,1,1,1,"D","D","d","d","D","d","D","d","d","d","D","d","d","D","D","D","D","d","d","d","D","d","D","D","d","D","d","D","d","d","D","d","D","D","D","D","D","d","d","d","D","d","d","D","d","d","d","D","D",-0.592916641362302
100,10,21,"AA",2,"bB",1,"Cc",1,510,509,1,-1,1,-1,1,-1,1,1,1,-1,"d","D","D","d","D","d","D","d","d","D","D","d","D","D","D","D","d","D","D","d","d","d","d","D","d","D","D","D","d","d","d","d","d","D","D","D","D","d","D","D","D","d","d","D","d","d","d","d","d",-1.9554529151666
99,10,22,"Aa",1,"bb",0,"CC",2,463,419,-1,1,1,-1,-1,-1,-1,1,1,-1,"d","D","D","d","d","D","d","d","d","D","d","d","d","D","D","d","D","d","D","D","d","D","D","d","D","d","d","d","D","D","d","D","D","d","D","D","D","d","D","D","d","d","D","d","d","d","D","D","D",1.36959959715467
106,10,23,"aa",0,"BB",2,"cc",0,512,1003,1,-1,1,-1,1,-1,1,1,1,1,"d","d","d","D","d","D","d","d","d","d","d","D","D","d","D","d","d","d","d","d","D","D","d","d","d","d","d","d","d","D","D","D","D","D","D","d","d","D","d","D","D","d","D","D","D","d","d","D","D",2.86521881289983
100,10,24,"Aa",1,"Bb",1,"CC",2,514,756,1,-1,1,-1,-1,1,1,1,1,-1,"d","D","d","d","D","d","d","D","d","D","D","D","d","d","D","D","d","D","D","d","D","D","D","d","D","d","D","d","d","D","d","d","D","d","d","d","d","d","D","D","D","D","d","D","D","D","d","d","d",-1.69181061764359
106,10,25,"aA",1,"BB",2,"CC",2,515,565,1,-1,1,1,-1,1,-1,1,1,1,"d","d","D","d","D","d","D","D","D","d","D","d","d","D","d","d","d","D","D","D","D","D","D","d","D","D","d","d","D","d","D","d","d","D","D","D","D","d","D","d","D","d","d","D","d","D","D","D","d",2.1216918968846
102,10,26,"Aa",1,"BB",2,"CC",2,468,713,1,-1,1,-1,1,1,-1,-1,1,1,"D","D","D","D","d","D","d","d","d","d","D","d","D","D","D","D","d","D","D","d","D","D","D","d","d","d","D","D","d","d","D","d","D","d","d","d","d","D","D","D","d","D","D","D","D","d","d","d","d",0.15792494539782
93,10,27,"aA",1,"bb",0,"Cc",1,418,616,-1,1,-1,-1,-1,-1,-1,-1,1,-1,"d","D","d","D","D","d","D","d","D","D","d","d","d","d","d","d","D","d","D","d","D","D","d","D","D","D","d","D","D","D","d","d","d","d","d","d","D","d","D","D","D","D","d","d","d","d","d","D","D",-0.312686550151344
98,10,28,"aA",1,"Bb",1,"cc",0,517,519,-1,-1,1,1,1,-1,-1,1,-1,1,"d","D","d","D","D","D","d","d","d","D","D","d","D","d","d","D","D","D","D","d","d","D","D","D","d","D","d","d","d","D","d","d","D","D","d","D","d","d","D","d","D","d","d","D","d","D","d","D","d",-1.35305786892851
105,10,29,"Aa",1,"bb",0,"cc",0,518,667,-1,-1,1,-1,-1,-1,1,1,1,1,"d","d","D","d","D","d","D","d","d","D","D","d","d","d","d","d","d","d","D","D","D","D","D","d","D","D","D","D","d","D","d","d","D","D","d","d","D","D","D","D","D","D","d","D","D","d","D","D","d",5.00081500056906
104,10,30,"Aa",1,"bB",1,"cC",1,519,224,-1,-1,1,1,1,1,1,1,1,1,"d","d","d","d","d","d","D","d","D","D","d","D","d","d","d","d","D","d","d","d","D","D","d","d","D","d","D","D","d","d","d","D","d","d","d","d","D","d","D","D","D","d","D","D","D","d","D","d","D",-1.7527988267575
100,10,31,"aa",0,"bB",1,"cC",1,470,277,-1,-1,-1,-1,1,1,-1,1,1,1,"D","d","D","d","d","D","D","d","D","D","D","D","d","D","D","D","D","d","d","d","D","d","d","d","d","d","d","d","D","d","D","d","D","D","d","d","d","D","D","d","D","d","d","D","D","d","d","D","d",0.252217838246864
98,10,32,"AA",2,"bb",0,"CC",2,473,475,1,1,-1,-1,1,1,1,-1,1,-1,"D","d","d","D","D","d","d","D","D","D","d","D","d","d","D","d","D","D","D","D","D","d","D","D","D","d","D","D","d","D","D","D","D","D","D","d","D","d","d","D","d","D","d","D","d","d","d","d","d",-3.24011522499374
92,10,33,"aa",0,"bB",1,"cc",0,523,381,-1,-1,-1,1,-1,-1,-1,-1,-1,-1,"d","D","D","d","D","d","d","D","D","d","d","d","D","D","d","D","D","d","d","d","d","D","d","D","d","D","d","d","d","d","D","D","D","d","d","d","D","D","D","D","d","d","d","d","d","D","D","D","D",0.364957061711344
102,10,34,"Aa",1,"bb",0,"Cc",1,475,474,1,-1,-1,1,1,-1,1,1,-1,1,"d","d","d","d","d","d","d","D","D","d","d","d","D","D","D","D","d","D","D","D","D","D","D","D","d","D","d","d","d","d","d","D","d","D","D","D","d","d","d","d","D","d","D","d","d","d","D","d","d",0.668785210748922
104,10,35,"Aa",1,"BB",2,"cc",0,524,577,-1,-1,-1,1,1,1,1,1,1,-1,"d","d","d","d","d","D","d","D","D","D","d","d","d","D","d","d","D","D","D","d","d","d","d","D","D","d","d","d","d","D","d","D","D","D","d","d","D","D","d","d","D","d","D","d","d","D","D","d","D",2.36046922003591
98,10,36,"aa",0,"bb",0,"cC",1,526,424,-1,1,-1,1,-1,-1,-1,1,1,-1,"D","D","d","D","d","d","D","d","D","d","D","d","D","d","d","D","d","D","d","d","d","D","d","D","D","D","D","D","D","d","D","d","D","d","D","d","D","D","d","D","D","D","D","D","d","D","d","d","D",0.071968874960784
102,10,37,"aa",0,"bb",0,"cc",0,528,584,-1,-1,-1,1,1,1,-1,1,1,1,"d","d","D","d","d","D","D","d","D","d","d","d","D","d","D","d","D","D","D","d","D","D","d","d","D","d","D","D","D","d","D","D","D","d","D","D","d","D","D","D","D","d","d","D","D","d","d","d","d",0.351210876825926
100,10,38,"aa",0,"bB",1,"cc",0,528,678,-1,-1,1,1,1,1,-1,1,1,-1,"d","D","d","d","D","D","D","D","D","d","d","d","d","d","d","d","d","D","D","d","D","D","D","d","d","d","d","D","d","d","D","D","D","d","d","D","D","d","D","D","D","d","D","D","D","d","d","D","D",-1.01813124165972
100,10,39,"aA",1,"bb",0,"Cc",1,530,479,1,1,-1,1,1,1,-1,-1,1,-1,"D","D","d","d","D","d","D","d","D","D","d","d","d","d","d","d","D","D","D","d","D","D","D","d","d","D","D","D","d","d","D","D","d","d","d","D","D","d","d","D","D","D","d","D","D","d","d","D","d",-1.66134788134205
103,10,40,"aA",1,"BB",2,"CC",2,530,481,1,-1,-1,-1,1,1,1,1,1,1,"d","D","d","d","D","d","D","d","D","D","D","d","D","d","D","d","d","D","D","D","D","d","D","D","D","D","d","D","d","D","D","D","d","d","D","d","D","d","d","D","D","d","d","d","D","d","d","d","D",-0.417570611475493
100,10,41,"AA",2,"bB",1,"Cc",1,531,636,-1,1,1,-1,-1,1,1,-1,1,1,"d","D","D","D","D","D","d","D","D","d","D","D","D","D","d","d","d","D","D","d","D","d","D","d","D","d","d","d","D","d","D","D","D","d","D","D","D","d","d","D","D","d","d","d","D","d","D","d","D",-1.14363282837591
100,10,42,"aa",0,"bB",1,"Cc",1,531,526,-1,-1,1,-1,1,-1,1,1,-1,1,"d","D","d","D","D","D","d","D","d","D","D","D","D","D","d","D","d","d","D","D","d","d","D","D","D","d","D","d","D","d","d","D","d","D","d","D","d","d","D","D","D","d","D","d","D","d","d","d","d",0.211232344314728
98,10,43,"Aa",1,"bB",1,"cc",0,630,1020,-1,-1,1,-1,1,-1,-1,1,1,1,"d","D","D","d","D","D","d","d","d","D","D","d","d","d","D","d","D","d","d","d","d","D","D","d","D","d","D","d","D","D","d","D","d","d","d","D","d","d","d","d","d","d","D","D","D","d","D","d","d",-1.5495138842069
104,10,44,"AA",2,"bb",0,"cc",0,534,784,-1,-1,-1,1,1,1,1,1,-1,1,"d","D","D","D","D","d","d","D","d","D","D","D","d","d","d","D","d","d","d","d","d","D","D","d","D","d","D","d","D","D","D","d","d","d","d","d","d","D","D","D","D","d","D","d","d","d","d","D","d",2.00398228620958
98,10,45,"aA",1,"Bb",1,"cc",0,584,927,-1,-1,-1,-1,1,1,1,-1,-1,1,"d","D","d","d","D","D","d","D","D","D","D","D","D","D","d","D","d","D","D","D","d","d","d","d","d","D","d","d","d","d","D","d","d","D","d","d","d","D","D","D","d","d","D","d","D","D","d","d","d",0.0878008914857914
104,10,46,"aa",0,"BB",2,"cC",1,536,344,1,-1,1,1,1,1,1,-1,1,1,"D","d","D","D","d","D","d","d","d","d","D","D","D","d","d","d","D","d","d","d","D","D","D","D","D","d","d","D","d","d","d","D","D","d","D","d","d","D","d","D","D","D","d","D","d","D","d","D","d",-1.63554279960139
103,10,47,"AA",2,"BB",2,"CC",2,586,242,-1,-1,-1,1,1,-1,1,1,1,1,"D","D","D","D","D","D","D","d","D","d","D","d","D","d","D","D","d","d","d","d","d","D","d","d","d","D","d","d","D","D","D","d","d","d","D","D","d","d","d","D","D","d","D","D","D","D","D","d","d",1.87107394922093
106,10,48,"aa",0,"Bb",1,"Cc",1,538,537,1,-1,1,1,1,1,1,1,1,1,"d","D","D","D","d","D","d","d","d","d","D","D","d","D","D","D","D","d","D","D","d","D","D","D","D","d","d","d","d","D","D","d","d","D","D","D","d","d","d","d","D","d","d","D","d","d","D","d","D",-1.6040061193541
96,10,49,"Aa",1,"Bb",1,"Cc",1,636,734,1,-1,-1,1,1,-1,-1,-1,1,-1,"D","d","d","D","D","d","d","D","D","D","D","D","D","d","d","D","D","d","d","D","d","D","d","D","D","d","D","D","D","D","d","D","d","D","d","D","D","D","d","D","d","d","D","D","d","d","D","D","d",-1.22771729300726
101,10,50,"AA",2,"BB",2,"cC",1,539,630,-1,-1,1,1,-1,1,1,1,-1,1,"d","D","D","d","D","D","D","D","D","D","d","D","d","d","d","D","D","D","d","D","D","D","D","D","d","d","d","D","d","d","d","d","D","D","d","D","D","D","d","D","d","D","d","D","d","d","d","D","D",-0.402382188703873
96,11,1,"aa",0,"BB",2,"cc",0,542,640,-1,-1,-1,1,-1,1,-1,-1,-1,1,"d","D","d","d","d","d","d","D","D","D","D","D","D","D","d","D","d","d","d","d","d","D","D","d","D","d","d","D","D","D","D","D","d","d","d","d","D","D","D","D","d","d","d","d","D","d","d","d","d",0.205572949212604
102,11,2,"aa",0,"Bb",1,"CC",2,591,449,-1,1,-1,-1,1,1,1,1,-1,1,"d","D","d","d","d","d","d","D","D","D","d","D","D","D","d","d","D","D","D","d","D","D","D","d","d","d","D","d","d","D","d","d","D","d","d","D","D","D","D","D","d","d","d","d","d","D","D","d","d",0.482258326663385
99,11,3,"aa",0,"bb",0,"cc",0,544,546,-1,-1,1,-1,-1,1,-1,1,1,1,"D","D","D","d","D","D","d","D","D","D","d","D","d","D","D","d","d","D","D","d","D","D","d","d","d","d","D","d","d","D","D","d","d","d","d","D","d","D","D","D","d","d","d","D","D","d","d","d","d",-0.170666953954636
96,11,4,"AA",2,"bb",0,"cc",0,495,447,-1,1,-1,1,1,-1,-1,-1,-1,-1,"d","d","D","d","D","d","d","d","d","D","d","D","D","D","d","d","d","d","d","d","D","d","D","D","D","D","d","D","d","D","d","d","d","d","d","d","D","d","D","d","d","d","d","D","d","D","D","D","D",0.0822175901442685
92,11,5,"aa",0,"BB",2,"Cc",1,544,443,-1,-1,-1,1,1,-1,-1,-1,1,-1,"D","D","d","d","D","D","d","D","D","d","D","D","D","D","d","d","d","D","D","d","d","D","D","D","D","D","D","d","d","D","d","d","D","d","D","D","D","D","d","D","D","d","D","D","D","d","D","d","D",-3.52038659276656
97,11,6,"aa",0,"bB",1,"cc",0,546,397,-1,-1,-1,-1,1,1,1,-1,-1,-1,"D","d","D","D","D","d","d","D","d","D","D","d","D","D","D","d","d","D","d","d","D","D","d","d","D","D","D","d","d","D","d","d","D","d","D","d","d","D","D","d","D","d","d","D","D","d","D","d","d",1.13993781464307
104,11,7,"Aa",1,"BB",2,"cC",1,547,591,-1,-1,-1,1,-1,1,1,1,1,1,"D","D","D","d","d","d","D","d","D","d","D","D","D","D","D","D","d","D","D","d","d","D","D","D","d","D","D","d","d","d","D","D","d","d","d","D","D","d","d","d","D","d","D","d","d","D","d","D","d",2.74859072906146
104,11,8,"aa",0,"Bb",1,"CC",2,548,548,1,1,-1,-1,1,-1,1,1,1,1,"D","D","D","D","D","D","d","d","d","D","D","D","D","d","d","D","D","D","D","d","D","D","D","D","d","d","D","D","D","d","d","d","d","D","D","D","D","D","D","D","D","d","D","d","d","D","D","d","D",0.129575645039622
104,11,9,"aa",0,"BB",2,"Cc",1,549,838,-1,1,-1,1,1,-1,1,1,1,1,"d","D","D","d","D","d","d","d","D","D","D","d","D","D","d","d","d","d","D","d","D","D","D","d","d","D","D","d","d","D","d","D","d","D","D","D","D","d","D","d","D","D","D","D","d","d","D","d","D",0.513227111568411
105,11,10,"Aa",1,"BB",2,"CC",2,550,296,1,1,1,-1,-1,-1,1,-1,1,1,"D","d","D","D","D","d","d","D","D","d","d","D","D","D","D","D","D","D","d","d","d","D","d","D","d","D","d","d","d","D","D","D","d","d","d","D","d","D","D","d","d","d","D","D","d","D","d","D","D",3.4507450501355
105,11,12,"AA",2,"bb",0,"CC",2,11,748,1,-1,1,1,1,-1,1,1,1,1,"d","D","D","d","D","d","D","D","d","d","D","D","D","d","D","d","d","d","D","d","D","D","d","d","d","D","D","d","D","d","d","D","D","D","d","D","d","d","D","D","d","D","d","D","D","D","d","d","d",-0.675701065682589
104,11,13,"aa",0,"BB",2,"Cc",1,552,248,-1,-1,1,1,1,1,1,1,1,1,"D","d","D","D","D","d","d","d","d","D","d","D","D","D","d","D","d","D","D","d","D","d","D","d","D","d","d","D","D","d","D","D","D","D","D","d","D","D","D","D","D","d","d","D","D","d","d","d","d",-1.75856960397672
95,11,14,"aA",1,"BB",2,"cc",0,601,605,-1,1,-1,1,-1,-1,-1,-1,-1,1,"d","D","D","D","d","d","d","D","D","d","d","D","D","D","D","D","d","D","D","d","d","d","D","D","d","D","D","D","d","D","D","d","d","D","D","D","D","D","D","D","D","d","d","d","D","D","d","d","D",-0.645840388332248
97,11,15,"aA",1,"bb",0,"cC",1,554,650,-1,1,-1,-1,1,-1,1,-1,1,-1,"d","D","d","d","d","d","d","D","d","d","D","D","D","d","d","D","d","D","D","d","d","d","D","d","D","d","d","D","d","d","d","d","d","d","D","d","D","D","D","D","D","d","D","d","d","D","D","D","D",-0.0609437183345875
97,11,16,"aa",0,"bB",1,"cc",0,555,751,-1,-1,1,-1,-1,1,1,-1,-1,-1,"D","D","d","d","d","d","d","D","d","D","d","D","d","d","d","D","d","D","d","d","D","D","d","D","d","d","D","d","D","d","d","d","d","D","D","D","d","d","d","d","d","D","D","D","D","D","d","D","d",1.24282347715535
94,11,17,"Aa",1,"Bb",1,"cC",1,557,607,1,-1,-1,-1,-1,-1,-1,-1,1,1,"d","d","D","d","d","d","d","d","d","D","D","D","D","D","D","d","d","d","d","D","d","d","D","d","D","d","D","d","d","d","D","D","d","D","d","d","D","D","D","d","D","d","d","d","d","d","D","D","D",-1.42185516648077
96,11,18,"aa",0,"Bb",1,"CC",2,459,806,-1,-1,1,1,-1,-1,1,1,-1,-1,"d","d","d","d","d","D","d","D","d","d","D","D","D","d","D","D","D","D","d","D","d","D","d","D","d","d","d","d","D","d","D","d","d","D","D","d","D","d","D","d","D","D","d","D","d","d","d","D","d",-1.26242803186931
101,11,19,"aa",0,"bb",0,"CC",2,559,510,-1,1,1,1,-1,1,-1,1,-1,1,"d","D","d","d","d","d","d","D","d","D","d","D","d","D","D","D","d","d","D","d","d","D","D","d","D","d","D","D","D","d","d","d","D","D","d","D","D","d","d","D","D","D","D","D","D","d","d","D","D",-0.918725466335202
97,11,20,"aa",0,"bB",1,"CC",2,607,606,-1,-1,1,-1,-1,-1,1,-1,1,1,"d","D","D","d","D","d","d","d","d","d","d","D","d","d","d","D","D","D","d","d","D","D","D","d","d","d","d","d","d","d","d","d","d","d","D","D","D","D","D","d","D","D","d","d","D","D","d","D","D",-0.740667286399107
100,11,21,"aA",1,"BB",2,"CC",2,562,708,-1,1,1,1,1,1,1,-1,-1,-1,"d","d","D","D","d","d","d","d","d","d","D","D","D","D","D","D","D","D","d","D","d","D","D","d","D","D","D","d","D","D","d","D","d","D","D","d","d","D","D","D","d","D","d","d","D","d","D","d","D",-1.00068269726874
95,11,22,"Aa",1,"bb",0,"cC",1,561,660,1,-1,-1,-1,-1,-1,-1,1,1,-1,"d","D","d","d","d","d","d","D","d","d","d","D","d","d","D","d","D","D","D","D","d","D","D","D","d","D","d","d","d","D","D","D","d","d","D","d","d","D","d","d","d","d","D","D","d","d","d","D","D",-0.629131849048526
96,11,23,"Aa",1,"bb",0,"cC",1,563,665,-1,-1,-1,-1,-1,1,-1,1,1,1,"D","d","d","d","D","d","d","D","d","D","D","d","D","d","d","D","d","D","d","d","D","d","D","D","D","D","D","d","d","D","d","D","D","d","D","D","D","D","d","D","D","d","d","D","D","d","D","D","D",-1.96770024546441
102,11,24,"aa",0,"Bb",1,"cC",1,612,559,1,-1,1,-1,1,-1,1,-1,1,1,"D","D","D","d","d","d","d","D","d","d","d","d","D","D","D","D","D","d","d","D","D","D","D","D","d","d","D","d","D","d","d","d","d","d","D","D","d","D","D","d","d","d","D","d","D","d","d","d","D",0.219685100553115
95,11,25,"aa",0,"bb",0,"cC",1,613,609,1,-1,-1,-1,-1,-1,-1,-1,1,1,"d","d","D","d","d","d","d","D","d","D","d","d","d","D","D","D","D","d","D","D","d","d","d","D","D","d","D","d","D","d","D","d","d","D","D","d","d","D","d","D","D","D","D","D","d","d","d","d","D",-0.813184702235629
101,11,26,"Aa",1,"Bb",1,"CC",2,565,516,-1,-1,1,1,1,1,1,1,-1,-1,"D","D","d","d","D","D","D","D","d","D","D","D","d","d","D","d","d","D","D","D","D","d","d","D","D","d","D","d","d","D","d","d","D","D","d","D","D","D","D","D","D","D","D","d","D","D","d","d","d",-0.993180759261384
99,11,27,"aA",1,"BB",2,"CC",2,568,960,-1,1,-1,-1,1,-1,1,-1,1,1,"D","d","D","D","d","d","d","D","d","D","D","d","d","d","D","D","D","D","D","d","d","D","D","d","d","D","D","d","D","D","d","d","D","D","D","d","d","d","d","D","d","d","d","D","d","D","d","d","d",-0.0829834934235718
105,11,28,"aA",1,"bB",1,"cc",0,567,321,1,1,-1,1,-1,1,1,-1,1,1,"d","d","D","d","d","d","d","d","D","D","d","d","D","d","D","D","d","D","d","d","D","D","d","d","d","D","D","d","d","D","d","d","d","D","d","d","d","D","d","D","d","D","D","D","D","D","d","d","D",1.2833917700672
102,11,29,"Aa",1,"bB",1,"CC",2,568,472,1,-1,-1,1,1,-1,-1,1,1,1,"d","d","D","D","D","D","D","D","d","d","d","D","D","d","d","D","D","D","D","D","d","D","D","d","d","D","d","d","d","D","D","d","D","D","d","D","D","d","d","D","D","d","d","D","d","D","D","d","d",0.317073587686214
99,11,30,"AA",2,"bB",1,"cc",0,569,520,-1,-1,-1,1,1,1,1,-1,1,1,"d","d","D","d","D","D","d","D","D","d","D","d","D","D","D","d","d","D","D","D","d","d","d","D","D","D","d","d","d","D","D","D","D","D","D","D","d","d","D","d","d","d","D","d","D","d","d","D","d",-2.64612263119246
95,11,31,"aa",0,"bb",0,"CC",2,570,432,-1,-1,-1,1,-1,-1,1,-1,-1,1,"d","d","D","D","D","d","D","d","d","D","D","d","D","d","d","D","d","D","D","d","d","D","D","D","D","D","d","d","d","D","D","d","D","d","d","d","D","D","D","D","D","d","D","D","d","D","D","d","D",-0.257786380492006
102,11,32,"aa",0,"bb",0,"CC",2,573,673,1,-1,1,-1,1,-1,1,1,1,-1,"D","d","d","d","d","d","d","D","D","D","D","D","D","d","d","D","D","d","D","D","D","D","d","d","d","d","d","d","D","D","d","D","d","d","d","D","d","D","D","d","D","D","d","d","d","d","D","d","d",0.9604717461232
101,11,33,"Aa",1,"bb",0,"CC",2,572,578,-1,1,1,-1,-1,1,1,1,1,-1,"d","D","D","D","d","d","D","d","d","D","d","D","d","d","d","d","D","d","D","d","D","d","D","d","D","d","d","D","D","d","d","D","d","d","d","D","d","D","D","D","D","D","d","d","d","D","D","d","d",-0.407870484183665
104,11,34,"AA",2,"bb",0,"Cc",1,573,822,1,-1,1,-1,-1,1,1,1,1,1,"d","D","D","d","d","D","d","d","D","D","d","D","D","D","d","d","d","D","D","d","d","d","D","D","D","d","d","d","D","D","D","D","D","d","D","d","d","d","d","D","d","d","d","d","d","D","D","d","D",0.58172995899758
98,11,35,"Aa",1,"Bb",1,"CC",2,574,624,-1,-1,1,1,-1,-1,-1,-1,1,1,"d","D","d","d","d","D","D","D","d","d","d","D","D","D","D","d","D","d","D","d","D","d","D","D","D","d","d","D","d","d","d","d","d","d","d","d","D","d","d","d","D","d","D","d","d","d","d","D","d",0.187135317040738
98,11,36,"aa",0,"bB",1,"CC",2,621,570,-1,-1,1,-1,-1,-1,1,1,1,-1,"D","d","d","d","D","D","d","d","d","d","D","D","d","d","d","D","D","D","D","d","d","d","D","D","D","D","D","D","d","d","D","D","d","d","d","D","D","D","d","D","d","d","d","D","D","d","D","d","d",0.480119080081565
98,11,37,"aa",0,"bb",0,"cc",0,625,769,-1,-1,-1,-1,1,1,-1,1,1,-1,"d","D","D","d","D","d","d","D","d","d","d","d","D","D","d","d","d","d","D","d","d","D","D","D","D","d","d","d","D","D","D","d","d","D","d","D","d","d","d","D","d","d","D","D","D","D","D","d","D",0.821971457453339
98,11,38,"AA",2,"bB",1,"cc",0,626,626,1,1,-1,-1,-1,-1,-1,-1,1,1,"d","D","d","d","d","D","d","D","d","d","d","D","D","d","d","d","d","d","D","d","D","D","D","D","D","d","d","d","d","d","D","d","d","D","d","d","d","d","d","D","D","d","d","d","d","d","d","D","D",0.29211137447275
102,11,39,"aa",0,"bb",0,"CC",2,578,678,1,-1,-1,1,1,-1,1,1,-1,1,"d","d","d","d","D","d","D","d","D","d","D","D","d","D","d","D","D","D","d","D","D","D","d","D","d","d","d","d","d","d","D","D","d","d","d","D","D","D","D","D","D","d","d","D","D","D","D","d","D",0.447198331567653
103,11,40,"aA",1,"Bb",1,"cc",0,579,679,1,-1,1,-1,1,1,1,1,1,-1,"d","D","d","d","d","d","D","d","D","D","D","D","d","D","D","D","d","d","D","d","D","d","D","d","d","d","D","d","D","d","D","D","d","d","d","D","D","d","D","D","d","d","D","D","d","d","D","d","d",-0.167008582918614
104,11,41,"aA",1,"bB",1,"cC",1,580,586,1,1,1,-1,-1,1,-1,1,1,1,"D","d","d","D","D","D","D","D","d","d","d","d","d","D","D","D","D","d","D","D","d","D","D","d","d","d","d","D","d","d","d","d","d","d","d","d","d","d","D","d","D","d","d","D","D","D","D","D","d",0.267306868843686
99,11,42,"Aa",1,"Bb",1,"cC",1,582,482,-1,1,1,-1,-1,1,-1,1,-1,-1,"D","D","D","d","D","d","d","D","D","D","d","d","d","D","d","D","D","d","d","d","d","d","d","D","D","d","D","d","D","D","D","d","d","d","D","d","d","D","d","d","d","d","D","d","d","D","D","D","d",1.60974090840496
99,11,43,"Aa",1,"Bb",1,"CC",2,582,779,-1,-1,-1,-1,1,1,-1,1,-1,1,"d","D","D","d","D","d","D","d","d","D","D","d","D","D","d","D","d","D","D","d","D","D","D","D","D","D","d","d","d","D","D","d","d","d","d","d","D","D","D","D","D","d","d","d","d","d","d","D","d",1.14473486682304
97,11,44,"Aa",1,"BB",2,"CC",2,582,186,-1,1,1,1,-1,-1,-1,-1,-1,-1,"d","D","d","d","D","d","D","D","D","D","d","d","D","D","D","D","d","D","D","d","d","d","D","D","D","D","D","d","D","D","d","d","d","d","D","D","d","D","D","D","D","d","d","d","d","D","d","D","D",1.02595595374696
99,11,45,"aA",1,"bB",1,"CC",2,584,637,-1,-1,-1,1,1,-1,1,-1,-1,1,"d","D","D","D","D","D","D","D","D","D","d","D","D","d","d","D","D","D","d","D","d","d","d","d","D","D","D","d","D","D","d","D","D","D","d","d","d","D","D","d","d","d","D","D","d","d","D","d","D",1.93585305418614
100,11,46,"Aa",1,"Bb",1,"cc",0,634,580,1,-1,1,-1,1,-1,1,-1,1,1,"D","d","d","d","d","D","D","D","D","d","d","d","d","d","D","D","D","D","d","d","D","d","D","D","d","d","d","d","D","d","d","d","d","D","d","d","d","D","d","d","d","d","d","D","d","d","D","D","D",-1.7007935916327
106,11,47,"Aa",1,"BB",2,"Cc",1,586,681,1,1,-1,1,1,1,1,-1,1,1,"D","d","d","D","D","D","D","d","D","d","d","d","D","D","D","d","D","d","D","d","d","D","d","d","D","d","d","d","d","D","d","d","d","d","D","d","D","d","d","D","D","d","d","D","d","D","D","d","d",0.562290352901992
98,11,48,"aA",1,"BB",2,"cc",0,538,143,-1,-1,-1,-1,1,1,1,-1,1,-1,"D","D","d","D","d","D","D","d","d","D","D","d","D","D","D","D","d","d","D","D","D","D","D","d","D","d","D","d","D","D","D","d","D","d","d","d","d","d","D","d","d","d","d","D","D","d","D","d","d",0.601728911592275
99,11,49,"aa",0,"Bb",1,"CC",2,588,627,-1,-1,-1,1,1,1,-1,1,-1,1,"d","D","d","d","d","D","d","D","d","D","d","d","D","d","d","D","D","d","D","D","d","D","D","d","D","d","d","D","d","D","d","D","D","D","D","d","D","d","D","D","D","D","d","d","d","d","D","d","d",-0.231975359714765
99,11,50,"Aa",1,"bb",0,"cC",1,589,735,1,1,-1,-1,-1,1,1,-1,1,-1,"D","D","D","d","D","D","d","d","D","D","D","d","D","d","d","D","d","D","D","d","D","D","D","D","D","d","d","D","d","D","D","D","D","d","d","d","d","D","d","D","D","d","D","d","D","D","D","d","D",-0.315481555035978
95,12,1,"aA",1,"bB",1,"CC",2,590,737,-1,1,1,-1,-1,-1,-1,-1,1,-1,"D","D","D","D","d","D","d","d","d","D","D","d","D","d","D","d","d","d","d","d","D","d","D","D","d","d","d","D","d","d","D","d","d","d","d","D","d","D","D","D","D","D","d","D","d","d","d","d","D",-0.312327404496828
110,12,2,"aa",0,"BB",2,"Cc",1,591,690,1,1,1,1,1,1,1,1,1,1,"D","D","D","d","d","d","d","d","D","D","d","d","D","D","D","D","d","D","D","d","D","D","d","D","D","D","D","d","d","D","D","d","D","D","D","D","D","d","d","D","D","d","d","d","d","D","D","d","d",0.380738436595399
100,12,3,"AA",2,"Bb",1,"cc",0,592,206,-1,-1,1,1,-1,-1,-1,1,1,1,"d","d","D","D","D","d","d","D","d","D","d","d","D","d","d","D","d","D","d","D","d","d","D","D","D","d","D","D","D","d","D","d","d","D","D","d","D","d","d","d","D","D","d","d","d","d","d","D","d",0.995244600810637
100,12,4,"aa",0,"bb",0,"cc",0,642,936,-1,-1,-1,-1,1,1,1,-1,1,1,"d","D","D","d","d","d","d","d","d","D","D","d","D","d","d","d","D","d","D","d","d","D","d","d","D","d","d","d","d","D","D","d","d","D","d","D","D","D","D","d","D","d","d","D","D","D","D","d","D",0.0667163162653476
100,12,5,"Aa",1,"bb",0,"cc",0,594,936,-1,-1,-1,1,-1,1,-1,1,1,1,"d","D","D","D","D","d","d","D","d","d","d","D","D","d","d","d","d","D","D","d","d","d","d","D","D","d","D","D","d","D","d","d","d","D","d","D","D","D","d","D","D","D","d","d","D","D","d","d","D",0.514279844981751
96,12,6,"Aa",1,"bb",0,"cC",1,546,691,-1,-1,1,-1,1,-1,1,1,-1,-1,"d","D","D","D","d","D","d","D","d","D","D","d","D","D","d","D","d","D","D","d","D","D","D","d","D","D","d","d","D","D","d","d","D","d","D","D","d","D","D","D","D","d","d","D","D","D","D","d","d",-1.66672956139228
106,12,7,"aa",0,"BB",2,"Cc",1,596,844,1,-1,-1,1,1,1,1,1,1,1,"D","D","D","D","d","d","d","D","D","D","D","D","D","d","d","d","d","d","d","D","d","D","D","d","d","d","D","d","D","D","D","d","d","D","D","D","D","d","D","D","d","d","d","D","d","D","d","D","d",0.62451109187418
98,12,8,"aA",1,"bb",0,"Cc",1,548,1439,1,-1,-1,-1,-1,-1,-1,-1,1,1,"d","D","D","D","D","D","D","d","d","D","d","D","D","d","d","D","D","D","D","D","D","D","D","d","D","D","D","D","d","d","d","d","D","D","D","D","D","D","d","D","D","d","d","d","D","d","d","D","d",2.0902631081016
100,12,9,"AA",2,"bb",0,"cC",1,598,409,-1,-1,1,-1,1,-1,1,1,1,-1,"D","d","D","D","d","d","D","D","D","D","d","D","D","d","d","D","d","d","d","D","D","d","D","D","d","D","d","d","d","D","d","d","d","d","d","D","d","d","D","d","d","D","d","d","d","D","d","D","D",0.497345059339993
97,12,10,"Aa",1,"bb",0,"cC",1,599,549,-1,-1,1,-1,1,1,-1,-1,-1,1,"d","d","D","d","d","d","D","d","D","D","D","D","D","D","d","D","d","D","D","d","D","d","D","d","d","D","D","d","d","D","d","d","D","D","D","D","D","D","D","D","d","D","d","d","d","D","d","D","d",-0.736066388469377
99,12,11,"Aa",1,"BB",2,"cc",0,600,249,-1,-1,1,-1,-1,1,1,-1,1,-1,"D","D","D","d","d","D","d","D","D","D","d","D","D","D","D","D","d","D","D","d","D","D","D","d","d","d","d","D","d","D","D","D","D","d","D","D","D","D","D","D","d","d","D","D","D","d","d","D","d",1.90712130549289
103,12,13,"aa",0,"bb",0,"cc",0,601,740,1,-1,-1,1,1,1,1,-1,1,1,"d","D","d","D","d","d","d","d","d","d","D","D","D","d","D","D","D","D","D","d","d","d","D","D","d","D","D","D","D","D","d","D","d","D","D","D","D","D","d","D","d","d","d","d","D","D","d","d","d",-0.127125211475719
100,12,14,"Aa",1,"bb",0,"cC",1,602,505,-1,1,1,-1,-1,-1,-1,1,1,1,"d","D","d","d","D","d","D","D","d","D","D","d","d","d","d","d","d","d","d","d","D","d","D","D","D","D","d","D","D","D","d","d","D","d","D","D","d","D","D","D","D","D","d","D","D","D","D","d","d",0.633946455287738
94,12,15,"aA",1,"bB",1,"Cc",1,603,651,-1,-1,-1,-1,-1,-1,1,-1,-1,1,"D","d","D","d","D","d","d","D","d","D","D","D","D","D","d","D","D","D","D","D","D","D","d","d","d","D","d","D","D","d","d","D","d","D","D","d","D","D","D","D","D","d","d","D","D","D","D","d","D",0.386882132375202
96,12,16,"AA",2,"bB",1,"cC",1,555,459,-1,-1,1,1,-1,-1,-1,1,-1,1,"d","d","d","d","d","D","d","D","D","D","d","D","D","d","D","D","D","D","D","d","D","D","d","D","D","d","d","d","D","d","d","d","d","D","D","d","d","D","d","d","d","D","D","D","D","d","d","D","D",-1.09553065228894
97,12,17,"aA",1,"bB",1,"cc",0,654,704,-1,1,-1,-1,1,1,-1,-1,-1,1,"d","D","d","d","d","d","D","D","D","d","D","d","D","D","d","d","d","d","D","D","d","d","D","D","d","d","D","d","D","d","d","d","D","d","D","d","D","D","D","d","D","d","d","D","d","d","d","d","d",-0.617596198443658
91,12,18,"aA",1,"BB",2,"Cc",1,606,509,-1,-1,-1,-1,-1,-1,-1,-1,1,-1,"d","D","D","D","D","D","D","d","d","D","D","d","D","d","D","D","D","d","d","D","D","D","D","d","D","d","D","d","d","d","d","d","d","D","D","d","D","D","D","D","D","D","d","D","d","d","D","D","d",-0.829635669625155
101,12,19,"aa",0,"bb",0,"cc",0,656,654,1,1,1,-1,-1,1,1,-1,1,-1,"D","D","D","D","d","D","d","D","D","d","d","D","D","d","D","d","d","D","D","d","D","D","d","D","d","D","d","d","d","d","d","d","d","D","d","d","D","d","D","d","d","D","d","d","D","D","d","d","d",-0.74573558361281
98,12,20,"aa",0,"bb",0,"Cc",1,608,713,-1,-1,-1,-1,-1,1,1,1,1,-1,"d","d","D","d","D","D","d","D","d","d","d","D","D","D","D","d","d","D","D","d","D","D","D","D","d","D","D","D","D","D","d","d","d","D","d","D","d","D","d","D","D","d","D","d","D","d","D","d","d",0.54715545487005
93,12,21,"Aa",1,"Bb",1,"cc",0,511,917,-1,-1,-1,-1,-1,-1,-1,-1,1,1,"d","d","d","d","D","D","d","D","D","d","d","D","d","d","d","d","d","D","d","d","d","D","d","D","D","d","D","D","D","D","d","d","d","D","D","D","D","D","d","D","d","D","D","D","d","d","D","D","d",-0.422352730602797
94,12,22,"Aa",1,"bB",1,"cc",0,610,658,-1,-1,-1,1,-1,-1,-1,-1,1,1,"D","d","D","D","D","D","d","D","D","D","D","d","d","D","d","d","D","d","d","D","D","D","D","D","D","d","d","d","D","D","D","d","d","d","d","d","D","D","D","D","d","D","d","d","D","D","d","D","d",-1.01777447107552
100,12,23,"aA",1,"Bb",1,"CC",2,562,857,-1,-1,1,1,-1,1,1,-1,1,-1,"d","D","D","D","d","d","D","D","D","D","d","d","D","d","d","D","D","D","D","D","D","D","D","d","D","d","d","d","D","D","d","D","d","D","D","d","d","D","d","D","D","D","D","d","D","d","d","D","D",0.0885689334636252
100,12,24,"Aa",1,"Bb",1,"cc",0,561,508,1,-1,1,-1,-1,-1,1,1,1,-1,"D","D","D","d","D","d","d","d","d","d","D","D","D","d","D","d","D","D","d","D","D","D","d","D","d","D","d","d","d","D","d","D","D","d","D","d","D","D","d","d","d","d","d","D","d","d","d","D","D",0.854264902735962
105,12,25,"aa",0,"BB",2,"cC",1,612,309,1,1,1,-1,1,1,-1,1,1,1,"d","d","D","d","D","d","D","D","d","d","D","D","D","D","D","d","d","d","d","D","d","D","d","D","d","d","d","D","D","d","d","d","D","d","d","D","D","D","d","d","d","d","D","d","d","d","D","d","D",-0.153580908268057
99,12,26,"AA",2,"BB",2,"Cc",1,566,1003,-1,-1,1,-1,-1,-1,1,-1,1,1,"D","d","d","D","d","D","d","D","d","d","d","D","D","d","D","d","D","D","D","d","D","d","D","D","d","D","D","D","d","d","D","d","d","D","D","D","D","D","d","D","d","D","D","d","d","D","d","D","D",1.60326990089529
94,12,27,"aA",1,"BB",2,"cc",0,712,853,-1,1,-1,1,-1,-1,-1,-1,-1,1,"D","D","d","d","d","d","D","D","d","d","D","D","D","d","D","d","d","D","d","D","D","d","d","D","D","d","D","d","d","d","d","d","D","d","d","D","D","D","D","D","D","D","D","d","d","d","d","d","D",-1.48496847902043
94,12,28,"Aa",1,"bb",0,"cC",1,616,619,-1,1,-1,-1,-1,-1,-1,1,-1,1,"D","d","d","d","D","D","D","D","d","d","d","d","D","D","D","d","D","D","D","D","d","d","D","D","d","d","D","D","d","d","D","d","D","D","D","D","d","D","d","D","D","d","d","d","D","d","d","D","D",-1.73230561592204
99,12,29,"aa",0,"BB",2,"CC",2,617,617,1,-1,1,1,-1,-1,-1,-1,1,1,"d","D","D","d","D","d","d","d","d","d","d","D","D","d","D","D","D","D","D","d","D","D","D","D","D","D","D","D","D","D","D","d","D","d","d","d","d","D","d","D","D","D","D","D","D","d","d","d","d",-0.746370776870991
97,12,30,"aA",1,"BB",2,"Cc",1,618,719,-1,1,-1,-1,-1,-1,-1,1,1,1,"d","D","d","D","D","d","D","d","d","d","D","d","D","D","d","d","d","d","D","D","d","d","d","d","D","d","d","D","D","D","D","D","d","D","D","d","d","d","D","D","d","D","D","D","d","d","D","d","D",-0.0709644609127288
103,12,31,"aA",1,"bb",0,"cc",0,619,669,1,-1,1,1,-1,1,1,1,1,1,"D","d","D","d","D","d","d","d","D","D","d","D","D","D","d","D","d","D","d","d","D","D","d","d","D","d","D","d","D","D","d","D","D","D","d","d","D","d","d","D","D","d","d","D","D","d","d","D","d",-2.38081945714073
99,12,32,"aa",0,"BB",2,"CC",2,570,1116,-1,1,-1,-1,-1,-1,1,-1,-1,1,"d","d","d","D","D","d","D","d","d","d","d","d","d","D","d","D","D","D","d","d","d","D","d","D","D","d","d","d","d","D","d","d","D","d","D","D","d","D","D","d","D","d","d","D","D","D","d","d","d",3.14440247083014
97,12,33,"aa",0,"bb",0,"Cc",1,621,817,-1,-1,1,1,-1,-1,1,-1,1,-1,"D","d","D","d","D","D","d","d","d","d","d","D","d","d","d","D","D","D","d","d","d","d","D","D","D","D","D","d","D","D","D","D","d","d","D","D","D","D","d","D","D","d","D","D","d","D","d","d","d",-0.466518229079956
104,12,34,"AA",2,"bb",0,"cc",0,622,382,-1,-1,1,1,1,1,1,1,1,-1,"d","D","D","D","D","d","D","d","D","d","d","D","d","D","d","D","D","d","D","D","d","d","d","D","d","d","d","d","d","d","d","d","D","d","d","D","d","D","D","d","D","d","D","d","d","d","d","D","d",0.246286717962751
103,12,35,"aA",1,"bB",1,"cc",0,573,679,1,-1,1,-1,1,1,1,1,1,-1,"D","D","d","d","d","D","D","D","d","D","D","D","D","d","d","D","D","d","D","d","D","d","D","d","d","d","D","d","D","D","D","D","d","d","d","d","D","D","D","D","d","D","d","d","d","d","D","d","d",-0.670045903242204
99,12,36,"Aa",1,"bB",1,"Cc",1,573,376,1,-1,1,-1,-1,-1,1,1,1,-1,"D","d","D","d","d","d","d","d","D","D","D","D","d","D","d","D","d","D","D","D","D","D","D","D","d","d","d","d","d","d","D","D","d","d","D","D","D","D","d","d","D","D","d","d","D","d","D","d","d",-0.614978807556306
97,12,37,"aA",1,"bb",0,"Cc",1,625,1026,-1,1,-1,1,1,-1,-1,-1,1,-1,"D","D","D","D","d","d","d","D","d","d","d","d","D","D","d","d","d","d","D","d","d","D","d","D","D","d","D","d","D","d","D","d","D","D","D","D","d","D","d","D","d","d","d","D","d","d","d","d","d",-0.602710121518008
99,12,38,"aa",0,"bB",1,"Cc",1,576,525,-1,-1,1,1,-1,1,-1,-1,-1,1,"d","D","D","D","D","D","d","D","d","d","D","d","D","D","D","d","d","D","d","d","d","d","D","D","d","d","D","d","D","d","D","d","d","d","d","d","D","d","D","d","D","D","D","d","d","d","d","d","D",1.5199794296911
102,12,39,"aA",1,"bb",0,"CC",2,627,283,-1,-1,1,-1,1,1,1,1,-1,1,"d","d","d","D","D","d","d","D","d","d","d","D","D","d","D","D","d","D","d","d","D","d","d","D","D","d","D","d","d","d","d","D","d","d","d","d","D","D","d","D","D","D","d","d","d","d","D","d","D",0.339475037626872
108,12,40,"aA",1,"bB",1,"Cc",1,628,436,1,1,1,1,1,1,1,1,-1,-1,"d","d","d","d","d","D","d","D","D","d","D","D","D","d","D","D","d","D","d","d","D","D","d","d","d","d","D","d","d","d","d","D","D","d","d","D","D","d","D","d","D","d","d","d","d","D","d","d","D",2.79301695020093
98,12,41,"Aa",1,"BB",2,"CC",2,630,583,-1,1,1,-1,1,-1,-1,-1,1,-1,"D","D","D","d","d","D","D","d","d","D","d","d","d","d","d","d","D","d","D","D","D","D","d","d","D","d","d","d","d","D","d","D","d","d","D","D","d","D","D","d","D","d","D","d","D","d","D","d","D",0.269375305198048
106,12,42,"Aa",1,"bb",0,"CC",2,630,581,1,-1,1,-1,1,1,1,1,1,1,"D","D","d","D","d","D","D","D","d","D","D","d","d","d","D","D","D","d","D","D","d","D","D","d","d","d","d","D","D","d","d","D","d","d","d","D","d","d","d","d","D","d","d","D","D","d","d","D","D",0.99803416967779
100,12,43,"aa",0,"BB",2,"cc",0,681,683,1,-1,-1,1,1,-1,-1,1,1,1,"D","d","D","D","D","D","d","D","d","d","d","d","d","D","D","D","d","D","D","d","D","d","d","d","D","D","d","d","D","d","d","D","d","D","d","d","d","d","D","D","d","d","d","d","D","D","d","d","d",-1.73187785696951
101,12,44,"Aa",1,"bb",0,"Cc",1,633,635,-1,-1,1,1,1,-1,-1,-1,1,1,"D","d","d","d","D","D","D","D","d","d","d","D","d","d","D","d","D","D","D","d","d","d","d","d","D","d","d","D","D","d","D","d","d","d","d","d","d","D","d","D","D","d","D","d","d","D","D","D","d",1.08752773971422
96,12,45,"Aa",1,"BB",2,"Cc",1,633,340,-1,1,1,-1,-1,-1,-1,1,1,-1,"d","d","d","d","D","D","D","D","D","d","D","D","D","d","d","d","D","D","d","d","D","d","D","d","D","D","d","D","d","d","D","d","d","d","d","D","d","D","D","D","d","d","d","d","D","D","d","D","d",-1.37351514706212
100,12,46,"AA",2,"Bb",1,"cc",0,634,192,1,-1,1,-1,-1,-1,1,-1,1,-1,"d","d","D","d","D","d","d","D","d","D","d","d","D","d","d","d","D","D","D","d","d","d","D","D","D","d","D","d","d","d","d","d","D","D","d","d","D","d","D","d","D","d","D","D","d","d","D","D","D",2.8691799623806
105,12,47,"aa",0,"bB",1,"cc",0,635,441,1,1,1,-1,1,1,-1,-1,1,1,"D","d","d","D","d","D","D","D","D","d","D","d","d","D","D","D","D","D","D","D","D","d","D","D","D","d","d","d","D","D","D","d","d","d","d","D","D","D","d","d","D","d","d","d","D","d","d","D","d",1.08230045120975
97,12,48,"Aa",1,"Bb",1,"Cc",1,636,728,-1,-1,1,-1,-1,1,-1,-1,1,-1,"D","D","d","D","D","d","D","D","d","D","D","D","d","D","D","d","D","D","d","D","d","D","d","D","D","d","d","D","D","d","D","D","d","D","D","D","D","D","D","D","D","d","d","d","d","D","D","D","D",1.11351156704311
97,12,49,"aa",0,"Bb",1,"cc",0,685,584,-1,-1,-1,1,-1,1,-1,1,1,-1,"d","d","D","d","d","D","D","D","D","d","D","d","D","d","D","D","D","D","D","d","d","D","D","D","d","D","D","d","d","D","D","d","d","d","D","D","d","D","D","d","d","d","d","d","D","D","d","D","d",-0.650609335951124
98,12,50,"aa",0,"Bb",1,"Cc",1,638,1274,-1,-1,-1,-1,-1,1,1,-1,1,-1,"d","D","d","D","d","D","D","D","D","D","D","D","d","D","D","D","d","d","D","D","D","d","d","D","D","d","d","d","d","d","D","d","D","D","d","d","d","D","D","D","d","D","D","d","d","D","d","d","D",2.19489561789453
101,13,1,"aA",1,"bB",1,"cc",0,590,592,-1,1,1,1,-1,-1,-1,-1,1,1,"d","D","d","D","D","D","d","d","d","D","D","d","d","D","d","d","D","D","d","d","d","d","d","D","d","d","D","D","D","d","d","d","d","d","D","D","d","D","d","D","d","D","D","D","d","d","d","d","D",1.58592483799486
98,13,2,"aA",1,"bB",1,"cc",0,640,639,-1,-1,1,1,1,-1,-1,1,-1,1,"d","d","d","d","d","d","d","D","D","D","d","D","d","d","d","D","D","d","d","d","d","D","D","D","D","D","D","D","D","D","d","D","D","D","D","D","D","D","D","d","D","d","d","d","d","D","D","D","d",-1.06626380079136
96,13,3,"Aa",1,"Bb",1,"cC",1,640,6,-1,-1,1,-1,1,1,-1,1,-1,-1,"d","d","d","D","D","D","D","D","d","D","d","D","D","d","d","D","d","d","D","d","D","D","d","D","D","D","D","D","D","D","d","D","d","D","D","D","d","D","D","d","D","d","d","D","d","D","d","D","D",-1.24957600396574
102,13,4,"aA",1,"BB",2,"cC",1,592,787,1,-1,1,-1,-1,1,-1,1,1,-1,"d","d","D","D","d","d","d","D","D","D","D","d","d","d","D","D","D","D","d","D","D","D","D","D","D","d","D","D","d","d","D","D","D","D","D","d","D","D","d","d","d","d","d","d","D","D","D","D","d",2.91344436756446
100,13,5,"AA",2,"Bb",1,"cc",0,643,836,-1,-1,1,1,1,-1,1,-1,1,-1,"D","D","D","D","D","d","d","D","D","D","d","d","D","d","D","d","d","D","D","d","D","d","D","D","d","d","D","d","D","d","d","D","d","D","D","d","d","d","D","d","D","D","d","D","D","D","D","D","d",0.267432459230173
103,13,6,"aa",0,"Bb",1,"CC",2,644,544,-1,-1,-1,1,-1,1,1,1,1,1,"D","d","D","D","d","d","D","D","D","d","d","D","d","D","D","d","d","D","D","D","d","d","D","D","D","d","D","d","d","D","D","d","d","d","d","d","D","d","D","d","D","d","d","D","D","D","D","D","d",1.5119716364475
108,13,7,"aA",1,"bb",0,"cC",1,646,693,-1,1,1,1,1,1,1,1,1,1,"D","d","d","D","d","d","D","D","D","d","D","D","D","d","d","d","d","d","D","d","d","D","D","D","d","d","D","d","d","D","D","d","d","D","d","D","D","D","d","D","d","d","d","D","D","d","D","d","D",0.825717487552123
103,13,8,"Aa",1,"Bb",1,"cC",1,694,548,-1,1,1,-1,1,1,-1,1,1,1,"d","D","d","D","D","D","D","D","d","d","D","D","D","d","d","D","D","d","D","d","d","D","D","D","d","d","d","D","d","d","D","d","d","d","D","D","D","d","D","d","D","d","d","d","d","d","D","d","d",-0.897862716150901
96,13,9,"AA",2,"BB",2,"CC",2,647,746,-1,-1,1,-1,-1,-1,1,-1,1,-1,"D","D","D","D","d","d","d","D","D","d","d","D","d","D","D","D","d","d","d","d","d","d","d","D","d","D","D","D","D","d","d","D","d","D","d","d","D","d","D","d","d","D","D","D","D","D","d","d","D",0.615952044230764
100,13,10,"aA",1,"BB",2,"cC",1,648,696,1,1,-1,1,-1,1,1,-1,-1,1,"d","d","d","d","d","d","D","D","d","d","D","D","d","d","D","d","D","D","d","D","D","d","D","D","d","d","D","d","d","d","d","d","D","D","d","d","D","d","d","d","d","d","d","d","d","D","d","D","d",-1.02546809497944
101,13,11,"aA",1,"Bb",1,"Cc",1,13,450,-1,-1,1,1,-1,1,1,-1,1,-1,"d","D","d","D","d","d","d","d","D","d","D","d","d","D","D","d","d","d","D","D","d","d","D","d","d","d","d","D","d","d","d","D","d","d","d","d","D","D","D","D","d","d","d","D","D","d","d","d","d",1.9039488355438
101,13,12,"aa",0,"BB",2,"Cc",1,12,503,-1,-1,-1,-1,1,1,1,1,1,1,"D","D","d","d","D","D","d","d","D","D","D","D","D","d","d","d","D","D","d","D","d","D","d","d","d","d","D","d","D","d","d","D","d","D","d","d","d","d","D","d","D","d","d","d","D","D","d","d","d",-0.668973952938543
98,13,14,"Aa",1,"bb",0,"cc",0,602,761,-1,-1,1,1,1,-1,1,-1,-1,1,"d","d","D","D","D","d","d","d","d","D","D","d","d","d","D","d","D","D","d","D","D","d","D","D","d","D","D","D","D","D","d","d","D","D","D","D","D","D","D","D","d","D","d","D","d","D","d","d","d",-1.23934378844364
100,13,15,"Aa",1,"Bb",1,"Cc",1,702,653,-1,-1,1,1,-1,-1,1,1,1,-1,"d","d","D","d","d","d","d","d","d","D","d","D","D","D","D","d","D","d","D","d","d","D","D","D","D","D","d","d","D","D","d","D","d","d","d","d","D","d","D","d","d","d","D","D","D","d","d","D","D",0.858858754013925
99,13,16,"Aa",1,"BB",2,"cC",1,802,851,1,-1,1,1,1,-1,1,1,-1,-1,"d","D","d","D","D","d","D","D","D","d","d","D","D","d","D","D","D","D","d","D","d","D","D","D","D","d","d","D","D","D","d","D","D","D","D","d","D","d","d","d","D","D","D","D","D","d","D","d","d",-2.44438355754323
100,13,17,"AA",2,"BB",2,"CC",2,753,753,-1,-1,1,1,-1,-1,1,1,1,-1,"d","d","D","D","d","d","d","D","D","D","D","D","d","d","d","D","D","d","d","d","d","D","d","d","d","D","D","d","d","d","D","d","d","D","D","d","D","D","D","D","D","d","D","D","D","D","D","D","d",0.272022439661032
98,13,18,"aA",1,"BB",2,"cc",0,655,850,-1,1,1,-1,1,-1,-1,1,1,1,"d","d","d","d","d","D","d","d","d","d","D","D","d","d","d","D","D","d","d","D","D","d","D","D","D","D","d","D","d","d","d","D","d","d","d","d","D","D","D","d","D","d","d","D","d","D","D","D","d",-3.28232400179331
97,13,19,"aa",0,"BB",2,"cC",1,703,14,-1,-1,-1,1,-1,-1,1,1,-1,-1,"d","d","D","d","d","d","d","d","D","d","D","D","D","d","d","D","D","D","d","D","d","d","D","D","D","d","d","d","d","d","d","d","D","D","d","D","D","D","D","d","d","D","D","D","D","d","D","D","d",1.64479385483481
100,13,20,"aa",0,"Bb",1,"CC",2,657,414,-1,-1,-1,1,-1,1,1,-1,1,1,"d","d","D","D","d","D","D","D","d","D","d","D","d","d","d","D","d","d","D","d","d","d","D","D","D","d","d","d","d","d","d","D","D","D","D","D","D","D","D","d","d","d","D","D","d","D","D","d","D",0.946119822507189
107,13,21,"Aa",1,"BB",2,"cc",0,659,707,1,1,-1,-1,1,-1,1,1,1,1,"D","D","d","d","d","D","d","D","d","D","d","D","d","D","D","d","D","d","D","D","D","d","D","d","D","d","D","D","D","D","d","d","D","d","D","d","d","d","D","D","D","D","d","D","D","d","D","D","D",3.20608973128245
97,13,22,"Aa",1,"Bb",1,"cc",0,659,758,-1,1,1,-1,-1,-1,-1,1,-1,-1,"d","D","d","d","d","d","d","D","D","D","D","D","d","D","D","d","D","d","d","D","d","d","D","d","d","d","D","D","d","D","D","d","d","d","D","d","d","d","d","D","d","D","d","d","D","d","d","D","D",1.09943149420789
98,13,23,"Aa",1,"bb",0,"CC",2,660,608,1,-1,-1,1,-1,-1,1,-1,-1,1,"D","d","d","d","d","d","d","D","D","D","d","D","D","D","D","D","d","D","D","d","d","D","D","d","D","d","D","D","D","D","D","d","d","D","D","d","D","d","D","d","d","D","d","D","d","d","d","D","D",0.515017308008487
103,13,24,"Aa",1,"BB",2,"CC",2,710,655,1,-1,-1,1,1,1,-1,-1,1,1,"D","D","d","D","d","d","d","d","d","d","d","D","D","D","d","D","D","d","d","d","D","D","d","d","D","d","d","d","D","D","d","D","D","D","d","d","d","D","D","d","d","D","d","D","D","d","D","D","D",1.06974831096777
97,13,25,"aa",0,"Bb",1,"Cc",1,662,752,-1,-1,-1,1,1,1,-1,-1,1,1,"D","d","d","d","d","D","D","d","D","d","d","d","D","d","d","D","d","D","D","D","D","D","D","d","d","d","D","d","d","d","D","D","d","D","D","d","D","D","D","D","D","d","D","D","D","d","D","d","d",-2.01037202749016
97,13,26,"AA",2,"Bb",1,"CC",2,663,463,1,-1,1,-1,-1,-1,-1,-1,1,-1,"D","D","D","d","d","d","D","D","D","D","D","d","D","d","D","d","d","D","d","D","D","D","D","d","d","D","d","d","D","d","d","d","D","D","d","D","D","d","d","d","D","d","d","d","d","D","d","d","D",1.82846127295588
103,13,27,"aa",0,"bb",0,"cc",0,712,813,-1,-1,1,1,-1,1,1,1,1,1,"D","D","D","d","D","D","d","D","d","D","D","D","d","d","d","d","D","D","D","D","D","D","D","d","d","D","D","d","D","D","d","d","d","D","D","D","D","D","D","d","d","D","D","d","d","d","d","d","d",-0.775270133142326
102,13,28,"aA",1,"bB",1,"Cc",1,665,1208,1,-1,1,-1,1,1,1,1,1,-1,"D","d","d","D","d","D","d","d","d","D","d","d","d","D","D","d","d","d","D","D","d","d","d","D","D","D","d","d","d","d","D","d","d","D","d","D","D","d","d","D","d","d","d","D","D","D","D","d","D",-1.75783872747833
100,13,29,"Aa",1,"Bb",1,"CC",2,617,865,1,1,1,1,-1,-1,-1,-1,1,-1,"D","D","D","d","d","d","D","d","D","d","d","D","d","D","d","D","D","D","d","d","D","d","d","D","D","D","d","D","D","D","d","d","d","d","D","d","D","d","d","D","D","D","d","D","D","d","d","d","d",0.276106818668768
102,13,30,"Aa",1,"BB",2,"CC",2,666,813,1,-1,-1,1,1,-1,-1,1,1,-1,"D","d","D","D","D","D","d","D","d","d","D","d","d","D","D","D","D","D","D","D","D","D","D","D","D","D","D","D","D","d","d","d","d","d","d","D","d","D","D","D","d","d","D","d","d","D","D","d","d",2.40359186374919
97,13,31,"aa",0,"bb",0,"cC",1,621,1314,-1,-1,-1,-1,-1,-1,1,1,1,1,"d","d","d","d","D","D","D","d","d","d","D","D","D","D","D","D","d","D","d","d","d","d","D","d","D","d","D","d","D","D","d","D","D","d","D","D","d","D","D","D","d","d","d","D","D","D","d","d","D",-0.742321154733131
100,13,32,"AA",2,"bB",1,"cC",1,620,122,-1,-1,1,-1,1,-1,1,1,1,1,"d","D","D","D","d","d","d","D","d","d","D","D","D","D","D","d","D","D","D","d","d","D","D","D","d","d","d","D","d","d","d","d","D","D","d","d","D","D","d","D","d","D","D","d","D","D","d","d","d",-1.84403466012373
98,13,33,"aa",0,"bB",1,"CC",2,769,720,-1,-1,-1,-1,1,-1,1,1,1,1,"d","D","d","D","d","D","D","d","d","D","D","D","D","D","d","d","D","D","D","d","d","D","d","D","d","d","d","D","d","D","D","d","d","D","D","d","D","d","d","D","D","D","d","d","D","D","d","D","d",-1.12380874152157
105,13,34,"Aa",1,"bB",1,"cC",1,573,710,1,1,-1,-1,1,1,1,-1,1,1,"D","d","d","d","d","D","d","d","d","D","d","D","d","D","D","d","d","D","D","D","D","D","d","D","D","d","d","d","d","D","D","D","d","d","D","D","d","d","d","d","D","D","D","d","D","d","D","d","D",1.09785182524936
98,13,35,"aa",0,"bb",0,"Cc",1,670,528,1,-1,-1,1,-1,1,-1,-1,-1,1,"d","d","D","d","d","d","d","d","d","d","d","D","d","d","d","D","d","d","D","D","d","D","D","d","d","d","D","D","D","D","d","d","D","D","D","D","d","d","d","d","d","d","d","D","D","D","d","d","d",0.0634654485677574
98,13,36,"aA",1,"Bb",1,"Cc",1,673,725,-1,-1,1,-1,1,-1,1,1,-1,-1,"d","D","D","d","d","d","D","D","D","D","d","D","d","d","D","D","d","D","D","D","d","d","D","d","d","d","d","d","d","d","D","d","d","d","d","d","d","D","D","D","D","d","d","d","D","D","d","d","d",0.120673291872128
97,13,37,"aa",0,"Bb",1,"CC",2,673,423,-1,1,-1,1,-1,-1,1,1,-1,-1,"d","D","d","D","d","d","d","d","D","D","d","D","D","D","D","d","d","D","D","D","D","d","D","d","D","D","D","d","d","d","D","d","D","d","D","d","D","D","d","D","d","d","d","d","d","D","D","d","d",-0.128234794380578
95,13,38,"Aa",1,"bb",0,"Cc",1,674,525,-1,-1,-1,1,-1,-1,-1,1,-1,1,"d","D","D","D","d","d","d","D","d","d","D","d","D","d","d","D","d","D","D","d","d","D","D","d","d","D","D","d","D","D","D","d","d","D","D","D","D","d","d","D","D","D","d","D","d","D","d","d","D",-0.466338062584387
94,13,39,"AA",2,"bb",0,"CC",2,674,575,-1,-1,-1,-1,-1,-1,1,1,-1,1,"d","D","d","D","D","d","d","d","D","d","D","d","d","d","D","d","D","D","D","d","d","D","D","D","D","D","d","D","d","D","d","d","d","D","d","D","d","d","D","D","d","d","d","D","D","D","d","d","D",-1.14989297738107
99,13,40,"AA",2,"bb",0,"cc",0,629,824,1,-1,-1,1,-1,1,1,1,1,-1,"D","d","D","D","d","D","D","D","D","d","d","d","d","D","D","D","d","d","D","D","D","D","D","D","D","d","d","d","D","d","d","d","d","D","d","D","d","D","D","d","D","d","d","d","D","D","D","d","D",-2.1218126931654
96,13,41,"aA",1,"Bb",1,"cC",1,728,1116,1,1,-1,-1,1,-1,-1,-1,-1,1,"d","D","d","d","D","d","d","d","d","D","d","d","d","d","d","D","D","D","D","d","D","d","D","D","D","d","D","D","d","D","d","d","D","d","d","D","D","D","D","d","D","d","d","d","D","d","d","d","d",-1.11040169258638
103,13,42,"aa",0,"bb",0,"cC",1,678,828,-1,1,1,-1,-1,1,1,1,1,1,"D","d","d","D","d","d","d","D","d","D","d","d","D","d","D","d","D","D","D","D","d","D","d","d","D","d","D","d","d","D","d","d","d","d","d","D","d","D","d","D","d","D","d","D","d","D","d","D","d",-0.0400224991013733
104,13,43,"aa",0,"BB",2,"cc",0,680,434,-1,-1,1,1,1,1,-1,1,1,-1,"D","d","D","d","d","D","D","d","d","d","D","D","d","d","D","d","D","D","D","d","D","d","D","D","D","D","d","d","d","D","d","d","d","D","D","D","D","D","D","D","D","d","d","d","d","D","d","d","d",2.23451375181857
105,13,44,"AA",2,"bB",1,"cC",1,681,872,1,1,-1,1,1,-1,1,1,1,-1,"D","d","d","D","D","D","D","D","D","d","d","D","d","D","D","D","D","D","D","d","d","d","D","D","D","D","D","d","d","d","D","D","D","D","d","D","D","d","D","d","d","d","d","d","d","D","d","d","d",1.92987033629093
99,13,45,"aA",1,"BB",2,"cC",1,682,582,1,-1,-1,1,1,1,-1,-1,1,-1,"d","d","D","D","d","d","d","D","D","D","D","D","D","D","D","d","D","D","D","d","d","D","d","D","D","D","d","D","d","D","D","D","d","d","d","d","d","D","D","d","d","d","d","d","d","d","D","d","D",-0.254129990786823
108,13,46,"aA",1,"Bb",1,"cc",0,683,623,1,-1,1,1,1,1,1,1,1,1,"D","d","d","d","D","d","d","D","d","d","D","d","D","D","d","d","d","D","D","d","d","d","D","D","d","d","d","d","d","D","D","d","D","d","d","d","d","D","d","D","d","D","D","d","d","d","d","d","d",0.399819506118845
104,13,47,"aa",0,"Bb",1,"cC",1,683,434,1,-1,1,1,-1,1,1,1,1,-1,"D","d","D","d","D","d","D","d","d","d","D","d","D","D","D","d","d","D","D","D","d","d","D","D","D","d","D","D","d","d","d","d","D","d","D","d","D","D","D","D","D","D","d","d","d","d","D","d","d",0.166003240930949
97,13,48,"aa",0,"Bb",1,"CC",2,685,342,-1,1,-1,1,-1,-1,-1,1,1,-1,"d","d","D","d","D","D","D","d","D","d","d","d","D","d","D","D","D","D","d","d","d","d","d","D","d","D","d","d","d","D","D","D","d","d","d","D","D","D","D","D","D","D","d","d","d","D","d","D","d",-0.534527005384401
94,13,49,"aA",1,"bB",1,"CC",2,686,491,-1,-1,-1,-1,1,-1,-1,-1,-1,1,"d","D","D","D","d","D","D","D","d","D","d","d","d","D","d","D","D","d","d","D","d","D","D","d","D","d","d","D","D","D","D","d","d","d","d","D","D","d","d","d","D","D","d","d","D","d","d","D","d",0.0737733870772492
99,13,50,"AA",2,"bB",1,"cc",0,687,534,-1,-1,1,1,-1,1,-1,1,-1,-1,"d","D","D","d","D","d","d","d","D","d","D","d","d","D","d","D","D","d","d","d","d","D","d","D","D","d","d","D","D","d","D","D","d","d","d","D","D","D","D","d","D","D","d","d","d","D","d","D","d",1.98980947416695
95,14,1,"aA",1,"BB",2,"cC",1,738,787,-1,-1,1,1,1,-1,-1,1,-1,-1,"d","D","D","d","d","d","d","d","D","d","d","d","D","D","D","d","d","D","d","D","D","D","D","D","D","D","D","D","d","D","D","D","D","D","D","D","D","D","D","D","d","d","d","d","D","D","D","D","D",-2.44168858604382
105,14,2,"AA",2,"BB",2,"CC",2,689,986,-1,-1,1,-1,1,1,1,1,1,1,"D","D","D","d","D","D","D","D","D","D","D","D","D","d","d","d","D","D","D","d","d","D","D","d","d","d","d","d","d","D","d","D","D","D","D","d","d","d","D","d","D","d","D","D","D","D","D","d","d",1.0733017490245
102,14,3,"aA",1,"BB",2,"cC",1,838,14,1,-1,1,1,-1,1,1,-1,1,-1,"d","D","D","D","D","d","d","D","D","D","D","D","D","d","d","d","D","D","d","D","d","D","D","d","D","D","D","d","d","d","d","d","D","D","d","D","D","D","D","D","d","D","d","d","d","D","D","D","D",0.238969520634552
98,14,4,"aa",0,"bB",1,"CC",2,691,691,-1,-1,-1,-1,-1,-1,1,1,-1,1,"d","D","D","d","d","d","d","D","D","D","D","D","d","d","d","d","d","D","D","D","d","D","d","D","D","D","D","D","D","d","d","D","d","D","D","d","d","D","d","D","D","d","D","D","D","D","D","d","d",2.26941241289236
97,14,5,"aA",1,"bB",1,"cc",0,642,742,-1,-1,1,-1,1,-1,1,1,1,-1,"d","D","d","d","D","d","d","D","D","D","d","d","d","D","d","D","d","d","D","D","d","d","D","D","D","d","D","d","d","d","D","d","d","d","d","D","D","D","d","d","D","d","D","D","D","D","D","D","D",-2.95654412476705
96,14,6,"Aa",1,"bB",1,"cc",0,740,892,-1,-1,-1,-1,1,1,1,-1,-1,-1,"d","d","D","d","d","d","D","D","d","D","d","D","d","D","D","D","d","D","D","d","D","D","D","d","D","d","D","D","d","d","D","D","d","D","d","D","D","d","D","d","D","d","d","D","d","D","D","d","D",0.477879673264397
98,14,7,"Aa",1,"bB",1,"cC",1,597,549,1,-1,-1,-1,-1,1,1,1,-1,1,"d","D","D","D","d","D","d","D","D","d","D","D","D","d","D","d","d","D","D","d","D","d","D","d","d","d","D","d","D","d","d","d","D","d","D","D","D","d","d","D","d","d","d","D","d","D","D","D","d",-1.62339570222455
107,14,8,"aA",1,"bB",1,"Cc",1,695,643,-1,1,1,1,-1,1,1,1,1,1,"d","D","D","D","D","d","D","D","D","D","D","d","D","D","d","d","d","d","D","d","D","d","d","D","D","d","d","D","d","d","d","d","D","D","D","D","d","d","d","d","D","D","D","D","D","d","D","d","D",1.16234024895698
102,14,9,"Aa",1,"Bb",1,"CC",2,695,697,1,-1,-1,-1,-1,1,1,1,1,1,"d","D","D","D","D","d","d","D","d","D","D","D","d","D","d","d","d","d","D","d","d","d","d","D","d","d","D","D","d","d","d","d","D","D","d","D","D","d","D","D","D","D","D","D","D","d","d","d","D",0.000386468576897959
93,14,10,"Aa",1,"BB",2,"Cc",1,746,793,-1,1,-1,-1,-1,1,-1,-1,-1,-1,"d","D","d","d","d","d","D","D","d","d","d","d","d","D","D","D","D","d","d","D","D","d","D","d","d","d","d","D","d","D","D","D","d","d","d","d","D","D","D","d","d","D","D","D","D","D","D","D","d",-0.631581169418932
99,14,11,"AA",2,"BB",2,"Cc",1,698,947,-1,-1,1,1,-1,1,1,-1,-1,1,"d","d","D","d","D","D","d","D","D","d","d","d","D","d","D","d","D","D","d","D","d","d","D","D","D","d","D","d","d","d","d","D","D","D","d","d","d","D","d","D","D","d","d","D","d","d","d","d","d",-0.239772193943334
106,14,12,"Aa",1,"bB",1,"cC",1,699,800,1,1,-1,1,1,1,1,1,-1,1,"d","d","D","d","d","D","D","D","d","d","d","D","D","D","d","d","d","D","D","D","D","D","d","d","D","d","D","d","d","d","d","d","d","d","d","d","D","D","D","D","D","D","d","D","d","D","d","D","D",0.431635711952004
93,14,13,"aa",0,"bB",1,"cc",0,700,700,-1,1,-1,-1,1,-1,-1,-1,-1,-1,"d","D","d","d","D","d","d","d","D","D","D","d","D","D","d","d","d","D","D","d","d","D","D","D","D","d","D","D","D","d","d","D","D","d","D","D","D","D","D","d","d","d","d","D","D","d","d","D","d",-0.0593566235088443
95,14,15,"aA",1,"BB",2,"Cc",1,751,651,-1,-1,-1,-1,1,-1,1,-1,-1,1,"D","d","D","d","D","d","D","d","D","d","d","d","D","d","d","d","D","d","d","D","D","d","d","d","D","D","d","D","D","D","D","d","D","d","D","D","D","D","d","D","d","D","d","D","D","d","d","D","D",-0.423667111373016
105,14,16,"Aa",1,"bb",0,"Cc",1,753,950,-1,1,1,1,-1,1,1,1,1,1,"D","d","D","D","d","d","d","D","D","D","D","D","D","d","D","D","D","d","D","d","D","D","D","d","d","D","D","D","d","d","d","d","D","D","D","d","D","D","D","D","D","D","d","D","D","d","D","D","D",-0.795435939366727
104,14,17,"aA",1,"bB",1,"Cc",1,16,854,-1,-1,1,1,1,-1,1,1,1,1,"D","d","D","D","d","D","d","d","D","d","D","d","D","d","D","d","d","D","D","D","D","d","D","D","d","d","d","D","D","D","D","d","d","d","D","D","D","D","d","D","d","D","d","d","D","D","d","d","D",0.896016215796036
97,14,18,"aa",0,"BB",2,"CC",2,656,809,-1,-1,-1,1,-1,-1,1,-1,1,-1,"d","D","D","D","d","D","d","D","d","d","D","D","d","D","d","d","d","D","D","d","d","D","D","D","d","D","D","d","D","d","d","d","D","D","d","d","D","d","d","D","d","d","d","d","D","D","d","d","D",1.05037862186421
103,14,19,"aa",0,"bB",1,"Cc",1,705,809,-1,-1,1,1,-1,-1,1,1,1,1,"D","D","D","d","d","d","d","D","d","d","D","D","d","D","d","D","d","D","D","d","d","D","D","D","d","D","D","d","D","d","d","d","d","d","d","d","D","d","d","d","d","d","d","D","D","d","d","d","d",1.48516889465571
101,14,20,"Aa",1,"Bb",1,"CC",2,706,660,-1,-1,1,-1,1,-1,1,1,1,1,"d","D","d","d","d","D","d","D","D","D","d","D","D","D","D","D","D","D","D","d","D","D","d","d","D","d","d","D","D","d","d","D","d","d","D","D","d","D","d","D","d","D","d","d","d","D","d","d","D",-0.574714026062996
97,14,21,"aa",0,"BB",2,"cc",0,756,805,-1,-1,1,-1,1,-1,1,-1,-1,1,"D","D","D","d","D","d","d","d","d","d","D","d","D","D","d","d","D","d","d","d","d","D","D","D","d","D","D","d","D","d","d","D","d","d","D","D","D","d","D","d","D","d","d","D","D","d","d","d","D",-0.0200693675352912
95,14,22,"Aa",1,"bB",1,"CC",2,708,606,1,-1,-1,1,1,-1,-1,-1,-1,1,"d","D","D","d","D","d","D","d","d","D","d","D","d","D","d","d","D","d","d","d","D","D","D","d","d","d","d","D","d","D","d","d","d","D","D","d","d","d","D","d","D","D","D","d","d","d","d","D","D",-2.3324994524598
98,14,23,"aa",0,"bb",0,"cC",1,660,711,-1,-1,-1,-1,-1,1,1,1,1,1,"d","d","D","d","D","d","d","d","d","D","d","d","D","D","d","D","d","D","D","d","D","d","d","D","D","d","d","d","D","d","D","d","d","d","D","d","D","d","d","d","d","D","d","D","d","d","d","D","D",-1.04580746210416
99,14,24,"Aa",1,"BB",2,"Cc",1,710,855,1,-1,-1,-1,-1,-1,1,-1,1,1,"D","d","d","D","d","d","D","d","d","d","d","d","d","D","d","D","d","D","D","D","d","D","d","D","d","d","D","d","d","D","d","D","D","D","d","d","D","D","D","d","d","D","d","d","d","d","D","D","d",1.55781619708306
102,14,25,"aA",1,"bb",0,"Cc",1,711,416,1,-1,-1,-1,-1,1,1,-1,1,1,"D","D","d","D","d","d","d","d","d","d","D","D","d","d","d","d","D","D","d","d","d","D","d","D","D","d","D","D","d","D","d","d","d","D","D","D","D","d","d","d","d","D","D","d","d","d","D","d","D",2.84839324470288
100,14,26,"aa",0,"bb",0,"Cc",1,713,813,-1,1,-1,1,1,-1,1,1,1,-1,"D","d","D","D","D","d","d","d","D","D","D","D","d","D","d","d","D","D","D","d","d","D","D","D","d","D","D","D","d","d","d","D","D","D","d","d","d","D","D","D","d","D","D","d","d","d","D","d","d",-1.34248965044966
102,14,27,"aa",0,"Bb",1,"cc",0,712,914,-1,1,-1,1,1,-1,1,-1,-1,1,"d","D","d","d","D","d","d","d","D","D","d","D","D","d","d","d","d","D","D","D","D","D","D","d","D","D","d","d","D","d","D","d","D","D","d","D","d","D","d","D","d","D","D","D","D","d","d","d","D",2.08309174816385
100,14,28,"AA",2,"Bb",1,"CC",2,714,710,-1,1,-1,-1,-1,-1,1,-1,1,1,"D","d","d","d","d","d","d","D","d","D","D","D","d","d","D","d","d","d","D","d","d","D","D","d","D","D","d","D","d","d","D","D","D","d","D","D","D","d","D","d","d","d","d","D","D","d","D","d","d",2.0014088009727
97,14,29,"AA",2,"BB",2,"cC",1,762,565,-1,-1,1,-1,-1,1,-1,1,1,-1,"d","D","D","d","D","d","D","d","D","d","D","D","d","D","d","D","D","D","D","D","D","D","d","d","D","D","d","D","d","d","D","D","d","D","D","D","D","D","D","D","D","d","d","d","d","D","D","D","d",-0.917345445356604
95,14,30,"aA",1,"bb",0,"Cc",1,716,667,-1,-1,-1,-1,-1,-1,1,1,1,1,"d","D","d","D","D","d","D","D","D","D","D","D","d","D","d","d","d","D","d","d","d","D","D","d","D","D","D","D","d","d","D","D","D","d","d","d","D","d","D","d","d","d","d","d","D","D","D","d","d",-2.50261755208163
100,14,31,"aA",1,"bB",1,"Cc",1,716,661,-1,-1,1,1,-1,-1,1,1,1,-1,"D","D","d","D","D","d","D","d","D","D","d","D","d","D","D","D","D","D","D","d","D","D","d","d","d","d","d","D","d","d","d","d","d","D","D","d","d","d","D","d","D","d","d","d","d","D","d","D","d",0.732472465370263
97,14,32,"aa",0,"bB",1,"cc",0,718,526,-1,-1,1,-1,-1,-1,1,1,-1,1,"d","d","D","d","D","D","d","d","d","D","D","D","D","D","d","d","D","d","D","d","d","D","D","d","D","d","D","D","D","d","D","d","d","D","D","d","d","d","D","D","D","d","d","d","D","d","D","d","d",-0.377834808397782
102,14,33,"aA",1,"bb",0,"cc",0,718,561,-1,1,1,1,1,-1,-1,-1,1,1,"d","d","D","D","d","D","d","d","D","D","d","D","D","D","d","D","d","d","D","D","D","D","D","d","D","d","D","D","d","d","D","d","D","d","d","d","d","d","D","D","d","d","d","D","D","d","d","d","D",0.779814949592818
97,14,34,"aA",1,"BB",2,"cC",1,720,575,1,-1,1,-1,-1,-1,-1,1,1,1,"d","d","d","d","D","d","d","d","d","D","D","D","d","d","d","D","D","D","D","d","D","D","d","d","D","D","d","d","d","D","d","d","d","D","d","D","D","d","d","D","D","d","d","d","D","D","d","D","D",-2.44006244295569
96,14,35,"aa",0,"bb",0,"CC",2,721,672,-1,-1,1,-1,-1,-1,-1,1,1,1,"D","d","D","D","D","d","D","D","D","d","D","d","D","D","d","d","D","d","d","d","D","d","D","d","d","D","d","D","d","D","D","D","d","d","D","d","d","D","D","d","D","d","d","d","d","d","d","d","d",-1.70768236747512
100,14,36,"aa",0,"Bb",1,"CC",2,771,819,1,1,1,-1,-1,1,-1,-1,-1,1,"D","D","D","d","D","D","d","D","D","D","d","D","d","D","D","d","d","d","D","D","D","d","D","D","d","d","D","d","d","d","d","D","d","D","d","D","D","d","D","d","D","d","D","D","d","D","D","D","D",0.899951969126503
100,14,37,"Aa",1,"bb",0,"Cc",1,724,528,1,-1,-1,-1,-1,1,1,1,-1,1,"d","D","d","D","d","d","d","D","D","d","d","d","d","D","d","D","d","d","D","d","d","d","D","d","d","D","D","d","D","d","d","d","d","d","D","d","D","d","D","D","d","d","d","d","D","D","d","D","d",0.653859808926867
96,14,38,"aa",0,"bb",0,"Cc",1,624,626,-1,1,-1,-1,-1,1,-1,-1,1,1,"D","d","d","d","D","D","d","D","d","d","d","D","D","D","D","D","d","D","D","D","D","D","D","D","d","d","d","D","d","D","d","d","D","d","d","D","d","d","d","D","D","D","d","d","d","d","d","d","D",-1.60650642694237
104,14,39,"aa",0,"Bb",1,"Cc",1,678,1019,-1,1,1,1,-1,1,1,-1,1,1,"d","d","d","D","D","d","d","D","D","D","d","d","D","d","d","D","d","D","D","D","d","D","D","d","D","d","D","d","d","D","D","d","d","d","d","d","d","D","D","D","D","D","d","D","D","D","D","D","d",0.497730982294854
94,14,40,"aA",1,"BB",2,"cc",0,726,679,-1,-1,-1,-1,-1,1,-1,1,1,-1,"D","D","D","d","D","D","D","d","D","D","D","D","D","d","d","D","D","D","D","D","D","D","D","D","d","d","d","D","D","d","D","d","d","d","d","D","d","D","D","D","D","D","d","d","d","d","d","D","D",-1.28511069539086
98,14,41,"aA",1,"bB",1,"CC",2,726,881,-1,1,-1,1,1,-1,-1,1,-1,1,"D","D","D","d","D","D","d","D","D","D","D","D","D","d","D","D","D","d","D","D","D","d","D","D","D","D","d","D","D","d","d","d","D","d","d","D","D","D","d","d","D","d","D","d","d","d","D","D","d",-1.76158682661864
101,14,42,"aA",1,"BB",2,"cc",0,680,679,-1,-1,1,-1,1,1,-1,1,1,-1,"D","D","d","d","D","D","D","d","d","d","D","D","d","d","D","d","D","d","D","d","D","d","D","D","d","D","D","d","D","D","D","d","d","D","d","D","D","d","D","D","D","d","D","d","d","D","D","D","d",1.65611800489759
97,14,43,"Aa",1,"Bb",1,"CC",2,730,779,-1,-1,-1,-1,-1,1,1,-1,1,-1,"d","D","D","d","d","d","D","D","d","d","D","D","D","D","d","D","D","D","D","D","D","d","D","D","D","d","d","D","D","d","D","D","d","d","d","D","D","d","D","D","D","d","d","D","d","d","D","d","d",1.05824751682458
97,14,44,"aa",0,"BB",2,"Cc",1,730,782,-1,-1,-1,1,-1,1,-1,-1,1,-1,"D","D","d","d","D","d","D","D","D","D","d","d","D","D","d","D","D","D","D","D","D","D","D","D","D","d","D","D","D","d","d","d","d","D","d","d","D","d","D","D","D","D","D","D","d","D","D","d","d",1.27778171202227
99,14,45,"aA",1,"BB",2,"cC",1,732,1069,-1,1,-1,-1,-1,1,1,-1,1,-1,"D","d","D","d","D","d","d","d","d","d","D","D","d","d","D","D","d","d","d","d","D","D","D","D","d","d","D","D","D","d","D","d","d","d","d","D","d","D","D","d","d","D","D","D","D","d","D","d","d",1.90711301193494
95,14,46,"aA",1,"BB",2,"cc",0,731,1022,-1,-1,-1,-1,-1,1,-1,-1,-1,1,"d","d","d","D","D","D","d","D","D","d","d","d","d","d","d","d","D","D","d","D","D","D","D","D","D","D","d","d","D","d","D","D","D","D","d","d","D","d","D","D","d","d","d","D","d","D","d","D","D",1.13601766063058
99,14,47,"aA",1,"bB",1,"cC",1,733,491,-1,-1,-1,-1,1,1,-1,-1,1,1,"d","d","d","d","d","d","D","d","D","d","d","D","d","d","D","D","D","d","D","d","d","d","D","d","d","D","d","d","D","D","d","d","d","d","d","d","D","D","d","D","D","d","d","D","D","D","D","d","d",1.93288371775758
95,14,48,"aa",0,"Bb",1,"cc",0,783,635,-1,-1,1,-1,-1,-1,-1,-1,1,1,"D","d","d","d","D","D","D","d","d","D","d","d","D","d","D","d","D","D","D","D","D","D","d","D","D","D","d","D","D","D","d","D","d","D","d","D","D","D","d","D","D","d","d","d","d","D","D","d","D",-0.0502648984285215
94,14,49,"aA",1,"bb",0,"CC",2,735,439,1,-1,-1,-1,1,-1,-1,-1,1,-1,"d","D","d","D","d","d","D","D","d","D","d","D","d","d","d","d","D","D","d","D","D","D","D","D","D","d","D","d","d","D","d","d","d","d","D","D","D","d","d","d","d","D","d","D","D","d","d","d","d",-1.31254263749253
99,14,50,"aa",0,"bb",0,"Cc",1,735,290,1,-1,-1,-1,1,1,-1,1,1,-1,"d","D","D","D","d","d","D","D","D","D","d","D","D","D","d","d","d","D","d","D","D","D","D","D","D","D","D","D","D","D","D","D","D","d","D","D","D","d","d","d","D","D","d","D","d","D","d","d","d",-0.0833951864270237
93,15,1,"aA",1,"BB",2,"cc",0,688,787,-1,-1,1,-1,-1,1,-1,-1,-1,-1,"d","D","D","d","d","d","d","d","D","d","D","D","D","D","D","D","d","D","d","d","D","d","D","D","D","D","d","d","d","D","d","D","D","d","D","d","D","D","d","d","d","d","d","D","D","D","D","d","D",-0.313342869623405
97,15,2,"aa",0,"Bb",1,"cC",1,738,796,-1,-1,1,-1,-1,1,-1,-1,-1,1,"d","D","D","D","d","d","D","d","D","d","D","D","D","d","D","d","d","D","d","d","d","D","D","D","D","D","D","D","D","D","d","d","D","D","d","D","d","D","D","D","D","d","D","D","D","D","D","D","D",1.73337886229355
97,15,3,"AA",2,"bb",0,"cc",0,836,740,-1,-1,1,-1,1,-1,1,-1,-1,-1,"d","d","D","d","d","d","d","d","d","d","D","D","D","D","D","D","D","D","D","D","d","D","D","d","d","D","d","D","d","D","D","D","d","d","D","d","d","D","d","D","d","d","D","D","d","D","D","d","d",1.12237525090978
97,15,4,"aa",0,"BB",2,"Cc",1,789,1331,-1,-1,-1,1,1,-1,1,-1,-1,1,"D","D","D","D","D","d","D","D","D","D","D","D","D","d","d","d","D","d","d","D","D","D","D","D","d","D","d","D","d","d","d","D","D","D","d","d","d","D","D","d","d","d","d","d","d","d","D","d","d",-0.647038473588861
105,15,5,"AA",2,"bb",0,"cC",1,741,547,-1,-1,1,1,1,1,1,1,1,1,"d","D","d","d","d","D","d","d","D","D","d","d","d","D","D","d","d","D","D","d","d","D","D","D","D","D","D","d","D","D","d","d","D","D","D","d","d","d","d","D","d","D","d","D","D","d","D","d","d",-0.26855848880889
97,15,6,"aA",1,"BB",2,"Cc",1,743,692,-1,-1,-1,-1,-1,1,-1,-1,1,1,"D","d","D","D","d","D","d","D","d","D","D","D","D","D","D","D","D","D","D","d","d","D","D","d","d","d","d","d","D","D","D","d","D","d","d","D","D","D","d","D","d","d","D","d","d","d","d","d","D",1.89480934284242
99,15,7,"aa",0,"bB",1,"cc",0,744,595,1,-1,-1,-1,1,1,-1,1,1,1,"d","D","D","d","d","d","d","D","d","D","d","D","d","D","D","d","D","D","d","d","d","d","d","d","D","d","d","d","D","d","d","d","D","D","d","d","D","d","D","D","D","d","d","d","d","d","d","D","d",-2.03618769951036
103,15,8,"Aa",1,"bb",0,"CC",2,695,645,-1,1,1,1,-1,1,-1,1,1,1,"d","D","D","D","d","d","d","D","D","D","d","d","d","D","D","d","d","d","d","d","D","d","D","D","D","d","d","D","d","d","D","d","D","D","D","D","d","D","D","d","D","D","d","D","D","d","d","d","D",-0.0878247451459959
94,15,9,"Aa",1,"BB",2,"Cc",1,745,795,-1,1,1,-1,1,-1,-1,1,-1,-1,"D","d","d","D","d","d","d","D","D","D","D","D","d","d","d","d","d","d","d","D","d","D","D","D","D","D","d","d","d","d","d","D","d","D","d","D","d","d","D","D","D","d","d","D","D","D","D","d","D",-3.60116732586973
101,15,10,"Aa",1,"BB",2,"Cc",1,745,789,-1,-1,1,1,1,1,-1,1,-1,1,"d","D","D","d","D","d","d","D","D","D","D","D","D","d","d","D","d","d","d","D","d","D","D","D","d","D","D","d","D","d","D","D","d","D","D","D","d","d","D","D","d","D","D","D","d","D","d","d","D",-0.140976819664225
103,15,11,"aA",1,"bb",0,"CC",2,797,550,-1,1,1,1,-1,-1,1,1,-1,1,"d","D","d","D","D","d","d","D","D","D","D","d","d","D","D","D","D","d","d","D","d","D","d","D","D","d","D","d","d","d","D","d","D","d","D","D","D","D","D","D","D","D","d","D","D","D","d","d","D",1.38813712200185
98,15,12,"Aa",1,"bb",0,"cc",0,699,411,-1,1,-1,-1,1,1,1,-1,-1,1,"D","d","D","d","D","D","d","D","D","d","d","D","D","D","D","d","d","D","d","d","d","D","D","d","d","d","d","d","d","d","D","d","D","D","D","D","d","D","D","D","d","d","D","D","D","D","d","D","d",-1.41773787286945
101,15,13,"aA",1,"bb",0,"cc",0,700,799,-1,-1,1,1,1,-1,-1,1,-1,1,"d","D","d","d","d","d","d","D","D","D","d","D","D","d","D","d","d","D","D","d","D","D","d","D","D","d","D","D","D","d","D","D","d","D","D","D","D","d","D","d","D","D","D","d","D","D","D","D","D",1.14058182678053
100,15,14,"aa",0,"BB",2,"cc",0,15,701,-1,-1,1,1,1,-1,-1,1,1,1,"d","D","d","d","D","D","d","D","d","d","d","D","D","D","D","d","d","d","D","d","d","D","D","d","d","d","d","d","D","d","D","D","d","D","D","D","D","D","D","D","D","d","d","D","D","d","D","d","D",-1.19831749074062
102,15,16,"aa",0,"BB",2,"cc",0,752,753,-1,-1,1,1,1,-1,-1,1,1,1,"D","d","d","d","D","D","d","D","d","d","D","D","D","d","d","D","D","D","d","D","d","D","D","D","d","D","D","d","d","d","d","D","d","D","D","D","D","d","D","d","D","D","D","D","D","D","D","D","D",0.074160584132017
102,15,17,"aA",1,"BB",2,"Cc",1,751,1004,-1,-1,1,1,-1,-1,1,-1,1,1,"D","D","D","d","D","d","d","d","d","d","D","D","D","d","d","d","d","d","D","D","d","d","d","d","D","d","d","D","D","D","d","d","d","D","D","d","d","d","d","D","D","D","D","D","d","d","d","D","d",2.46099006236863
100,15,18,"aa",0,"BB",2,"cc",0,753,850,-1,1,1,-1,-1,-1,1,-1,1,1,"D","D","d","d","d","d","d","d","d","D","D","D","D","d","d","D","D","d","D","d","D","D","D","d","D","D","D","D","d","D","D","d","d","D","d","D","D","D","D","D","D","d","d","D","D","d","d","d","D",0.183395576417585
99,15,19,"Aa",1,"bB",1,"cC",1,801,20,-1,-1,-1,-1,1,-1,-1,1,1,-1,"D","D","d","d","d","D","D","D","d","d","D","D","D","D","d","D","d","D","d","d","D","D","D","D","d","d","D","d","D","D","D","d","d","D","d","D","d","D","d","D","d","d","D","d","d","D","D","D","D",3.12946088115978
104,15,20,"aa",0,"bB",1,"Cc",1,756,220,-1,-1,1,1,1,1,1,1,-1,-1,"d","d","D","D","d","d","d","D","D","d","d","D","d","D","d","d","D","d","D","D","D","D","d","D","d","D","d","D","D","d","D","D","d","d","d","D","d","D","D","D","D","d","D","D","d","D","d","d","D",2.50604838877801
98,15,21,"aa",0,"BB",2,"CC",2,755,759,-1,-1,-1,1,-1,-1,-1,1,1,1,"D","d","D","d","D","D","d","D","d","d","D","D","D","D","d","d","d","d","D","D","D","D","D","D","D","d","D","d","D","d","d","d","d","d","D","D","d","D","D","D","D","D","d","D","d","d","d","d","d",0.71229789346086
101,15,22,"aA",1,"bB",1,"cc",0,757,561,-1,1,1,1,1,-1,1,-1,-1,1,"d","D","D","d","d","D","d","D","D","d","d","d","D","D","D","D","d","D","D","D","D","d","D","d","D","d","D","D","d","D","D","d","D","d","d","d","d","D","D","D","d","D","d","D","D","d","d","d","D",-0.916737891300351
103,15,23,"aA",1,"bB",1,"cC",1,758,954,1,-1,-1,-1,-1,1,1,1,1,1,"D","d","d","d","d","d","d","D","d","D","D","d","D","D","d","D","D","D","d","d","d","D","d","D","D","d","D","d","D","D","d","d","D","D","d","d","D","d","D","D","D","d","D","D","d","d","d","D","d",1.51235460570964
102,15,24,"aa",0,"BB",2,"CC",2,759,809,-1,-1,1,1,1,-1,1,1,-1,-1,"d","D","D","D","d","d","d","d","d","D","D","D","d","d","d","D","d","D","D","D","d","d","D","D","d","D","D","d","D","d","d","d","d","D","D","D","D","d","d","d","d","d","d","d","D","d","d","d","d",2.50963420753475
98,15,25,"Aa",1,"BB",2,"cc",0,760,227,1,1,-1,1,-1,-1,-1,-1,1,-1,"d","D","D","D","d","d","d","D","d","d","d","D","d","D","d","D","D","D","D","D","D","D","D","D","D","D","d","d","d","d","D","d","d","D","D","D","D","d","D","D","D","d","d","d","d","D","D","d","D",0.456286923680499
92,15,26,"aa",0,"bB",1,"cc",0,761,910,-1,-1,1,-1,-1,-1,-1,-1,-1,1,"D","D","d","D","D","d","D","D","D","D","D","D","D","D","d","D","D","d","d","D","D","D","D","D","D","D","d","D","d","d","D","d","D","D","d","D","D","D","D","d","d","d","D","d","d","d","D","d","d",-1.60789657521168
105,15,27,"aA",1,"BB",2,"cc",0,811,1102,-1,-1,1,1,1,1,-1,1,1,1,"d","D","D","D","d","D","D","d","d","D","D","D","D","d","D","d","d","d","d","d","d","d","d","D","d","d","d","d","d","D","d","d","D","D","D","D","D","d","D","d","d","d","d","D","D","D","D","d","D",1.48206363893897
100,15,28,"aa",0,"bB",1,"cc",0,763,766,-1,-1,1,1,1,1,1,-1,1,1,"D","d","d","D","d","d","D","d","D","d","D","D","D","d","d","D","D","d","D","D","d","D","D","d","d","d","D","D","d","D","D","d","d","D","d","d","D","D","d","D","D","D","D","d","D","D","d","d","D",-3.25045158671414
100,15,29,"aA",1,"bb",0,"cC",1,763,717,-1,-1,1,-1,1,1,1,-1,1,1,"D","D","D","D","D","d","d","d","d","d","d","d","d","D","D","D","d","d","D","d","d","d","d","d","d","d","D","D","D","D","d","d","D","D","D","d","D","D","d","D","D","D","d","d","D","D","d","d","D",-1.08186355103318
98,15,30,"aA",1,"Bb",1,"cC",1,766,616,-1,-1,-1,1,1,-1,-1,1,1,-1,"d","d","d","d","D","D","D","D","D","D","d","D","d","d","D","D","D","D","D","d","D","D","d","d","D","D","d","d","D","d","d","d","d","D","D","D","D","d","D","D","D","d","d","D","D","D","d","D","D",0.576942978741164
97,15,31,"aa",0,"bb",0,"cC",1,766,668,-1,1,1,-1,1,-1,-1,-1,1,-1,"d","d","D","d","D","d","d","D","d","D","d","D","d","d","d","D","d","D","D","d","D","d","d","d","d","d","d","d","d","d","D","d","d","D","D","D","d","d","D","D","D","d","D","D","D","d","d","D","d",-0.0812039373364396
98,15,32,"Aa",1,"bB",1,"cC",1,768,816,1,-1,1,-1,-1,-1,1,-1,1,-1,"d","D","D","D","D","D","d","D","d","d","D","d","d","d","d","d","d","D","D","D","D","D","D","d","D","d","d","d","d","d","d","D","D","D","d","D","d","d","d","d","D","D","d","D","D","D","d","D","d",0.1313124522421
104,15,33,"Aa",1,"Bb",1,"cc",0,768,766,-1,-1,1,1,-1,1,1,-1,1,1,"d","D","d","D","d","d","d","D","D","d","D","d","D","d","d","d","D","D","D","D","d","D","d","d","D","d","d","d","d","d","D","D","D","D","D","D","D","d","d","D","D","d","D","D","D","D","D","D","D",2.44580668790426
100,15,34,"AA",2,"bB",1,"cC",1,866,771,-1,-1,-1,-1,1,1,1,-1,1,1,"d","D","D","D","d","d","d","D","D","D","D","D","D","D","D","d","d","D","d","D","D","d","D","d","D","d","d","D","d","D","d","d","D","d","D","d","d","d","D","D","D","d","d","d","D","D","D","d","D",0.524739870213256
104,15,35,"AA",2,"bb",0,"CC",2,769,818,-1,-1,-1,1,-1,1,1,1,1,1,"D","D","d","D","d","D","D","d","D","D","d","D","D","D","d","d","D","D","D","d","d","D","D","d","d","d","d","D","d","D","d","d","D","d","D","d","d","d","d","D","d","d","d","d","d","D","D","D","d",2.09584721386428
103,15,36,"Aa",1,"Bb",1,"Cc",1,723,629,1,1,1,-1,1,1,-1,1,-1,1,"d","D","d","D","D","D","D","d","D","D","d","D","d","d","D","D","d","d","d","D","D","D","d","d","D","d","d","D","d","d","D","d","d","d","D","D","d","D","D","D","D","D","d","d","D","D","D","D","D",-0.210293887729379
95,15,37,"AA",2,"BB",2,"cc",0,772,973,-1,-1,-1,-1,1,1,-1,-1,1,-1,"D","d","d","D","d","D","D","d","d","d","D","d","d","d","D","D","d","D","D","D","d","d","D","D","D","d","d","D","D","D","d","d","d","d","d","D","d","d","d","D","D","D","d","D","D","d","D","d","d",-0.774845084102896
98,15,38,"Aa",1,"BB",2,"CC",2,773,675,-1,-1,-1,-1,-1,1,1,1,1,1,"D","d","D","D","D","D","d","d","D","D","d","d","d","d","d","d","D","d","D","D","d","d","d","D","D","d","D","D","d","d","d","d","D","D","d","D","D","D","D","D","D","D","d","d","D","d","D","D","D",-1.56790312025403
97,15,39,"aa",0,"Bb",1,"CC",2,775,482,-1,-1,1,-1,-1,-1,-1,1,1,-1,"D","d","d","d","d","d","D","d","D","d","d","D","D","d","d","d","d","d","d","d","d","D","d","d","D","d","D","D","D","d","D","D","d","d","D","D","d","d","d","d","d","d","D","d","D","D","D","d","d",1.35054708278436
96,15,40,"aA",1,"Bb",1,"cC",1,775,1071,-1,-1,1,-1,-1,-1,-1,-1,1,1,"d","D","d","D","D","d","d","d","D","d","D","D","D","d","d","D","D","d","D","d","D","D","D","D","D","d","d","D","d","D","D","D","d","d","D","D","d","d","D","D","D","d","d","D","d","d","D","D","D",0.13375576454673
103,15,41,"aA",1,"bB",1,"cC",1,776,878,-1,-1,1,-1,1,-1,-1,1,1,1,"d","D","d","D","D","D","d","d","d","d","d","D","D","D","d","d","D","D","d","D","D","d","D","D","D","d","d","D","d","d","D","D","d","d","D","d","D","d","d","D","D","d","d","D","d","d","D","d","D",3.2725403500447
95,15,42,"Aa",1,"Bb",1,"Cc",1,777,620,1,-1,-1,1,-1,-1,-1,-1,-1,1,"d","d","d","d","D","D","d","D","D","D","d","D","D","d","D","d","d","D","D","d","d","d","D","D","D","d","D","D","D","D","d","d","d","d","D","D","d","D","D","D","D","d","d","d","d","d","D","d","D",-0.526760451746128
101,15,43,"aa",0,"BB",2,"cC",1,728,680,1,-1,-1,1,1,1,-1,-1,-1,1,"d","D","d","d","d","d","D","d","d","D","d","d","D","d","d","d","d","D","D","d","d","D","d","D","D","d","D","d","D","D","D","d","D","D","D","D","d","D","D","d","D","D","d","d","d","D","D","D","D",1.01752960572797
100,15,44,"aa",0,"bB",1,"CC",2,779,583,-1,1,1,-1,1,-1,1,-1,-1,-1,"D","D","D","d","D","D","D","D","d","D","d","D","d","D","D","D","D","d","D","D","D","D","d","D","D","d","d","D","d","d","d","d","d","d","d","D","d","D","d","D","D","d","d","d","D","d","D","d","D",2.61513932877648
103,15,45,"aA",1,"bb",0,"cC",1,780,587,-1,-1,1,1,1,-1,1,-1,1,1,"d","D","d","d","d","D","D","D","d","d","D","D","D","d","D","D","D","d","d","d","D","D","D","D","d","d","d","d","D","d","D","D","d","d","d","D","D","D","D","D","D","D","d","d","D","D","d","d","d",1.04324671763786
105,15,46,"aa",0,"bB",1,"cc",0,830,474,-1,-1,1,1,1,-1,1,1,1,1,"d","D","d","d","d","d","D","d","d","D","d","d","D","d","D","D","D","d","D","D","d","D","D","d","d","d","d","D","d","D","d","d","d","d","D","d","D","d","d","d","D","D","D","D","d","D","D","D","D",1.58232891941149
104,15,47,"Aa",1,"Bb",1,"Cc",1,782,535,1,1,1,-1,1,1,-1,1,1,1,"D","d","D","D","D","D","D","D","D","d","d","D","D","d","d","D","d","D","d","D","d","D","d","D","d","D","d","D","d","D","d","d","D","d","D","D","D","d","d","d","D","d","d","D","D","D","d","D","D",-1.93410701559887
98,15,48,"aA",1,"bb",0,"cC",1,684,777,-1,1,-1,-1,1,-1,-1,1,1,-1,"D","d","d","d","D","d","d","d","d","D","d","D","D","d","d","D","d","d","D","d","d","d","d","D","d","D","d","d","D","D","D","d","d","D","d","D","D","D","D","D","d","d","d","D","d","D","D","d","d",0.857546450452014
104,15,49,"aa",0,"Bb",1,"Cc",1,784,827,1,1,1,1,1,-1,-1,-1,1,1,"d","D","D","D","D","d","D","d","D","D","d","d","D","D","D","D","d","d","D","d","d","d","d","D","D","D","D","D","d","D","d","d","D","D","d","d","D","D","d","D","d","D","d","D","d","d","D","d","D",0.398381477547748
99,15,50,"aa",0,"bb",0,"cC",1,785,831,1,1,-1,-1,-1,1,1,-1,-1,-1,"D","D","d","D","D","D","d","D","D","d","D","D","D","D","d","d","d","d","D","d","d","d","D","D","D","D","D","D","D","D","D","d","d","D","D","d","D","d","D","D","D","D","d","D","d","d","D","D","d",1.75063903177133
101,16,1,"AA",2,"BB",2,"Cc",1,787,643,-1,1,1,1,-1,-1,1,1,-1,1,"D","D","D","d","D","d","d","d","D","D","D","d","d","D","d","d","d","d","D","D","d","D","d","D","D","d","d","D","d","d","d","D","D","D","D","D","d","d","d","d","d","d","d","D","d","D","D","d","D",-0.873194296637684
102,16,2,"aA",1,"Bb",1,"Cc",1,835,935,1,-1,-1,1,1,-1,1,1,1,-1,"D","d","D","d","D","d","D","d","d","D","D","D","D","D","D","D","D","D","d","d","d","D","D","D","D","d","D","d","d","D","D","d","D","D","d","D","D","D","D","D","d","d","D","d","D","d","d","D","D",0.277671241233638
99,16,3,"AA",2,"BB",2,"cc",0,739,987,1,1,-1,1,-1,1,1,-1,-1,-1,"D","D","D","d","D","d","D","D","D","D","D","D","D","D","D","d","d","d","d","D","d","D","D","D","D","D","D","D","D","d","D","D","D","d","d","D","D","d","d","D","D","d","d","d","d","d","d","D","d",-0.064140537651505
104,16,4,"aa",0,"Bb",1,"cc",0,789,740,-1,1,-1,1,1,-1,1,1,1,-1,"D","D","d","D","d","d","d","D","D","D","D","D","D","d","D","d","D","D","D","D","d","D","D","d","D","D","d","d","d","d","d","D","D","D","D","d","D","D","d","d","d","D","D","d","D","d","d","d","d",2.41405814266631
103,16,5,"aA",1,"Bb",1,"cc",0,838,1133,1,-1,1,1,-1,-1,1,-1,1,1,"D","D","d","d","D","d","d","D","D","D","D","D","d","d","d","D","D","D","d","D","d","D","D","d","d","D","D","d","d","d","D","d","D","D","d","D","D","D","D","D","D","D","d","d","d","D","D","D","D",1.83605582982089
102,16,6,"Aa",1,"bb",0,"cc",0,791,891,-1,-1,1,1,1,1,-1,1,1,-1,"D","D","D","d","d","d","d","D","d","d","D","d","d","d","d","d","D","d","d","d","D","d","D","d","d","D","d","D","d","D","D","D","d","D","d","d","d","D","D","D","d","d","d","d","D","d","d","D","D",0.299530141862024
104,16,7,"Aa",1,"bB",1,"CC",2,792,886,-1,1,-1,1,-1,-1,1,1,1,1,"d","d","d","d","D","D","d","d","D","d","D","D","D","D","d","d","D","d","D","d","d","D","D","d","d","D","d","D","d","d","D","D","d","d","d","D","D","D","d","d","d","d","D","D","D","D","d","d","d",2.39655646894954
99,16,8,"aA",1,"bb",0,"Cc",1,842,1134,-1,-1,-1,1,1,-1,1,1,-1,1,"d","D","D","d","D","d","d","d","D","D","d","d","D","d","d","d","D","d","d","D","D","d","d","d","D","d","D","D","d","d","d","d","d","d","D","D","d","D","D","D","D","D","D","D","D","d","D","d","D",-0.205023740290046
104,16,9,"Aa",1,"bb",0,"cc",0,794,697,1,-1,1,1,-1,1,-1,1,1,1,"D","D","D","d","d","d","d","D","D","d","D","d","D","d","d","d","d","D","D","d","d","d","d","d","d","D","D","d","d","D","d","d","D","D","d","d","D","D","D","d","D","D","D","D","D","D","D","d","d",0.376447389026358
99,16,10,"Aa",1,"BB",2,"cc",0,795,795,-1,-1,-1,1,1,-1,1,1,-1,1,"D","d","d","d","d","d","d","d","D","D","d","D","D","d","d","d","D","d","d","D","D","D","D","d","d","d","d","d","d","d","d","d","d","d","d","d","D","d","D","D","D","d","d","D","D","D","D","D","D",-0.725042903898492
99,16,11,"aa",0,"bB",1,"Cc",1,797,445,-1,1,1,-1,-1,-1,1,1,-1,1,"d","D","d","d","d","d","D","D","D","D","D","d","d","D","D","d","d","d","d","d","d","D","d","D","d","d","D","D","D","d","d","d","D","d","D","D","D","D","D","D","D","D","d","d","D","D","D","d","d",-0.486083842500306
98,16,12,"aa",0,"bB",1,"Cc",1,797,898,-1,-1,-1,-1,-1,1,1,1,-1,-1,"D","D","D","D","d","d","d","D","d","D","D","d","d","D","D","D","d","d","d","d","d","D","d","D","D","d","d","D","d","d","D","D","d","d","d","D","D","D","D","D","D","D","d","D","d","d","d","D","d",2.18123421610521
94,16,13,"Aa",1,"Bb",1,"cc",0,798,700,-1,-1,1,-1,-1,1,-1,-1,-1,-1,"d","d","D","D","D","D","d","D","d","d","D","D","d","D","d","D","d","D","D","D","d","D","D","D","D","D","D","D","d","d","d","d","d","D","D","d","D","D","d","D","d","D","d","D","d","d","D","d","d",0.978097098390126
102,16,14,"aa",0,"bb",0,"Cc",1,800,744,1,1,1,-1,-1,1,1,-1,1,-1,"d","D","D","d","d","D","d","d","D","D","D","D","D","d","d","d","d","D","D","d","D","d","d","D","D","d","d","d","d","d","d","d","d","d","D","D","d","d","D","D","D","d","d","d","d","d","d","D","d",0.523659187618528
106,16,15,"aA",1,"BB",2,"Cc",1,800,1284,1,1,1,-1,1,1,1,-1,1,1,"D","D","D","d","D","d","d","d","D","d","D","D","d","d","D","d","d","D","d","D","D","D","d","D","D","D","d","d","D","d","D","d","D","D","D","D","D","d","D","D","D","d","d","d","d","d","d","D","D",0.0832002378428711
96,16,17,"Aa",1,"bB",1,"cC",1,801,261,-1,-1,-1,-1,1,1,-1,-1,1,1,"d","D","D","d","D","D","D","D","D","d","D","D","D","D","d","D","D","d","D","d","d","D","D","D","d","d","D","D","d","d","d","d","d","D","d","D","d","D","D","D","D","D","d","d","D","D","d","D","D",-1.52593565278124
102,16,18,"Aa",1,"BB",2,"CC",2,753,906,-1,-1,1,1,-1,-1,1,1,1,1,"d","d","D","D","D","d","d","d","D","D","d","D","d","d","D","d","d","d","d","d","D","d","d","d","D","D","d","d","d","d","D","d","D","D","d","d","d","D","D","D","D","d","D","D","D","d","D","d","d",0.999120976484391
99,16,19,"aa",0,"bb",0,"Cc",1,705,749,1,-1,-1,-1,1,-1,-1,1,1,1,"d","D","D","d","D","D","D","D","D","d","D","D","D","D","D","D","d","D","D","d","d","D","d","D","D","D","d","D","D","D","d","d","d","d","d","d","d","d","D","d","d","D","D","D","d","d","D","D","d",-0.360877621200868
106,16,20,"aa",0,"Bb",1,"cc",0,803,757,-1,1,1,1,1,1,1,1,-1,1,"D","D","D","D","d","d","D","d","D","D","d","D","D","D","D","D","D","D","D","d","d","D","D","D","d","d","D","D","D","d","d","d","D","d","d","D","d","d","D","D","D","d","D","d","D","D","d","d","d",0.340153736315436
100,16,21,"AA",2,"bB",1,"cC",1,805,19,-1,-1,-1,-1,-1,1,-1,1,1,1,"d","D","d","D","D","D","d","d","d","D","D","D","D","D","d","d","D","d","d","d","d","D","D","D","d","D","D","D","D","d","d","d","d","D","D","D","D","D","D","D","D","d","d","D","d","d","d","D","D",2.58828515216771
101,16,22,"aa",0,"BB",2,"cC",1,805,611,-1,1,-1,1,-1,-1,-1,1,1,1,"D","D","D","D","d","D","D","d","d","D","d","D","d","d","d","d","D","d","D","d","D","D","d","D","d","D","D","D","D","d","d","d","d","D","D","D","D","D","d","D","d","d","d","D","d","d","D","D","D",1.36640124122588
99,16,23,"aA",1,"Bb",1,"CC",2,906,1399,-1,-1,1,-1,-1,-1,1,1,1,1,"d","D","D","D","D","D","D","D","d","d","D","d","D","D","d","d","D","d","D","D","D","d","d","D","d","d","d","d","D","D","d","D","d","d","d","d","D","D","d","d","d","D","D","D","D","D","D","d","d",-0.722713604607071
90,16,24,"Aa",1,"bb",0,"Cc",1,808,1002,-1,-1,-1,-1,-1,-1,-1,-1,-1,1,"d","D","d","d","D","D","D","d","d","D","d","d","d","d","D","D","D","d","D","D","d","D","d","D","d","d","D","D","d","d","d","d","D","D","d","D","D","D","D","d","d","d","D","D","d","D","D","D","d",-1.11982981598677
99,16,25,"aa",0,"BB",2,"CC",2,809,710,-1,-1,1,-1,-1,1,1,-1,-1,1,"D","D","D","d","D","d","d","d","D","D","d","d","d","d","D","d","d","D","D","d","d","D","D","D","d","D","d","D","d","d","D","D","D","d","D","D","D","d","d","d","d","d","d","D","D","d","D","d","d",1.71140821950762
98,16,26,"aa",0,"BB",2,"CC",2,809,614,-1,-1,1,-1,-1,-1,-1,1,1,1,"d","D","D","d","d","d","d","d","D","D","D","d","D","d","d","d","d","D","D","D","d","D","d","d","d","D","d","D","d","d","d","d","D","d","d","D","D","d","d","d","d","d","D","D","D","d","D","D","d",0.491967382583206
102,16,27,"aa",0,"bb",0,"Cc",1,810,716,-1,-1,1,-1,1,1,1,1,1,1,"D","D","D","D","D","d","d","D","d","D","D","D","D","d","d","D","D","D","D","D","d","D","D","D","d","d","D","d","D","d","d","D","D","D","D","d","d","D","d","D","d","D","d","d","d","D","D","d","d",-1.76053760364427
99,16,28,"aA",1,"Bb",1,"CC",2,957,956,1,-1,-1,1,-1,1,-1,1,1,-1,"d","D","d","d","D","D","d","d","D","d","d","D","D","d","D","D","d","D","D","D","d","D","d","d","D","d","d","d","d","d","D","d","d","d","d","d","D","d","d","d","D","D","d","D","d","d","D","D","D",-0.955171710794537
105,16,29,"aa",0,"bB",1,"Cc",1,811,811,1,-1,1,1,1,-1,-1,1,1,1,"d","D","D","D","D","D","d","d","D","D","D","d","d","d","D","d","d","D","D","d","D","d","d","D","D","d","D","D","d","D","d","d","d","D","D","D","D","d","D","d","d","d","d","D","D","D","D","d","d",1.25543637102788
99,16,30,"aa",0,"BB",2,"Cc",1,814,917,-1,-1,1,-1,1,-1,-1,-1,1,1,"D","d","d","d","D","D","d","D","d","D","d","D","d","d","d","D","d","D","d","d","D","D","d","d","D","D","D","d","D","d","d","d","d","D","D","d","D","D","D","D","d","d","d","d","d","D","D","d","d",1.03940157868351
95,16,31,"AA",2,"BB",2,"Cc",1,815,872,-1,1,1,1,-1,-1,-1,-1,1,-1,"D","D","d","d","D","D","D","d","d","D","d","D","d","D","D","D","D","d","d","D","d","D","D","D","D","D","D","d","d","d","d","D","D","D","d","d","D","D","D","D","d","d","d","d","D","d","D","d","d",-2.57802053307079
95,16,32,"Aa",1,"BB",2,"CC",2,816,1110,-1,1,-1,1,-1,-1,-1,-1,-1,-1,"D","D","D","d","D","d","d","d","d","D","D","d","d","d","d","d","d","D","D","d","D","d","d","D","D","d","d","d","D","d","D","D","d","D","D","d","D","D","d","D","D","d","D","D","D","d","d","D","d",1.07411152497615
100,16,33,"AA",2,"BB",2,"cc",0,768,818,-1,-1,1,1,-1,-1,-1,1,1,1,"D","D","D","D","D","D","D","D","d","d","D","d","D","D","d","d","D","D","D","d","d","D","D","d","d","d","D","d","d","d","d","D","D","D","D","D","d","d","d","D","d","D","d","D","d","D","d","D","d",0.00254542783669784
103,16,34,"Aa",1,"BB",2,"CC",2,818,818,1,-1,1,-1,1,1,1,1,1,1,"D","d","D","d","d","D","D","d","D","d","d","D","D","d","d","D","D","D","D","d","d","D","D","d","d","d","d","d","d","d","d","D","D","D","D","d","d","d","d","d","d","d","d","d","d","d","d","D","D",-2.52351207266371
103,16,35,"aA",1,"bB",1,"cC",1,819,1068,1,1,1,1,1,-1,-1,-1,1,1,"D","D","d","D","D","d","d","D","d","d","D","d","d","D","D","d","d","d","d","D","D","d","D","d","D","D","d","d","d","d","d","d","d","d","d","D","D","D","D","D","D","D","D","d","D","D","d","D","D",-0.235577565735696
100,16,36,"aa",0,"BB",2,"Cc",1,820,1015,1,1,1,-1,1,-1,1,-1,1,-1,"D","d","d","d","d","d","d","D","d","D","d","D","D","d","D","D","D","d","D","d","d","D","D","d","d","D","D","d","d","D","D","D","d","D","d","D","D","d","d","D","d","D","D","D","d","d","d","D","d",-1.93211330106782
98,16,37,"aa",0,"bb",0,"CC",2,821,922,-1,1,1,1,-1,-1,-1,-1,1,-1,"d","d","D","D","d","D","D","D","D","D","d","D","D","D","d","D","D","D","d","d","d","D","D","d","D","D","d","D","D","D","d","d","d","d","d","d","D","D","D","D","D","d","d","d","d","D","d","D","D",0.548253992407851
98,16,38,"aa",0,"bb",0,"cC",1,822,631,-1,1,-1,-1,1,-1,1,-1,1,1,"D","D","d","d","d","D","d","D","d","D","d","d","d","d","D","d","d","D","D","D","D","D","d","D","D","d","D","D","D","D","d","d","D","D","d","d","D","d","d","d","D","D","D","D","d","d","D","d","D",-1.92497267606673
96,16,39,"AA",2,"bB",1,"CC",2,823,919,-1,1,1,1,-1,-1,-1,-1,1,1,"D","D","D","d","D","D","d","d","d","D","d","d","d","d","d","d","D","D","d","d","D","D","d","d","D","d","D","D","D","D","d","D","d","d","d","D","d","D","D","D","D","D","d","d","d","D","d","d","d",-3.10168825503006
96,16,40,"AA",2,"bb",0,"cc",0,824,824,-1,-1,-1,1,-1,1,-1,1,-1,-1,"D","D","d","d","D","D","D","D","D","d","d","d","D","D","d","d","d","D","D","d","D","d","d","D","d","d","d","D","D","d","d","d","d","d","d","d","d","D","D","D","D","d","d","D","d","D","D","D","d",0.317498416915745
101,16,41,"aa",0,"BB",2,"CC",2,924,775,1,-1,1,1,1,-1,1,-1,-1,1,"D","D","D","d","d","D","D","d","d","d","d","d","D","D","d","d","D","D","d","D","d","D","D","D","D","d","d","d","d","D","D","d","D","d","d","D","D","d","d","D","D","d","d","D","D","d","d","d","d",-0.442995165915497
98,16,42,"aa",0,"bb",0,"cC",1,826,826,-1,-1,-1,-1,-1,-1,1,1,-1,1,"d","D","D","d","D","d","D","d","d","D","D","d","D","D","d","d","d","D","D","D","d","d","d","d","d","d","d","d","D","d","D","D","D","d","d","D","D","D","D","d","D","d","d","D","D","d","d","d","D",2.1952964402417
92,16,43,"aa",0,"bB",1,"cC",1,826,873,-1,-1,1,1,-1,-1,-1,-1,-1,-1,"d","D","d","D","d","d","D","d","D","D","D","d","D","D","D","d","d","D","D","d","D","D","d","d","d","d","D","D","d","d","d","D","d","d","d","d","d","D","D","D","d","d","d","D","D","d","d","D","d",-1.82740248802593
99,16,44,"aa",0,"bB",1,"cc",0,827,480,1,-1,1,-1,1,-1,-1,1,-1,1,"d","d","d","D","D","D","D","D","D","D","d","D","D","d","d","d","D","D","d","D","d","d","D","D","d","d","D","d","d","D","D","D","D","d","D","D","d","D","D","d","D","d","D","d","d","D","d","D","d",-0.632203848467128
94,16,45,"AA",2,"BB",2,"cc",0,781,1169,-1,-1,1,-1,-1,-1,-1,-1,1,1,"d","d","d","D","D","D","D","d","D","D","d","D","D","d","D","D","D","d","d","D","d","D","D","D","d","d","d","D","D","D","d","d","d","D","d","d","d","D","d","d","D","d","D","d","D","D","D","d","d",-1.51260912405962
102,16,46,"Aa",1,"BB",2,"Cc",1,879,682,1,-1,1,1,1,1,-1,-1,-1,1,"d","D","d","d","d","D","d","D","D","d","D","D","D","D","D","d","d","d","d","D","D","D","d","d","D","d","D","D","D","D","d","D","d","D","d","d","d","d","D","d","d","d","D","D","d","d","D","d","d",0.775451634455673
104,16,47,"Aa",1,"bB",1,"Cc",1,831,830,1,-1,-1,1,1,1,-1,1,1,1,"d","d","d","D","D","d","D","D","D","D","D","D","d","D","D","d","D","D","d","D","D","D","D","D","d","d","d","D","D","D","D","d","d","D","d","D","d","d","d","D","D","d","d","d","d","D","d","d","D",0.393875553752893
98,16,48,"AA",2,"bb",0,"cc",0,832,928,1,-1,1,-1,-1,1,1,-1,-1,1,"D","D","d","D","D","D","d","D","d","d","D","D","d","D","d","D","D","D","d","D","d","D","d","d","D","D","d","D","d","D","d","D","d","d","D","D","D","d","D","D","d","d","d","d","D","D","d","d","d",-1.88875966202317
99,16,49,"aA",1,"bb",0,"cc",0,834,478,-1,-1,1,1,-1,1,1,-1,1,-1,"d","d","D","d","D","D","D","D","d","D","D","D","D","D","D","d","D","d","D","d","D","d","D","D","d","D","d","D","D","D","D","D","d","D","d","d","D","D","d","d","D","D","d","d","D","d","D","d","D",-0.608905639582166
99,16,50,"aa",0,"bB",1,"cc",0,834,1029,-1,1,1,-1,1,-1,-1,1,-1,1,"d","D","d","d","D","D","D","D","D","d","d","D","D","D","D","d","d","d","d","D","D","d","d","D","D","d","d","d","D","D","D","D","d","D","d","d","D","D","D","d","d","d","D","d","d","d","d","d","D",-0.567347689997362
106,17,1,"aa",0,"bb",0,"cC",1,786,645,1,-1,-1,1,1,1,1,1,1,1,"d","D","D","D","d","d","d","d","d","D","d","D","d","D","D","D","d","d","d","D","d","D","D","d","d","d","d","d","d","d","d","d","D","D","d","D","d","d","D","d","D","d","d","d","D","d","d","d","D",0.689668091163146
101,17,2,"aa",0,"BB",2,"cc",0,788,688,-1,-1,1,1,1,-1,-1,1,-1,1,"D","D","D","D","d","d","d","d","d","d","D","d","D","D","d","D","D","d","D","D","d","D","D","d","D","d","d","D","d","D","D","d","D","d","d","D","d","D","D","d","d","d","d","d","D","d","D","D","d",1.41675342350175
100,17,3,"AA",2,"bB",1,"Cc",1,837,987,-1,1,-1,1,-1,1,1,1,1,-1,"d","D","d","D","D","D","D","d","d","D","d","d","D","D","D","D","d","D","d","D","d","D","D","D","D","d","D","d","d","d","D","d","D","d","d","d","D","D","d","d","d","D","d","D","d","D","d","D","d",-1.20571806899628
105,17,4,"aa",0,"BB",2,"cC",1,838,884,1,-1,1,1,-1,1,1,1,1,1,"d","D","D","d","D","d","d","D","d","D","D","D","D","d","d","D","D","D","d","D","D","D","D","d","d","D","d","d","d","d","d","d","d","D","d","D","D","D","D","D","D","D","d","D","d","D","d","D","d",-0.0634465722363302
93,17,5,"aA",1,"bB",1,"cc",0,840,1087,1,-1,-1,-1,1,-1,-1,-1,-1,-1,"D","d","d","D","d","D","D","D","d","d","D","d","D","D","D","D","d","d","D","D","d","d","d","d","D","D","d","d","D","d","D","d","D","d","D","d","d","d","d","D","D","d","d","d","D","d","d","D","d",-0.692432670094152
100,17,6,"Aa",1,"bb",0,"cc",0,791,937,-1,-1,1,-1,1,1,-1,1,1,-1,"D","D","d","d","D","d","d","D","d","d","D","d","d","d","D","d","d","d","d","d","D","D","D","d","d","d","d","D","d","D","D","D","D","D","d","d","D","D","d","D","D","d","d","D","d","d","d","d","D",0.211033434467747
95,17,7,"aA",1,"bB",1,"Cc",1,841,694,-1,1,-1,-1,-1,1,-1,-1,-1,1,"d","D","D","D","D","d","D","d","D","d","d","D","D","d","d","D","D","d","d","D","d","D","D","d","D","d","d","d","D","d","d","D","d","d","d","D","D","D","d","d","d","d","d","d","d","D","D","D","d",-0.636410816818032
94,17,8,"aA",1,"bb",0,"CC",2,842,746,1,-1,-1,1,-1,-1,1,-1,-1,-1,"D","D","D","D","d","d","d","D","D","D","d","d","D","d","d","d","D","d","d","D","d","D","D","d","D","d","D","D","d","d","d","d","d","d","d","D","d","D","D","d","d","d","D","D","D","d","D","D","D",-1.74292699158004
88,17,9,"aa",0,"bb",0,"cc",0,843,988,-1,-1,-1,-1,-1,-1,-1,-1,-1,-1,"D","D","D","D","D","d","d","d","d","d","d","d","D","D","d","D","d","D","D","d","D","d","D","d","d","d","D","D","d","D","D","d","d","d","d","d","d","D","D","D","D","D","d","d","d","D","d","d","d",-1.11360084527882
101,17,10,"aa",0,"BB",2,"Cc",1,844,988,-1,-1,1,-1,1,1,1,-1,1,1,"D","D","D","d","D","d","d","D","D","d","d","d","D","D","d","d","d","d","D","d","d","D","D","d","d","D","D","D","D","D","d","d","d","D","d","d","d","D","d","d","D","d","D","D","D","d","D","d","d",-0.00296177774965913
99,17,11,"aA",1,"bb",0,"cC",1,798,706,-1,-1,1,1,-1,1,-1,1,1,-1,"d","d","D","D","d","D","D","D","D","d","D","D","D","D","d","D","D","D","D","D","D","D","D","D","d","d","D","D","D","d","d","D","d","d","d","d","D","d","D","D","D","d","D","D","d","d","D","d","d",-0.986827848266051
94,17,12,"aa",0,"Bb",1,"CC",2,846,1141,-1,-1,-1,-1,-1,-1,1,-1,-1,-1,"D","d","D","D","d","d","D","D","D","D","D","D","d","d","D","d","d","D","d","d","D","D","d","d","D","D","D","D","d","d","D","d","d","d","D","D","d","D","D","d","d","d","d","D","d","D","D","D","d",2.62630282366901
99,17,13,"aA",1,"Bb",1,"CC",2,847,1147,-1,-1,-1,-1,1,1,-1,1,1,1,"D","d","d","D","d","d","D","D","d","D","D","D","d","D","d","d","d","d","D","D","d","d","D","d","D","d","D","D","d","D","D","d","d","D","d","D","D","D","D","d","d","D","d","D","D","D","d","d","d",-0.932319298465978
102,17,14,"aa",0,"bb",0,"Cc",1,849,16,-1,-1,1,-1,-1,1,1,1,-1,1,"d","D","D","D","d","d","D","d","D","D","D","D","D","D","d","d","d","d","d","D","D","d","D","d","d","d","d","D","D","D","d","D","d","D","d","D","D","D","D","D","D","d","D","D","D","D","D","d","d",2.14431751671086
97,17,15,"aA",1,"BB",2,"CC",2,850,899,1,-1,1,-1,1,-1,-1,1,-1,-1,"D","D","D","d","d","d","d","d","D","D","D","d","d","d","d","D","D","D","d","D","D","D","D","d","D","d","D","d","d","d","d","d","D","d","D","D","D","D","D","D","D","d","d","d","d","d","D","D","d",-0.622088347015195
90,17,16,"Aa",1,"BB",2,"cc",0,946,899,1,-1,-1,-1,-1,-1,-1,-1,-1,-1,"D","d","D","d","D","D","D","d","D","D","D","d","d","D","d","d","D","D","d","d","d","d","D","D","D","D","D","D","D","D","d","D","d","D","D","d","d","D","D","D","D","D","d","d","D","D","D","D","D",-1.33170512631382
100,17,18,"aA",1,"Bb",1,"cC",1,852,22,1,-1,1,1,-1,-1,1,-1,1,1,"D","d","D","d","d","d","D","D","d","d","D","d","D","d","D","D","D","D","D","d","d","d","D","D","D","d","d","D","d","d","d","d","D","d","D","D","d","d","D","d","D","d","d","d","d","d","D","d","D",-1.33261856450021
103,17,19,"Aa",1,"BB",2,"cc",0,853,700,-1,1,1,1,-1,1,1,1,1,-1,"d","d","D","D","d","D","d","d","d","d","D","D","D","D","D","d","d","d","D","d","d","d","D","D","D","D","d","d","d","d","d","D","D","D","D","D","D","D","d","D","d","D","d","d","D","D","D","D","D",-0.295404146696059
96,17,20,"aa",0,"BB",2,"cC",1,805,754,-1,1,-1,-1,-1,-1,-1,1,1,-1,"d","D","d","D","D","D","d","d","d","D","d","D","d","D","d","D","D","d","D","d","D","d","d","D","D","d","d","D","D","d","d","d","d","D","D","D","d","d","d","D","D","d","D","D","d","d","D","D","d",0.612342129593244
101,17,21,"Aa",1,"BB",2,"cc",0,854,1051,-1,-1,1,1,-1,-1,1,-1,1,1,"d","d","d","D","D","D","d","d","d","D","d","D","d","D","d","d","D","d","D","D","d","D","D","D","d","d","d","d","D","d","D","d","d","d","D","D","D","D","D","D","d","d","D","D","d","D","d","D","D",1.08540937402706
94,17,22,"Aa",1,"Bb",1,"cC",1,855,1055,-1,-1,-1,1,-1,-1,-1,-1,1,1,"d","d","D","d","D","d","D","D","D","d","D","D","d","d","d","d","D","D","D","d","d","d","D","D","d","D","D","d","d","d","d","D","d","d","d","D","d","D","d","d","D","d","D","d","D","D","d","d","d",-1.00959481644913
106,17,23,"AA",2,"bB",1,"cC",1,905,954,1,-1,1,1,1,1,-1,1,1,1,"D","D","d","d","d","d","d","d","d","D","d","d","D","d","d","D","D","D","D","D","d","D","d","D","D","D","D","D","d","d","d","d","D","d","d","D","d","D","d","D","D","d","D","D","d","D","D","D","d",0.662247472274214
105,17,24,"AA",2,"bb",0,"CC",2,807,1100,-1,1,1,-1,1,1,1,-1,1,1,"d","d","d","d","d","D","d","D","d","d","d","D","D","d","D","d","D","D","d","d","D","D","D","d","d","D","d","d","D","D","D","D","D","d","d","d","D","d","D","d","D","D","d","D","D","D","d","d","D",1.4312996507649
102,17,25,"aa",0,"Bb",1,"cc",0,807,915,-1,-1,1,-1,1,1,1,1,1,-1,"D","d","D","d","d","D","D","d","D","d","d","D","D","d","d","d","d","D","d","d","d","D","D","d","D","D","D","d","D","D","d","D","D","D","D","D","D","d","D","d","d","d","d","d","d","D","D","D","d",0.118789484544612
96,17,26,"aa",0,"bB",1,"CC",2,858,662,-1,-1,1,-1,1,1,-1,-1,-1,1,"D","d","d","d","D","D","D","d","D","D","d","D","d","D","d","d","d","D","D","D","D","D","D","d","d","d","d","D","d","d","d","d","d","D","D","d","D","D","D","D","d","D","d","D","D","d","d","D","d",-1.87086423627392
109,17,27,"Aa",1,"Bb",1,"Cc",1,861,814,-1,1,1,1,1,1,1,1,1,1,"D","D","d","D","d","d","d","D","D","d","D","D","D","D","D","d","D","d","D","d","d","D","D","d","D","d","d","D","d","d","d","d","d","D","D","D","d","d","d","d","D","d","d","d","D","D","D","d","d",1.8484092738531
102,17,28,"AA",2,"Bb",1,"cc",0,861,860,-1,1,1,1,1,-1,1,1,1,1,"D","D","D","D","d","d","d","D","d","d","D","d","D","d","D","D","D","d","d","d","D","D","D","d","d","d","D","D","d","d","d","d","d","d","d","D","d","d","d","d","d","D","d","d","D","D","d","D","d",-3.46798661594358
101,17,29,"aa",0,"Bb",1,"cc",0,813,1094,-1,-1,1,-1,1,-1,1,-1,-1,1,"d","D","d","D","D","d","D","D","D","D","d","d","d","d","d","D","d","D","D","d","D","D","D","d","d","d","d","D","D","d","D","d","D","d","D","d","d","D","D","d","D","D","D","d","D","d","D","d","d",3.2776546270554
97,17,30,"aA",1,"bb",0,"CC",2,862,710,-1,1,1,-1,-1,1,-1,-1,1,1,"D","d","D","D","D","D","d","D","d","D","D","D","D","D","D","D","d","D","D","D","d","d","d","D","D","d","d","D","d","d","D","D","d","d","D","D","D","d","D","D","d","d","d","D","D","D","d","D","d",-2.04580320884173
99,17,31,"Aa",1,"BB",2,"cc",0,864,1602,-1,-1,-1,1,-1,-1,1,-1,1,1,"D","d","D","D","d","d","D","d","D","d","D","d","d","d","d","d","D","D","d","D","D","d","D","d","D","d","d","d","D","D","D","D","d","d","d","D","d","D","D","D","d","d","D","d","d","D","D","d","D",1.36652354416993
94,17,32,"Aa",1,"bB",1,"CC",2,865,816,-1,-1,1,1,-1,-1,-1,-1,-1,-1,"d","D","D","d","D","D","d","D","D","d","D","d","d","d","d","d","d","d","D","D","D","D","D","D","D","D","d","D","d","D","d","d","D","D","D","D","D","d","d","D","d","d","d","D","D","d","d","d","D",0.899190656397037
100,17,33,"aa",0,"bB",1,"Cc",1,915,914,-1,1,-1,1,1,-1,1,-1,-1,1,"D","D","d","d","d","D","d","D","D","d","d","d","D","d","d","d","d","D","D","D","D","D","D","D","D","D","d","D","D","d","d","D","d","D","d","D","d","d","d","D","d","D","D","D","D","d","d","d","D",0.6656552105927
100,17,34,"Aa",1,"bB",1,"cc",0,818,766,1,-1,-1,-1,1,1,1,-1,1,1,"D","D","d","d","d","D","D","D","D","D","D","D","D","d","D","D","D","D","D","d","d","D","D","d","D","d","D","d","d","d","d","D","d","D","D","d","D","d","d","d","D","d","D","D","D","D","D","D","D",-1.34526091758733
105,17,35,"aa",0,"BB",2,"Cc",1,868,1016,1,-1,1,-1,1,-1,1,1,1,1,"D","D","D","D","D","D","d","d","D","d","D","d","d","D","d","d","D","d","d","D","d","D","d","D","d","D","d","D","D","D","D","D","D","d","D","D","d","D","d","d","d","D","d","d","D","D","d","d","d",1.68110102331078
97,17,36,"aA",1,"bb",0,"CC",2,869,674,-1,1,1,-1,1,-1,-1,1,1,-1,"D","D","D","d","D","D","D","d","D","d","d","D","d","D","d","D","D","D","D","D","d","D","D","d","d","d","D","d","D","D","D","d","d","d","D","d","d","D","d","d","D","d","D","D","D","d","D","D","d",-2.10741792762858
100,17,37,"aa",0,"bB",1,"Cc",1,869,669,-1,-1,-1,1,1,-1,1,1,1,1,"d","d","D","d","D","d","d","d","D","d","d","D","D","D","d","D","d","D","D","D","D","D","d","d","D","d","D","d","D","D","d","d","d","D","d","d","D","D","D","d","D","d","d","D","d","d","d","D","d",-1.23192220273188
103,17,38,"aa",0,"bB",1,"Cc",1,823,727,-1,-1,1,1,1,1,1,-1,1,-1,"D","d","d","d","d","D","D","d","D","D","D","d","D","d","D","d","D","D","D","d","d","D","d","d","D","d","D","D","d","D","d","D","d","d","D","D","D","D","D","d","d","D","d","d","D","d","D","d","d",1.59656657354791
98,17,39,"AA",2,"Bb",1,"cC",1,872,1068,-1,-1,1,1,-1,-1,1,-1,1,1,"d","d","d","D","D","D","D","d","d","d","D","D","D","D","D","D","D","d","d","D","D","D","D","D","D","D","d","d","D","d","D","D","d","d","d","D","D","D","D","d","d","d","D","D","d","d","D","D","D",-1.40628586125667
99,17,40,"aA",1,"BB",2,"CC",2,873,582,-1,-1,1,1,1,1,-1,-1,1,-1,"D","d","D","D","d","D","d","d","D","D","D","D","D","D","D","D","D","D","d","d","d","d","d","D","D","d","d","d","D","d","D","d","d","D","d","D","d","D","D","d","d","d","d","D","d","d","D","d","D",-0.155084995507558
99,17,41,"aA",1,"bb",0,"Cc",1,874,875,1,-1,-1,1,1,1,-1,-1,-1,1,"d","d","d","d","d","D","D","D","d","D","D","d","d","d","D","d","D","d","D","d","d","D","D","D","d","d","d","d","d","D","d","d","D","d","d","D","D","d","D","d","d","d","d","D","D","D","d","D","d",-0.258622163587224
101,17,42,"aA",1,"bb",0,"cc",0,827,779,-1,-1,1,1,1,1,1,-1,-1,-1,"d","D","D","D","D","D","D","D","D","D","D","D","D","D","D","d","d","D","D","D","d","d","d","D","D","D","d","d","d","d","D","D","d","d","d","D","D","D","D","d","D","d","d","d","d","D","D","D","d",1.32083973852353
99,17,43,"Aa",1,"bb",0,"cc",0,876,537,-1,-1,1,-1,1,1,1,1,-1,1,"d","D","D","D","d","d","D","d","d","D","D","D","d","d","D","d","D","D","D","D","d","D","D","d","D","D","d","D","d","D","D","d","d","D","D","d","d","d","d","D","D","D","d","d","D","d","d","d","D",-2.97834500960607
102,17,44,"aa",0,"BB",2,"CC",2,828,686,1,-1,1,-1,1,1,1,-1,1,-1,"D","d","D","d","D","D","D","D","d","d","D","d","D","D","d","D","D","D","d","d","D","D","D","D","d","D","D","D","D","d","D","d","D","D","d","d","D","d","d","d","d","d","D","d","d","d","d","d","d",0.895771488059119
97,17,45,"Aa",1,"Bb",1,"cc",0,878,733,-1,-1,-1,-1,-1,1,1,-1,1,1,"D","d","D","D","d","d","d","d","D","d","d","D","D","d","d","D","D","D","d","D","d","D","d","D","D","d","D","D","d","D","D","d","d","d","D","D","d","D","D","d","D","d","D","d","D","D","D","D","d",-0.209902319663059
103,17,46,"aA",1,"Bb",1,"cc",0,880,1221,-1,1,-1,1,1,1,-1,-1,1,1,"d","d","D","D","D","D","d","D","D","d","D","D","d","d","d","D","d","D","d","d","d","D","d","D","d","D","D","D","d","d","D","d","d","d","d","D","D","d","D","D","d","d","d","d","d","D","D","D","d",1.2767414814711
96,17,47,"aa",0,"Bb",1,"cC",1,880,831,-1,1,-1,-1,-1,1,-1,1,1,-1,"d","d","D","D","D","D","d","d","D","d","D","D","D","d","D","d","d","d","D","D","d","D","D","D","D","D","d","D","D","D","D","d","d","D","D","D","D","d","d","D","D","d","d","d","D","D","D","D","d",-1.10758611776069
103,17,48,"Aa",1,"bB",1,"cC",1,881,829,1,1,1,1,-1,1,1,-1,1,1,"D","D","d","d","D","D","d","D","d","D","D","d","d","D","D","D","D","D","d","D","D","d","D","D","D","D","D","D","d","d","D","D","d","d","d","D","d","D","d","D","d","D","d","d","D","D","d","d","D",-2.84566989825248
102,17,49,"Aa",1,"Bb",1,"CC",2,930,1078,-1,1,1,1,1,1,-1,1,-1,-1,"D","D","d","D","D","D","d","D","D","D","d","D","d","d","d","D","d","d","D","D","D","D","D","d","d","d","d","D","d","D","D","d","D","D","d","d","d","d","d","d","d","d","d","D","d","D","d","d","d",0.552066885737608
97,17,50,"AA",2,"Bb",1,"cc",0,883,589,1,1,-1,-1,-1,-1,-1,1,-1,1,"D","D","D","D","d","D","D","d","d","d","D","D","d","D","d","d","D","d","D","D","d","d","D","D","D","D","d","D","D","D","D","d","D","d","D","d","d","D","D","D","D","d","d","d","d","d","D","d","d",-0.689278552325856
102,18,1,"aa",0,"BB",2,"cc",0,884,933,-1,-1,1,1,1,1,-1,1,1,1,"D","D","D","D","d","d","D","d","d","D","d","D","D","D","d","D","d","d","D","D","D","D","D","d","d","d","D","d","D","d","d","D","D","D","d","D","d","d","D","D","D","d","D","d","d","d","d","d","d",-1.83786718116219
99,18,2,"AA",2,"bb",0,"cc",0,836,837,-1,-1,1,1,1,-1,-1,-1,-1,1,"D","d","d","D","D","d","D","d","d","d","d","D","d","D","D","d","D","D","D","D","D","D","D","d","D","D","d","D","D","d","d","D","d","d","D","d","d","D","d","D","d","d","D","d","D","d","D","d","D",1.01136650648433
104,18,3,"aA",1,"Bb",1,"cC",1,838,739,1,1,1,1,-1,-1,1,1,1,1,"d","D","D","d","D","d","D","D","D","D","d","D","D","d","D","d","d","D","d","D","d","D","D","d","D","D","D","d","d","d","d","d","d","D","D","D","d","D","D","D","D","D","d","D","d","D","d","D","D",-1.9214521513695
96,18,4,"aA",1,"bb",0,"cC",1,936,1522,-1,1,-1,1,1,1,1,-1,-1,-1,"d","D","d","d","d","D","d","d","d","D","D","D","d","d","d","d","D","D","d","d","d","d","D","D","d","D","d","d","d","d","D","d","D","d","D","d","D","D","D","d","D","d","D","d","D","d","d","D","D",-3.34952150405742
97,18,5,"aA",1,"bB",1,"CC",2,887,300,1,-1,-1,-1,-1,1,1,-1,1,-1,"d","d","D","d","d","D","d","D","D","D","d","D","D","d","d","D","D","D","D","D","d","D","D","D","d","D","d","D","D","D","D","d","D","D","D","D","D","D","D","D","D","D","D","D","d","d","D","d","d",-0.434307683389498
99,18,6,"aA",1,"BB",2,"cc",0,889,1278,1,-1,-1,-1,-1,1,-1,1,1,1,"d","d","D","d","D","d","d","D","D","d","D","D","d","D","d","D","D","D","d","d","d","D","d","D","d","d","d","D","D","d","d","D","D","d","D","D","D","D","D","d","D","D","d","D","D","d","d","d","D",-0.698222977123868
98,18,7,"aA",1,"Bb",1,"cc",0,890,983,1,-1,1,-1,1,-1,-1,1,-1,1,"D","d","D","D","D","D","d","D","D","d","d","d","D","D","d","d","d","d","d","d","d","d","D","D","D","D","D","D","d","D","D","D","D","d","d","D","D","d","D","d","d","d","d","D","D","d","D","D","D",-1.11919732585019
101,18,8,"aA",1,"bb",0,"Cc",1,891,991,1,-1,1,-1,-1,-1,1,1,1,1,"d","D","d","d","d","d","D","D","D","D","d","D","d","d","d","D","d","d","d","D","d","d","D","D","D","d","D","d","d","D","D","d","d","d","D","D","d","D","D","d","d","d","d","d","D","d","d","D","D",-0.249420319656744
98,18,9,"Aa",1,"bB",1,"Cc",1,893,844,-1,-1,-1,1,1,-1,-1,1,1,1,"d","d","D","d","d","d","d","D","D","D","d","d","D","d","D","d","d","D","D","d","d","D","d","d","d","d","D","D","D","d","D","d","D","D","D","d","D","d","D","D","d","D","d","D","d","d","D","D","d",-1.01492182262855
100,18,10,"aa",0,"bb",0,"cC",1,844,797,-1,-1,1,-1,1,-1,1,1,1,1,"D","D","D","d","d","d","d","D","D","d","D","D","d","d","D","d","D","D","d","d","d","D","d","d","D","D","d","D","D","D","d","D","D","D","d","d","D","D","D","D","D","d","d","d","d","d","d","d","d",-1.9615254637527
95,18,11,"aA",1,"BB",2,"Cc",1,894,794,-1,-1,-1,1,-1,1,-1,-1,1,1,"d","D","D","D","d","d","d","D","d","d","d","d","d","d","d","D","d","d","D","D","D","D","D","d","d","d","D","D","d","D","d","d","d","D","D","d","d","D","D","D","d","D","D","d","D","d","D","d","d",-2.18514942006221
92,18,12,"aa",0,"BB",2,"Cc",1,895,751,1,-1,-1,-1,-1,-1,1,-1,1,-1,"D","d","d","d","d","D","d","D","d","D","d","d","D","D","d","D","d","d","d","D","D","d","d","D","D","D","D","d","D","d","d","d","d","D","D","D","d","D","D","d","d","d","D","D","D","D","d","d","D",-3.36252782559426
104,18,13,"aa",0,"Bb",1,"cC",1,896,804,-1,1,-1,1,1,1,-1,1,1,1,"d","d","d","D","d","d","D","D","d","d","D","D","D","d","d","D","D","d","D","D","D","D","d","d","d","D","d","d","d","d","d","d","D","d","d","d","d","d","D","D","D","d","D","D","D","d","d","d","d",0.514374383179173
100,18,14,"AA",2,"BB",2,"cC",1,897,947,1,-1,-1,-1,-1,1,1,-1,1,1,"d","d","D","D","d","d","d","d","d","d","D","d","D","d","d","D","d","D","d","D","d","D","d","d","D","d","D","d","d","d","d","d","d","D","d","D","D","D","d","d","D","D","d","d","D","d","d","d","D",0.0464253643094052
94,18,15,"Aa",1,"BB",2,"cc",0,947,989,-1,-1,1,-1,1,-1,-1,-1,1,-1,"d","D","D","D","d","d","D","d","d","D","d","D","d","D","d","d","d","d","D","D","d","D","d","D","D","D","D","d","d","d","d","d","d","D","D","d","d","D","D","D","D","d","d","D","D","d","D","d","d",-1.27280428393143
98,18,16,"Aa",1,"bB",1,"CC",2,899,805,1,-1,-1,-1,-1,-1,1,-1,-1,1,"d","D","D","D","D","d","d","D","d","D","D","d","D","D","d","D","D","d","d","d","d","D","D","D","D","D","D","D","D","d","d","d","d","D","D","D","D","D","d","D","D","d","d","D","D","D","d","d","D",2.30073679464987
105,18,17,"aA",1,"bb",0,"cc",0,900,950,-1,1,-1,1,-1,1,-1,1,1,1,"D","D","D","d","d","D","d","D","D","D","D","d","D","d","D","D","D","d","d","D","D","D","D","D","d","d","D","D","d","d","d","D","D","D","D","D","D","d","D","d","d","d","d","D","d","D","D","d","d",3.63827249381368
99,18,19,"aa",0,"Bb",1,"cc",0,902,900,1,-1,-1,-1,1,-1,1,-1,1,1,"d","d","D","D","d","D","D","d","D","d","d","d","d","D","D","D","D","d","d","D","D","D","D","D","D","d","d","D","D","d","d","d","D","D","D","D","D","D","d","D","d","D","d","d","D","D","D","d","d",-0.479966688117009
100,18,20,"aa",0,"BB",2,"cC",1,952,658,-1,-1,-1,1,1,-1,1,-1,1,1,"d","D","d","D","d","d","d","D","D","d","D","d","d","D","D","d","d","d","d","d","D","D","d","D","d","D","d","d","D","d","D","d","d","D","d","D","D","d","D","D","d","d","d","d","D","D","d","d","d",0.178142772168398
105,18,21,"Aa",1,"BB",2,"Cc",1,903,999,-1,1,1,1,-1,-1,1,1,1,1,"d","d","d","D","d","d","D","D","d","D","d","D","d","D","d","D","d","D","d","D","d","D","D","d","D","d","d","d","d","d","d","d","d","d","d","D","D","d","d","d","d","d","d","D","d","d","d","D","d",1.37884746766539
104,18,22,"AA",2,"BB",2,"Cc",1,954,772,-1,-1,-1,-1,1,1,1,1,1,1,"d","d","d","d","D","D","D","d","d","D","D","D","d","d","d","d","D","d","D","d","D","d","d","D","d","D","d","d","D","d","d","D","d","d","d","D","D","d","d","D","D","D","D","d","D","D","d","d","d",2.52372830026799
100,18,23,"AA",2,"bB",1,"cC",1,905,903,-1,-1,-1,1,1,-1,-1,1,1,1,"d","D","D","d","D","d","d","d","D","d","D","d","D","D","D","d","D","D","D","D","D","D","D","D","d","D","d","D","d","d","d","d","d","D","d","D","d","d","d","d","D","d","D","d","d","D","D","D","D",0.250706104796295
100,18,24,"aa",0,"Bb",1,"Cc",1,957,905,-1,1,1,1,-1,-1,-1,-1,1,1,"D","D","D","d","D","d","d","d","d","D","d","d","d","D","D","D","D","D","D","D","d","D","D","d","d","d","D","d","D","d","d","d","d","d","d","d","D","d","d","d","D","D","d","D","d","d","D","D","D",0.744299006135487
99,18,25,"Aa",1,"bB",1,"cc",0,907,852,-1,1,-1,1,1,-1,1,-1,1,-1,"D","d","d","d","D","d","d","D","D","D","D","d","D","d","D","D","d","d","D","D","d","D","d","D","D","D","d","d","D","d","d","d","d","d","d","D","D","D","d","d","d","d","d","d","D","d","D","D","d",-0.00432185530680698
105,18,26,"aA",1,"Bb",1,"cc",0,908,660,1,1,1,-1,-1,-1,1,1,1,1,"D","D","d","D","d","D","d","d","d","D","D","D","D","d","D","D","D","D","D","D","d","d","D","D","D","D","d","d","d","d","d","D","d","d","D","d","D","D","d","d","d","D","D","D","D","d","d","d","D",1.15473122548029
103,18,27,"Aa",1,"bB",1,"cC",1,909,608,1,-1,1,-1,-1,-1,1,1,1,1,"d","d","D","D","d","D","D","D","D","D","d","d","d","d","D","d","d","d","D","d","d","D","D","D","D","d","D","d","d","d","D","d","d","d","D","d","D","d","D","d","d","d","d","d","d","D","d","D","D",1.95051752405343
99,18,28,"aA",1,"BB",2,"cC",1,910,910,1,1,-1,-1,-1,1,-1,-1,1,-1,"D","d","D","d","D","d","d","d","D","D","D","D","D","D","d","d","D","D","D","d","D","D","d","d","D","d","d","d","d","d","d","D","D","d","d","D","d","D","D","D","d","D","D","d","d","d","d","d","D",1.28202636967369
105,18,29,"aa",0,"BB",2,"CC",2,911,850,1,1,-1,1,1,-1,-1,1,1,1,"d","D","D","D","d","D","D","D","d","d","D","D","d","d","d","D","d","D","D","D","D","d","D","d","d","d","d","D","d","d","d","d","d","d","d","D","D","D","D","D","D","D","d","D","D","D","d","D","D",1.86955133873036
94,18,30,"aA",1,"bb",0,"cc",0,912,863,-1,-1,-1,-1,1,-1,1,-1,-1,-1,"d","D","D","d","D","d","d","D","D","D","d","d","d","D","D","d","d","d","d","d","d","D","d","D","d","d","d","D","D","D","D","D","D","d","d","D","d","d","d","D","d","D","d","D","D","D","D","d","d",0.510833564120057
98,18,31,"aa",0,"bB",1,"cc",0,913,764,-1,-1,-1,-1,1,1,1,1,1,-1,"D","d","D","D","d","D","D","D","d","D","D","D","d","D","d","d","D","D","d","D","D","D","D","d","D","d","d","D","D","d","D","D","D","d","D","d","d","d","D","D","D","d","D","d","D","D","d","D","D",-1.21617647826067
98,18,32,"aa",0,"bB",1,"Cc",1,915,918,-1,-1,-1,1,-1,-1,1,1,-1,1,"d","D","d","d","D","d","d","D","D","d","D","d","D","d","D","d","D","D","D","D","d","D","D","D","D","D","D","D","D","d","D","d","d","D","d","d","D","D","D","D","d","D","d","d","D","d","d","d","D",0.133281167156172
96,18,33,"aa",0,"bb",0,"cC",1,914,613,1,-1,-1,-1,-1,-1,-1,-1,1,1,"D","d","d","D","D","d","d","D","d","d","D","D","d","d","D","D","D","D","D","D","d","D","d","D","D","d","D","D","D","d","D","D","d","d","D","d","D","d","D","d","D","d","D","D","D","d","d","D","d",0.473812014908901
103,18,34,"AA",2,"Bb",1,"CC",2,916,678,-1,-1,1,1,1,1,-1,1,1,1,"d","D","d","D","D","d","d","d","D","d","D","D","d","d","d","d","d","D","d","D","D","D","D","D","d","d","d","d","d","d","D","D","D","d","d","D","d","D","D","D","D","d","d","D","D","D","d","d","D",-0.891696085318222
94,18,35,"aa",0,"bB",1,"cC",1,917,1302,-1,-1,-1,1,-1,-1,-1,-1,1,1,"d","d","D","D","d","d","D","D","D","d","d","D","d","D","D","d","D","d","D","d","d","d","d","D","d","D","d","d","d","d","d","D","d","D","d","D","D","D","D","D","d","D","d","d","d","D","D","d","d",-1.27139160620144
104,18,36,"aA",1,"Bb",1,"Cc",1,918,869,1,-1,1,-1,1,1,1,-1,1,1,"d","d","D","D","d","D","D","D","d","D","d","D","d","D","D","d","D","D","D","D","D","D","D","d","D","D","d","D","d","D","D","D","d","D","d","D","D","D","D","d","d","D","d","d","D","d","d","d","D",0.952566560334772
95,18,37,"aa",0,"Bb",1,"Cc",1,918,769,-1,-1,-1,-1,1,-1,-1,1,1,1,"D","d","D","D","d","D","d","D","d","D","D","D","D","D","D","d","d","D","D","d","d","D","D","D","D","d","d","D","D","D","D","d","d","D","d","D","d","D","D","d","D","d","D","D","d","d","D","d","D",-2.27156882635334
97,18,38,"aa",0,"bb",0,"CC",2,920,826,-1,-1,1,1,1,-1,-1,1,-1,-1,"d","d","d","D","D","d","d","D","d","D","D","D","D","D","D","d","d","d","D","d","D","D","d","D","d","d","d","D","D","D","D","d","D","d","d","D","d","D","D","D","D","d","d","D","D","D","d","d","d",-0.27106456906331
98,18,39,"aa",0,"bb",0,"Cc",1,920,822,1,-1,-1,-1,1,1,-1,1,-1,1,"d","d","D","D","d","D","D","D","D","d","D","D","D","D","d","D","d","d","D","D","d","d","D","D","D","d","d","d","D","D","d","d","d","d","D","D","d","D","d","d","d","D","d","d","D","D","D","d","D",-1.54881572760132
94,18,40,"AA",2,"bB",1,"Cc",1,921,872,1,-1,-1,-1,-1,-1,-1,-1,-1,-1,"d","D","d","d","D","D","D","d","D","D","d","D","d","d","D","D","D","D","D","d","D","d","D","d","D","d","D","D","d","d","D","D","D","d","d","d","D","d","D","D","d","d","d","D","d","D","d","d","D",2.63646669991487
99,18,41,"Aa",1,"Bb",1,"Cc",1,972,625,-1,-1,-1,-1,1,1,-1,-1,1,1,"d","d","D","d","d","d","d","d","D","D","d","D","d","d","D","d","d","D","d","D","d","d","D","D","D","d","d","D","d","D","D","d","D","d","D","d","D","D","D","d","D","d","d","d","D","d","d","d","d",1.16261796451741
100,18,42,"aa",0,"bb",0,"cC",1,925,874,1,-1,1,-1,-1,-1,1,1,-1,1,"D","D","D","D","d","d","D","D","D","d","D","D","d","D","D","d","d","d","D","D","d","d","D","D","D","d","d","D","d","d","d","D","D","D","d","D","D","d","d","D","d","d","d","d","d","d","D","d","D",0.400165904947163
98,18,43,"Aa",1,"bb",0,"cC",1,876,1168,-1,1,1,-1,1,-1,1,-1,-1,-1,"d","D","D","D","d","d","d","d","d","d","d","D","d","d","D","D","d","D","D","D","d","D","D","d","d","D","d","D","D","D","D","d","d","D","d","d","D","d","d","D","d","D","D","d","d","D","D","d","D",0.597245243146949
103,18,44,"AA",2,"bb",0,"cC",1,926,932,-1,1,1,1,1,1,-1,1,-1,1,"d","D","D","d","D","d","D","d","D","D","D","D","d","d","D","D","d","d","D","D","d","d","d","d","D","d","d","d","d","d","d","d","d","d","d","D","D","d","D","d","d","d","d","D","D","d","d","D","D",-0.449252714304194
101,18,45,"aA",1,"bb",0,"cC",1,878,784,-1,1,-1,1,1,1,1,-1,-1,1,"d","d","D","D","d","d","d","d","D","d","D","d","D","d","d","D","d","D","d","d","d","D","D","D","D","d","D","d","D","D","D","D","d","D","D","d","d","d","D","d","D","d","d","d","d","D","d","D","d",-0.725614985485122
95,18,46,"Aa",1,"bb",0,"cC",1,928,977,-1,1,-1,-1,1,-1,-1,-1,1,-1,"D","D","D","d","D","d","D","d","D","D","D","d","D","d","d","d","d","d","d","d","D","d","d","D","D","d","d","d","d","d","d","d","D","D","D","D","d","D","d","d","d","d","D","D","d","d","d","D","d",-0.37244373851239
100,18,47,"Aa",1,"bB",1,"cC",1,929,782,1,1,1,1,-1,1,1,-1,-1,-1,"D","D","d","D","D","D","D","D","D","d","d","D","D","d","d","d","D","d","D","d","D","D","D","D","D","d","D","D","D","d","d","d","d","d","d","d","D","D","D","D","d","d","d","D","d","d","D","D","D",-1.28907156598999
99,18,48,"AA",2,"BB",2,"cC",1,882,1422,1,1,-1,1,-1,-1,1,-1,-1,1,"D","d","d","d","d","D","D","D","D","d","D","D","d","D","D","d","d","D","D","D","D","d","d","d","D","D","d","d","D","d","d","D","D","d","D","d","D","D","d","D","d","d","d","d","D","d","d","D","d",-0.787866327006474
106,18,49,"aa",0,"Bb",1,"Cc",1,980,1175,-1,1,1,1,1,1,-1,-1,1,1,"D","D","d","d","d","D","d","d","D","D","D","D","d","D","D","d","D","d","d","d","d","d","D","D","D","D","d","D","D","d","D","d","D","D","d","d","d","d","d","d","d","d","D","D","d","d","d","d","d",2.19058732185325
108,18,50,"AA",2,"bB",1,"Cc",1,932,882,1,1,1,1,1,1,1,1,1,-1,"D","D","d","D","d","D","D","D","D","D","d","d","D","D","d","d","d","d","D","d","D","d","d","D","d","D","D","D","D","D","D","d","D","D","d","D","D","D","D","d","D","d","d","D","D","D","d","d","d",0.0457925842980171
94,19,1,"AA",2,"Bb",1,"cC",1,933,446,-1,-1,-1,-1,-1,-1,1,-1,1,-1,"D","D","D","d","d","d","D","D","D","d","d","D","d","d","D","D","D","D","D","D","d","D","D","d","D","d","D","D","D","d","D","d","D","D","d","d","d","D","d","D","d","D","D","d","D","d","D","d","d",0.187485294845722
90,19,2,"aA",1,"BB",2,"CC",2,934,446,-1,-1,1,-1,-1,-1,-1,-1,-1,-1,"D","D","d","d","d","d","D","d","D","D","D","D","D","d","d","D","D","d","D","d","D","D","D","D","D","D","D","D","D","D","D","d","D","d","d","D","d","D","D","d","d","d","D","D","D","d","D","D","D",-1.28830742269003
99,19,3,"aA",1,"bb",0,"cc",0,935,1180,-1,1,1,-1,-1,-1,1,1,-1,1,"d","D","D","d","d","D","d","D","d","D","d","D","D","D","d","d","d","D","D","d","D","D","D","D","D","D","d","D","d","D","D","D","D","d","d","D","d","D","D","D","d","D","d","D","d","D","d","D","d",-0.0634461992924207
100,19,4,"AA",2,"BB",2,"cC",1,936,1088,-1,-1,1,1,1,1,1,1,-1,-1,"d","D","D","D","d","d","d","d","d","D","d","D","D","d","D","D","D","D","D","d","d","d","D","D","D","d","D","d","D","D","D","d","d","d","d","D","D","D","D","D","d","d","D","d","d","D","d","D","d",-1.77709614334664
98,19,5,"aa",0,"bB",1,"cC",1,937,1036,-1,-1,-1,1,1,-1,-1,-1,-1,1,"d","D","D","D","d","d","d","d","D","D","d","D","d","d","d","d","d","D","D","d","d","D","D","d","D","D","d","d","d","d","D","D","d","d","d","D","D","d","D","D","d","d","D","d","D","d","d","D","D",2.42560440675296
103,19,6,"aA",1,"bB",1,"cC",1,938,548,1,1,-1,-1,-1,1,1,1,1,1,"d","D","D","D","D","D","d","D","d","d","D","d","D","D","d","D","D","D","D","d","d","D","D","D","D","d","D","d","D","d","D","D","d","D","D","D","D","D","D","D","D","d","D","d","d","d","d","d","D",-0.799800281925457
98,19,7,"aA",1,"BB",2,"cC",1,940,1148,-1,1,-1,-1,1,-1,1,-1,-1,1,"d","D","d","d","d","D","D","d","d","D","d","d","d","d","D","d","d","d","D","d","D","D","D","d","d","d","D","D","d","d","d","d","D","D","d","D","D","d","D","d","d","d","d","D","d","D","D","D","D",0.401740344712978
104,19,8,"aA",1,"BB",2,"cc",0,988,1085,1,-1,1,1,-1,1,-1,1,1,1,"d","D","d","D","d","d","D","d","D","d","D","d","D","D","D","d","d","D","D","D","d","D","D","d","D","D","D","d","D","D","D","d","D","D","d","d","d","D","d","D","D","D","D","D","D","d","d","d","d",0.930938220123887
105,19,9,"aA",1,"Bb",1,"cC",1,941,695,-1,1,1,1,1,-1,-1,-1,1,1,"D","D","D","D","D","D","d","D","D","D","D","d","d","d","D","d","d","D","d","D","d","D","D","D","D","D","d","D","D","D","D","d","d","D","D","D","D","D","D","D","D","D","D","D","D","D","d","d","d",3.91283548518812
99,19,10,"aa",0,"Bb",1,"cc",0,992,1038,-1,1,-1,-1,1,-1,1,1,-1,-1,"d","d","d","d","D","d","d","D","d","d","d","d","d","D","D","D","d","D","D","d","D","D","D","d","d","D","d","d","d","d","D","D","D","D","D","D","D","D","D","D","d","D","d","d","d","D","d","d","D",1.02692782719113
94,19,11,"AA",2,"Bb",1,"Cc",1,946,1144,-1,1,-1,-1,1,-1,-1,-1,-1,-1,"D","d","D","d","d","D","D","D","D","D","d","D","d","D","D","d","D","D","D","d","D","d","D","D","D","D","d","D","D","D","d","D","D","D","D","d","d","D","D","D","D","d","d","d","d","D","d","D","d",0.514638409853036
98,19,12,"Aa",1,"Bb",1,"cC",1,944,993,-1,1,-1,-1,1,1,-1,-1,-1,1,"d","D","d","d","d","D","D","d","d","d","d","D","D","D","d","D","D","D","d","d","D","D","D","d","D","d","d","D","d","d","D","D","d","d","D","D","d","D","d","D","D","D","D","d","d","d","d","d","d",0.600509152765274
104,19,13,"aa",0,"BB",2,"cc",0,945,707,1,1,-1,-1,1,-1,1,1,1,1,"d","D","D","d","d","d","d","D","d","d","d","D","d","d","D","d","D","D","d","d","d","d","D","d","D","d","D","D","d","d","d","d","d","d","D","D","d","D","D","D","D","d","D","D","d","d","D","D","D",0.240443582623453
95,19,14,"Aa",1,"BB",2,"cC",1,946,894,1,-1,1,-1,-1,1,-1,-1,-1,-1,"d","d","D","d","d","D","D","d","D","D","d","D","D","D","d","d","D","D","d","d","d","d","d","d","d","d","d","d","D","D","d","D","d","D","D","d","d","d","D","D","D","d","D","d","d","D","D","d","D",-0.0862259270689271
100,19,15,"Aa",1,"BB",2,"CC",2,947,892,-1,-1,1,-1,1,1,1,-1,1,-1,"d","D","d","D","D","d","D","D","D","d","D","D","d","d","D","d","D","d","D","d","D","D","D","D","D","D","D","d","d","d","D","D","d","d","D","D","D","D","D","D","D","d","d","d","d","d","D","D","D",0.642256470541209
104,19,16,"Aa",1,"bB",1,"Cc",1,948,697,-1,-1,-1,1,1,1,1,1,-1,1,"d","d","D","d","D","D","d","d","d","D","D","D","D","d","d","D","d","D","D","d","d","d","D","d","d","D","D","D","d","d","d","D","D","d","d","D","D","D","D","D","D","d","D","d","D","D","D","D","D",2.87085353109741
96,19,17,"Aa",1,"Bb",1,"cc",0,949,18,-1,1,-1,-1,1,-1,1,-1,-1,1,"d","D","d","D","d","d","d","D","D","D","D","D","D","d","d","D","D","d","d","D","d","D","d","d","D","d","d","D","D","d","D","d","D","D","D","D","d","D","d","D","D","d","d","d","d","D","d","d","D",-1.0860273747478
102,19,18,"aa",0,"BB",2,"cc",0,950,700,1,1,1,-1,-1,-1,1,1,1,-1,"d","D","D","d","D","D","d","D","d","D","D","D","d","D","D","D","d","D","D","D","d","d","D","D","D","D","D","D","d","d","d","D","d","D","D","D","D","D","D","d","d","d","D","D","D","D","D","D","D",0.0389306072210258
98,19,20,"aA",1,"BB",2,"CC",2,20,1493,-1,-1,1,-1,1,1,1,-1,-1,-1,"D","d","D","d","D","D","d","D","D","d","D","D","D","D","D","d","d","d","d","D","D","D","D","d","d","D","d","D","d","d","d","D","d","d","D","d","D","d","d","d","D","D","D","d","d","D","d","D","D",0.386198300854804
101,19,21,"aA",1,"Bb",1,"CC",2,903,710,-1,-1,1,-1,-1,-1,1,1,1,1,"D","d","D","D","d","d","d","D","D","D","d","D","d","D","D","D","D","D","d","d","d","D","d","d","D","d","d","d","d","d","D","d","D","d","D","D","d","d","d","D","d","D","D","d","D","d","d","D","d",1.32283908298147
98,19,22,"Aa",1,"bb",0,"cC",1,905,760,1,1,-1,-1,-1,-1,-1,1,1,1,"d","D","D","d","D","d","d","d","d","d","d","d","D","d","D","d","D","D","D","d","D","D","D","D","D","D","d","D","d","d","D","d","D","d","D","D","d","d","d","d","D","d","d","d","d","D","D","D","D",-1.77454510145763
101,19,23,"aA",1,"BB",2,"cc",0,1003,1003,1,1,-1,-1,-1,-1,-1,1,1,1,"d","d","d","d","d","d","d","d","d","d","d","D","D","d","d","d","D","d","d","D","D","d","D","D","d","d","D","d","D","D","d","D","D","D","D","d","d","d","d","D","d","D","D","d","D","d","d","D","D",1.29046576147578
101,19,24,"Aa",1,"bb",0,"cc",0,907,811,-1,-1,-1,1,1,1,1,1,1,1,"d","D","d","d","D","d","D","D","d","D","D","d","D","D","D","D","d","d","D","D","d","D","d","D","D","D","D","D","d","d","d","d","d","d","D","D","D","D","d","d","d","d","d","d","d","d","D","D","d",-2.0766137040998
106,19,25,"Aa",1,"bb",0,"CC",2,956,1054,1,-1,1,1,1,-1,1,1,-1,1,"d","d","d","D","D","d","D","D","D","d","D","d","D","D","d","d","d","D","d","D","d","d","d","D","D","d","d","d","d","D","D","D","d","D","d","d","D","d","D","d","d","d","d","D","d","D","D","D","d",2.87473866393882
100,19,26,"aa",0,"bB",1,"cC",1,958,1107,1,-1,-1,1,1,1,1,-1,-1,1,"d","D","D","d","D","D","d","D","d","d","D","D","D","d","d","d","D","d","D","d","D","D","D","d","D","D","d","D","d","d","d","D","D","d","D","D","D","d","d","d","d","d","d","d","D","D","D","D","D",-1.74357876611838
97,19,27,"aa",0,"bB",1,"Cc",1,958,1253,-1,-1,-1,-1,1,1,1,-1,-1,1,"D","D","d","D","D","D","d","d","d","d","D","D","D","d","d","d","d","d","d","d","d","D","d","D","d","D","D","D","D","d","d","D","d","D","D","d","D","D","d","d","D","D","d","d","D","D","D","D","D",-0.384047621630805
95,19,28,"AA",2,"bb",0,"cC",1,958,25,-1,-1,-1,1,1,-1,1,-1,-1,-1,"d","D","d","D","d","D","d","d","D","D","d","D","d","d","d","d","D","D","D","d","D","D","D","d","D","D","D","D","D","d","D","D","d","D","D","D","d","D","d","d","d","D","D","d","d","D","d","D","d",-0.655139078482883
98,19,29,"Aa",1,"Bb",1,"cC",1,960,1487,1,-1,1,1,1,-1,-1,-1,-1,-1,"D","D","d","d","D","d","D","d","d","D","D","d","d","D","d","D","d","D","d","D","d","D","D","D","D","D","d","d","D","D","D","D","d","D","d","d","D","d","D","d","D","d","d","D","d","d","D","d","d",0.745817807721531
99,19,30,"Aa",1,"Bb",1,"Cc",1,960,1164,1,-1,-1,-1,1,-1,-1,1,1,-1,"D","D","D","d","D","d","d","d","d","D","D","d","D","D","d","D","D","D","D","d","D","D","d","d","d","d","d","d","d","D","d","d","D","D","d","d","D","d","d","d","D","D","d","D","d","d","D","d","d",1.22209963795457
96,19,31,"Aa",1,"BB",2,"CC",2,962,957,1,-1,-1,1,-1,-1,-1,-1,1,1,"D","d","D","D","d","d","d","d","d","D","d","D","d","D","D","d","D","d","D","D","D","d","d","D","d","D","D","D","d","d","D","D","d","d","d","d","d","D","D","D","d","d","D","d","d","d","d","d","D",-1.28690183713174
107,19,32,"Aa",1,"Bb",1,"CC",2,963,908,1,1,1,1,1,1,-1,1,1,1,"D","D","D","D","D","d","D","D","d","D","D","D","D","d","d","d","d","D","D","d","d","D","d","D","d","d","D","d","D","d","d","D","D","d","d","d","D","D","D","D","D","D","D","d","D","d","d","D","d",-0.680537162132429
100,19,33,"Aa",1,"BB",2,"CC",2,916,775,-1,-1,1,1,-1,-1,-1,1,1,1,"d","D","d","D","D","d","d","d","d","d","d","d","D","d","d","d","D","d","d","d","d","d","D","D","d","d","d","d","D","D","d","D","d","d","d","D","D","d","d","D","d","d","d","D","d","D","D","d","D",0.715643436643474
96,19,34,"aa",0,"BB",2,"Cc",1,964,1203,-1,-1,-1,-1,-1,1,-1,1,1,-1,"d","d","d","D","D","D","d","d","d","D","D","d","D","D","D","D","d","d","d","d","d","D","d","D","D","D","d","D","d","d","D","d","d","d","d","D","D","D","d","d","d","d","D","d","D","d","d","d","D",0.671925581681376
105,19,35,"aA",1,"BB",2,"CC",2,1017,1698,1,1,-1,1,1,-1,1,-1,1,1,"d","d","d","D","D","D","D","D","D","D","D","D","D","D","D","D","D","d","d","d","D","D","d","d","d","d","D","d","D","d","D","D","d","d","D","d","d","d","D","d","d","d","d","d","d","D","d","d","D",1.22227037112796
105,19,36,"Aa",1,"bB",1,"CC",2,919,1072,1,1,1,1,-1,1,-1,1,1,-1,"D","d","D","D","D","d","d","D","D","d","D","D","D","d","D","d","D","D","d","D","d","d","D","D","D","D","d","D","D","d","d","d","D","d","d","D","D","D","D","D","d","D","D","d","D","d","D","d","D",1.28403905486766
104,19,37,"aA",1,"bB",1,"cc",0,969,1024,1,-1,1,1,-1,1,1,1,1,-1,"d","d","D","D","D","d","d","D","D","d","D","d","d","d","d","D","D","d","D","D","D","D","d","d","D","D","d","d","D","D","d","d","D","d","D","d","d","D","d","D","d","d","d","D","d","d","D","d","D",0.793396313855805
104,19,38,"aa",0,"bb",0,"CC",2,967,965,1,-1,1,1,1,-1,-1,1,1,1,"d","D","D","D","D","D","D","D","D","d","D","D","D","d","D","d","D","d","D","D","D","D","D","D","D","d","d","d","D","D","d","d","d","D","d","D","D","d","D","d","D","D","d","D","d","d","D","d","d",0.908369265382239
103,19,39,"Aa",1,"bB",1,"cc",0,969,825,1,-1,1,-1,1,1,1,1,-1,1,"d","d","d","D","d","d","D","D","D","D","d","D","D","D","D","D","d","D","D","D","D","d","D","d","D","D","D","D","D","d","D","d","d","d","D","d","D","D","d","d","D","d","d","D","D","d","D","d","d",-0.0544690979788361
98,19,40,"aa",0,"bB",1,"cC",1,971,879,-1,-1,-1,1,1,-1,1,1,1,-1,"d","d","D","d","d","D","D","d","D","d","d","D","d","d","d","d","D","d","d","D","D","D","D","D","d","d","d","D","D","D","D","d","d","D","D","d","d","d","d","d","D","D","d","d","d","d","d","D","d",-1.49743436521293
99,19,41,"aA",1,"bB",1,"cc",0,974,777,-1,1,-1,-1,1,1,-1,-1,1,1,"D","D","D","d","D","D","d","d","D","D","D","d","D","d","D","d","d","D","d","d","d","D","D","d","d","d","d","D","D","d","D","d","d","d","d","d","D","D","D","D","d","d","d","d","d","d","d","d","d",-0.285882209958518
104,19,42,"aA",1,"bb",0,"cc",0,973,875,1,-1,1,1,1,1,-1,-1,1,1,"d","d","d","d","D","D","d","D","d","D","D","D","d","D","D","D","D","D","D","D","d","d","D","D","d","d","d","D","d","d","d","d","D","d","d","d","d","d","D","D","d","D","D","D","D","d","d","d","d",0.978978927408575
97,19,43,"AA",2,"Bb",1,"CC",2,1024,568,-1,1,1,-1,1,-1,-1,-1,-1,1,"d","D","D","D","D","d","D","d","D","d","d","d","d","d","d","D","d","D","D","D","d","d","D","D","d","d","D","D","d","d","D","D","d","D","D","d","d","D","d","D","D","d","d","d","D","d","D","d","d",-0.925248613876397
96,19,44,"Aa",1,"Bb",1,"Cc",1,976,874,-1,-1,-1,-1,-1,1,-1,-1,-1,1,"d","D","D","D","D","d","D","D","D","D","D","D","d","d","D","d","d","d","D","d","d","D","D","D","D","d","d","D","d","d","d","D","D","d","d","d","D","d","D","D","D","d","d","D","D","D","D","d","D",2.30797303932054
101,19,45,"aa",0,"BB",2,"Cc",1,975,1024,1,-1,-1,1,-1,1,-1,-1,1,1,"d","d","D","D","d","d","d","d","d","D","d","D","d","D","d","d","D","D","D","D","D","D","d","d","d","d","d","d","D","d","d","D","D","d","D","d","d","D","D","d","D","D","d","D","d","D","D","d","D",1.05046730468303
93,19,46,"Aa",1,"Bb",1,"cc",0,978,293,1,-1,1,-1,-1,-1,-1,-1,-1,-1,"d","D","D","D","d","d","d","D","D","d","d","D","d","D","d","d","D","d","d","D","D","D","D","D","d","D","d","D","d","d","d","d","D","d","d","d","d","D","D","d","D","d","d","D","d","D","D","d","d",-0.124576436223368
95,19,47,"aa",0,"Bb",1,"cc",0,978,834,1,-1,1,1,-1,-1,-1,-1,-1,1,"d","D","d","D","d","D","D","D","D","D","d","D","D","D","D","D","d","d","d","D","D","D","d","d","d","D","d","D","d","d","D","D","D","d","d","d","d","D","D","d","d","d","d","D","D","d","d","d","d",-2.78426538676552
100,19,48,"aA",1,"Bb",1,"cc",0,978,977,1,1,1,-1,1,1,-1,-1,-1,-1,"d","D","D","d","D","d","D","D","D","d","d","D","d","d","d","D","d","D","d","D","d","D","D","D","D","D","d","D","D","d","d","D","D","d","d","d","D","D","d","d","d","d","D","D","d","D","d","d","d",0.893047796331502
101,19,49,"aa",0,"bb",0,"Cc",1,980,388,-1,-1,-1,1,1,1,-1,-1,-1,1,"d","D","d","d","d","D","D","d","d","D","d","D","D","d","d","d","D","d","D","d","d","D","d","d","D","D","D","D","D","D","d","d","d","D","D","d","D","d","d","D","D","d","d","D","d","d","D","d","d",3.8793522740728
101,19,50,"AA",2,"BB",2,"cC",1,981,1075,-1,-1,1,1,-1,1,-1,-1,-1,1,"D","d","D","d","D","D","D","d","D","d","D","D","D","D","D","d","D","D","D","D","D","D","d","D","D","d","d","D","D","D","D","d","D","d","D","D","d","D","d","D","d","D","d","d","D","d","d","d","D",3.16890666209809
101,20,1,"Aa",1,"BB",2,"Cc",1,934,1631,-1,-1,1,-1,1,1,1,1,1,-1,"d","D","D","d","D","d","d","d","D","D","D","D","d","D","d","D","d","d","D","d","d","D","D","D","d","D","D","D","D","D","d","d","d","D","D","D","d","D","D","d","D","D","d","D","d","d","D","D","d",-0.239175104292326
99,20,2,"aa",0,"bB",1,"cC",1,983,884,-1,-1,-1,1,-1,-1,1,1,1,1,"d","D","D","D","D","d","D","D","d","d","D","D","D","d","D","d","D","d","d","d","D","D","d","D","D","D","d","d","d","D","d","d","D","d","d","D","D","D","d","d","D","d","d","D","d","d","d","D","d",-0.0168502382569509
99,20,3,"aA",1,"bb",0,"CC",2,984,1522,1,1,1,-1,1,-1,1,-1,-1,-1,"d","D","D","d","d","D","D","d","d","D","D","D","D","D","d","D","d","d","d","D","d","D","D","D","d","D","D","d","D","d","D","D","D","d","D","D","D","d","D","d","D","d","d","D","D","d","d","D","D",-0.792178775033439
98,20,4,"aA",1,"bb",0,"cc",0,936,640,-1,-1,-1,1,1,1,-1,-1,1,-1,"d","D","d","D","d","D","d","d","D","d","D","D","D","d","d","d","D","D","d","d","d","d","D","D","D","D","d","d","D","D","D","d","d","d","D","d","D","D","D","d","d","d","d","D","D","D","d","D","D",0.942706647701253
91,20,5,"aa",0,"bB",1,"Cc",1,986,888,-1,-1,-1,-1,-1,-1,-1,1,1,-1,"d","D","D","d","D","D","d","d","D","D","d","D","D","D","d","D","D","D","D","d","D","D","D","D","D","d","d","D","d","d","D","D","D","D","d","D","D","D","d","D","d","D","d","d","D","D","D","D","D",-2.8110332289982
100,20,6,"aa",0,"bB",1,"Cc",1,937,795,-1,1,1,-1,1,1,-1,1,-1,1,"D","d","d","d","d","d","d","d","D","D","D","D","d","D","d","d","d","d","d","d","D","D","D","d","D","d","d","d","d","d","d","D","d","d","d","D","D","D","d","D","D","d","d","d","D","d","D","D","D",-1.37299707241709
100,20,7,"aa",0,"bb",0,"cC",1,988,1139,1,-1,-1,1,1,-1,-1,-1,1,-1,"d","D","D","D","D","d","d","D","D","d","d","d","d","d","d","d","D","D","d","d","D","D","D","d","D","D","d","D","d","D","d","d","D","d","d","d","D","D","d","D","d","d","D","d","d","d","D","D","d",2.25072672622226
106,20,8,"aA",1,"Bb",1,"Cc",1,990,897,1,1,1,-1,-1,1,1,1,1,1,"D","d","d","d","D","d","d","d","d","d","D","d","d","d","D","d","D","d","d","d","D","D","D","D","d","d","d","d","d","D","d","D","d","d","D","d","D","D","D","d","d","d","D","D","d","D","d","d","D",0.641445315960295
100,20,9,"aA",1,"BB",2,"cC",1,942,1082,1,1,1,-1,1,1,-1,-1,-1,-1,"D","D","d","D","d","d","d","D","d","D","D","d","D","d","d","D","D","d","D","D","d","D","d","D","d","D","D","d","d","d","D","d","d","d","d","d","D","d","D","d","d","d","D","d","D","d","d","D","D",0.870382237578869
100,20,10,"aA",1,"bb",0,"cc",0,993,1143,1,-1,-1,-1,1,1,-1,1,1,1,"D","d","d","d","d","D","D","d","d","d","D","D","D","d","D","D","D","d","D","D","d","D","D","D","D","d","d","d","D","D","D","d","d","d","d","d","d","D","D","D","D","D","D","d","D","d","D","d","D",-1.40949229708347
97,20,11,"Aa",1,"BB",2,"cC",1,944,1192,-1,-1,1,-1,-1,-1,-1,1,-1,1,"D","D","d","d","d","D","d","d","d","D","d","D","d","D","D","d","d","D","D","d","d","D","D","d","D","d","D","d","D","d","d","d","d","D","D","D","D","D","d","D","d","D","d","d","d","d","D","d","d",1.47097732427805
101,20,12,"Aa",1,"bb",0,"cc",0,991,1039,-1,1,-1,1,-1,-1,1,1,1,-1,"d","d","d","D","d","D","d","D","D","d","d","d","d","d","d","d","d","d","d","d","D","D","D","D","D","d","D","D","d","D","D","D","D","D","d","D","d","D","D","d","d","d","d","d","d","d","d","D","D",1.96127150461275
98,20,13,"aa",0,"bb",0,"CC",2,1091,1192,-1,-1,-1,1,-1,-1,1,1,-1,1,"D","d","d","d","d","d","D","D","d","d","D","d","d","d","d","d","d","D","d","d","d","d","D","D","d","D","d","d","D","D","d","D","d","d","D","D","D","d","d","d","d","d","d","D","d","D","D","D","d",0.631681946299292
94,20,14,"aa",0,"BB",2,"CC",2,996,1146,-1,-1,-1,-1,1,1,-1,-1,-1,-1,"d","D","D","d","D","d","d","D","D","D","D","D","D","d","D","D","d","D","d","D","d","D","D","d","d","D","D","d","D","d","d","d","D","D","D","D","d","D","d","d","d","d","d","D","D","d","D","d","d",0.669669844867146
96,20,15,"aA",1,"bb",0,"CC",2,996,748,-1,-1,-1,1,1,-1,-1,1,-1,1,"d","D","d","d","D","d","D","D","d","D","D","D","D","D","D","D","D","D","D","D","D","d","D","d","d","D","D","d","d","D","d","d","d","D","D","D","D","D","D","d","d","d","d","D","D","D","D","d","D",-1.29517858195508
96,20,16,"Aa",1,"bB",1,"CC",2,948,606,1,-1,1,-1,-1,-1,1,-1,-1,1,"d","d","D","D","d","D","D","D","d","D","d","d","d","d","d","d","D","D","d","d","D","d","D","D","d","D","d","D","d","d","d","D","d","d","D","D","d","d","D","d","D","d","d","D","d","d","d","D","D",-1.13918657272833
98,20,17,"aa",0,"bb",0,"cC",1,998,1139,1,-1,1,1,-1,1,-1,-1,1,-1,"d","D","D","D","d","D","D","D","D","d","d","D","d","d","d","D","D","d","d","d","D","d","D","D","d","d","d","d","d","D","D","d","D","D","d","D","D","d","d","D","d","d","d","D","D","d","d","D","d",-1.67876791328798
102,20,18,"Aa",1,"bb",0,"cC",1,999,857,1,-1,1,-1,1,1,1,-1,1,-1,"D","D","d","d","d","D","D","d","D","d","d","d","D","d","D","d","D","d","D","d","D","D","D","D","d","d","d","d","D","d","d","D","d","D","d","D","d","D","d","d","D","D","D","d","D","D","d","D","D",0.528934609067167
99,20,19,"aA",1,"bb",0,"CC",2,1000,1055,-1,-1,1,1,1,-1,1,-1,-1,1,"d","D","d","d","D","d","D","D","D","d","D","D","d","D","d","D","D","D","D","D","d","d","D","D","d","d","D","d","d","d","d","d","d","D","d","d","D","d","D","d","D","D","D","d","D","D","d","D","d",-0.324465974304555
104,20,21,"AA",2,"BB",2,"Cc",1,1053,854,-1,-1,1,1,1,-1,1,1,1,1,"D","d","D","D","d","D","D","D","d","D","D","D","D","D","D","d","d","d","d","D","D","d","D","D","d","d","d","D","d","d","d","d","d","D","D","D","D","D","D","D","D","D","d","d","D","D","D","d","D",0.36935254665198
97,20,22,"AA",2,"BB",2,"cc",0,1051,9,-1,-1,1,1,-1,-1,-1,1,1,-1,"d","D","D","D","D","d","d","D","d","d","D","D","d","d","d","D","d","D","D","d","d","D","D","d","D","d","d","D","d","D","d","D","d","d","d","D","d","D","D","d","D","D","d","d","D","D","D","D","D",-0.262191521501185
100,20,23,"Aa",1,"BB",2,"cc",0,1003,902,1,-1,-1,-1,-1,1,1,-1,1,1,"D","d","d","d","D","d","d","d","d","d","d","D","d","d","D","d","d","d","d","D","D","D","D","D","D","d","D","D","D","d","D","D","D","d","d","D","D","d","D","d","D","D","d","D","d","d","d","D","D",0.301813453713166
96,20,24,"aa",0,"BB",2,"Cc",1,1005,1256,-1,-1,-1,1,-1,1,1,-1,1,-1,"D","d","d","d","d","D","d","D","D","D","d","D","D","d","d","d","d","d","D","d","D","d","D","d","D","d","D","D","D","d","d","d","D","D","d","D","D","d","d","d","d","d","d","D","d","D","d","D","d",-1.8151832719083
97,20,25,"Aa",1,"bB",1,"cc",0,1004,1348,-1,-1,-1,-1,1,-1,-1,-1,1,1,"D","D","D","d","D","D","d","d","D","D","d","D","d","d","D","d","D","d","d","D","d","D","d","D","d","d","D","d","d","d","D","d","D","D","d","d","d","d","d","D","D","D","D","D","D","d","D","d","D",1.67367264534612
98,20,26,"aa",0,"bB",1,"cc",0,1057,1303,-1,1,1,-1,-1,-1,-1,-1,1,-1,"D","d","D","D","D","d","D","d","D","D","d","D","D","D","D","D","D","D","d","D","D","D","d","D","D","D","d","D","D","d","D","D","d","D","d","D","D","d","D","D","d","D","d","D","d","d","D","d","D",2.35213989720127
105,20,27,"aa",0,"bb",0,"cC",1,1007,1056,-1,1,1,1,1,-1,-1,1,-1,1,"D","D","D","D","D","d","d","d","d","D","D","d","d","D","d","d","D","d","D","D","d","D","D","D","d","D","D","d","D","d","D","D","d","d","D","D","d","D","d","d","d","d","D","D","D","D","d","D","d",3.29939617869005
106,20,28,"Aa",1,"Bb",1,"CC",2,1008,1047,1,-1,1,1,1,1,-1,1,1,1,"d","D","D","d","D","d","d","D","d","d","D","D","d","d","d","d","D","D","d","D","d","d","D","D","D","D","d","D","D","D","D","D","D","d","d","d","d","D","d","D","D","d","d","D","d","D","d","d","D",0.571940436286524
100,20,29,"AA",2,"bB",1,"CC",2,959,1008,-1,-1,1,-1,1,1,1,1,-1,1,"d","d","D","d","D","d","d","d","D","D","D","D","D","D","d","D","d","D","d","D","D","D","D","D","D","d","d","d","D","d","D","d","D","D","d","d","D","d","D","d","d","D","d","d","D","D","d","d","d",-1.14444180820969
99,20,30,"aA",1,"bb",0,"Cc",1,911,959,-1,-1,-1,-1,1,1,1,1,1,-1,"D","d","d","D","D","D","D","D","d","d","D","D","D","d","D","d","D","D","D","D","D","d","D","d","D","d","d","D","d","d","d","D","D","D","D","D","d","d","d","D","d","D","d","D","D","d","D","D","d",-0.0225751145536447
97,20,31,"aA",1,"Bb",1,"cc",0,1011,1013,-1,1,-1,-1,-1,-1,-1,1,1,1,"d","d","D","D","d","D","D","D","D","D","D","D","D","D","D","D","D","d","D","D","d","D","D","d","D","d","d","D","d","d","d","D","d","d","d","D","d","d","D","D","D","d","d","D","d","D","D","d","d",-0.115622498255646
96,20,32,"Aa",1,"Bb",1,"cC",1,1011,862,-1,1,-1,1,-1,-1,-1,-1,1,1,"d","d","d","D","D","D","d","D","d","D","D","d","d","D","D","d","D","D","d","D","D","D","d","D","D","d","d","D","d","d","d","d","d","d","d","d","d","d","D","D","D","d","d","D","D","D","D","d","D",-1.49363922152219
101,20,33,"AA",2,"bB",1,"Cc",1,1013,962,-1,1,-1,1,-1,-1,-1,1,1,1,"D","D","d","d","D","D","d","D","d","D","D","D","D","D","D","d","d","D","D","d","D","d","d","D","d","d","d","d","D","d","d","d","d","d","d","d","d","D","d","D","D","D","D","d","d","D","d","D","d",1.23490641241827
104,20,34,"aa",0,"Bb",1,"cc",0,1015,1259,1,-1,-1,1,-1,1,1,1,-1,1,"d","D","D","D","D","d","d","D","d","d","D","D","d","d","d","d","d","D","d","d","d","D","d","d","d","D","D","d","d","D","D","d","d","D","d","d","D","D","D","d","d","D","D","d","d","d","D","d","d",2.40624298326526
102,20,35,"Aa",1,"bb",0,"cc",0,1015,1166,1,-1,1,1,-1,1,1,1,-1,-1,"d","D","d","D","d","d","D","D","d","D","D","D","D","d","d","d","D","D","d","d","d","d","d","d","D","D","d","d","D","D","d","d","D","D","D","d","d","D","D","d","d","D","D","d","D","d","D","d","D",0.975128089647085
99,20,36,"aa",0,"Bb",1,"cc",0,918,918,-1,-1,-1,1,1,1,1,-1,1,1,"d","D","d","D","D","d","d","D","D","D","D","D","D","D","D","D","d","D","D","D","d","D","D","d","D","d","D","D","D","D","D","D","D","D","D","D","D","D","D","d","d","d","D","D","d","d","d","D","D",-2.08261657058182
102,20,37,"aA",1,"Bb",1,"cc",0,1017,1073,1,-1,-1,-1,1,1,1,-1,1,1,"D","d","D","D","D","d","D","D","d","D","d","d","D","D","D","D","d","d","D","d","D","D","d","D","d","d","d","d","D","d","d","d","d","d","d","D","d","d","d","d","D","d","d","D","d","D","D","d","D",0.210043096214958
98,20,38,"AA",2,"BB",2,"cc",0,1067,1263,-1,1,1,1,1,-1,-1,-1,-1,-1,"D","D","d","d","d","D","D","D","d","D","d","d","D","d","D","d","D","D","d","D","d","d","d","d","d","d","d","D","d","d","D","d","d","D","D","D","D","D","d","d","d","D","d","D","d","D","d","D","D",0.910444887520318
103,20,39,"Aa",1,"BB",2,"cC",1,1068,1110,1,1,1,1,-1,1,-1,-1,1,-1,"D","d","D","D","D","D","d","d","d","D","D","d","d","D","d","D","d","D","D","D","d","D","D","D","D","d","D","D","D","d","D","d","d","d","D","d","D","D","d","D","D","D","D","d","D","d","d","D","d",1.11970397225584
95,20,40,"aa",0,"bb",0,"cC",1,1020,1461,-1,1,-1,-1,1,-1,-1,-1,1,-1,"D","D","d","D","D","D","d","d","D","D","D","d","D","D","d","D","d","d","d","D","d","D","D","D","D","D","d","d","d","d","D","d","d","D","d","d","d","D","D","d","D","D","D","d","D","D","d","d","D",-0.464950499017935
97,20,41,"aa",0,"bB",1,"cC",1,973,1021,-1,-1,-1,1,1,-1,1,1,-1,1,"d","d","d","d","D","D","D","d","D","D","d","D","D","D","d","d","d","d","D","d","d","d","d","D","d","d","d","D","D","d","D","d","D","d","d","d","D","d","D","D","D","D","D","d","d","d","d","D","d",-2.55719037923719
100,20,42,"AA",2,"Bb",1,"cC",1,1022,573,-1,1,-1,-1,1,-1,-1,1,1,1,"D","d","D","d","d","d","D","D","D","d","D","D","D","d","d","D","D","D","D","D","D","D","D","D","d","d","d","d","d","D","D","d","D","d","d","D","D","D","d","d","d","d","d","D","d","D","D","D","d",0.662959916899481
98,20,43,"AA",2,"bb",0,"cC",1,1023,576,-1,-1,1,1,-1,1,1,-1,-1,-1,"D","d","d","D","D","d","d","d","D","d","D","d","d","d","D","D","d","d","D","D","d","D","d","D","D","D","d","D","d","d","d","D","d","D","d","D","D","d","d","D","d","d","D","d","D","D","d","D","d",0.680941279456208
102,20,44,"AA",2,"Bb",1,"cC",1,1024,1317,1,-1,1,-1,1,1,-1,-1,1,-1,"d","D","d","d","D","d","d","d","D","d","D","d","D","D","D","D","D","D","d","D","d","D","D","d","D","d","D","D","d","d","D","D","D","D","D","d","D","d","d","D","d","d","d","d","D","d","D","d","D",2.74083863587577
101,20,45,"AA",2,"BB",2,"cc",0,1025,1024,-1,-1,-1,1,-1,1,-1,1,1,1,"d","d","D","D","d","d","d","d","D","D","d","D","d","D","d","d","D","d","D","D","D","d","d","D","d","d","d","d","D","D","d","D","D","D","d","D","d","D","d","d","d","d","d","D","d","d","d","d","D",1.37784838491667
98,20,46,"aA",1,"Bb",1,"cc",0,1027,1176,1,1,-1,-1,-1,1,1,1,-1,-1,"D","d","D","D","D","d","d","D","D","D","D","D","d","d","D","D","D","d","D","d","d","D","d","D","D","d","D","D","D","D","d","d","d","d","D","d","d","D","d","d","d","d","D","d","D","D","d","D","d",-1.53151713571649
96,20,47,"Aa",1,"Bb",1,"Cc",1,1027,1175,1,1,-1,1,-1,1,-1,-1,-1,1,"D","d","D","D","d","d","d","D","D","D","D","D","d","D","D","D","D","d","d","d","d","D","D","D","D","d","D","D","D","D","D","D","d","d","d","D","d","D","d","d","d","d","d","d","D","D","D","D","d",-3.47834223273316
95,20,48,"Aa",1,"BB",2,"cC",1,1079,1419,-1,-1,-1,-1,-1,-1,1,1,1,-1,"d","D","D","d","D","D","d","D","D","d","D","D","D","D","D","d","D","D","D","d","d","d","D","D","d","D","d","D","D","d","D","d","D","d","d","d","d","d","d","D","D","d","d","D","d","d","d","D","D",-0.180691236820016
107,20,49,"aA",1,"BB",2,"cc",0,1029,931,1,1,-1,1,-1,1,1,1,1,1,"d","d","d","d","d","D","d","d","d","d","d","D","d","D","d","d","d","d","d","D","d","d","d","D","D","D","D","D","d","D","D","d","d","D","d","D","D","d","d","d","d","D","d","d","D","D","d","D","d",1.1321498733375
98,20,50,"AA",2,"Bb",1,"cc",0,1030,834,1,-1,1,1,-1,-1,1,-1,1,-1,"d","d","d","d","d","d","D","D","D","d","d","D","D","d","D","D","d","D","d","D","d","d","d","d","D","d","D","d","d","D","D","d","D","d","D","D","D","d","D","D","d","d","D","d","D","D","d","d","d",-1.31556542895616
99,21,1,"aa",0,"BB",2,"cc",0,1031,690,-1,1,-1,1,-1,-1,1,1,-1,1,"D","D","d","D","D","d","d","D","D","D","d","D","D","d","d","d","D","d","D","d","D","D","D","d","D","D","D","d","d","D","D","D","d","D","D","D","D","d","d","d","D","d","d","D","D","d","d","D","d",-0.589986181814141
105,21,2,"aA",1,"bB",1,"Cc",1,1080,839,-1,1,1,1,-1,1,1,1,-1,1,"D","d","D","d","D","d","D","d","D","D","D","d","d","d","D","d","d","d","D","D","d","D","D","D","d","d","D","D","D","d","D","D","d","D","D","d","D","d","D","D","D","d","d","D","d","d","d","D","d",1.11076310759349
102,21,3,"Aa",1,"bB",1,"Cc",1,1033,987,-1,-1,1,1,1,1,1,1,-1,-1,"d","d","D","D","D","d","d","d","d","d","d","D","d","d","d","D","d","d","d","D","d","d","D","D","D","d","D","d","D","d","D","D","D","d","d","D","D","D","d","D","d","d","d","d","d","D","d","D","d",0.535277862452766
98,21,4,"Aa",1,"bB",1,"Cc",1,984,692,1,-1,1,-1,1,-1,-1,-1,-1,1,"d","d","D","d","d","d","d","D","d","d","D","D","D","d","D","d","d","d","D","D","d","D","D","D","d","d","D","d","D","D","D","D","D","d","d","d","D","d","d","d","d","d","D","d","d","D","d","D","D",0.284335972281416
97,21,5,"AA",2,"BB",2,"Cc",1,1132,1383,-1,1,-1,-1,-1,1,-1,-1,-1,-1,"d","D","D","D","D","d","D","D","D","d","d","D","D","D","d","D","D","D","d","D","D","D","D","D","d","d","d","D","D","d","D","D","d","d","D","d","d","D","D","D","D","d","D","d","D","D","d","D","D",3.89306398838749
102,21,6,"AA",2,"bB",1,"cc",0,1086,1034,-1,-1,1,-1,1,1,1,1,1,-1,"d","D","D","d","d","D","D","D","d","d","D","D","D","d","D","D","D","d","d","d","d","D","D","D","d","D","D","D","D","d","d","D","D","d","d","D","d","D","d","D","d","d","D","d","D","d","D","d","d",0.0603521683864915
99,21,7,"aa",0,"BB",2,"Cc",1,1037,1228,1,1,-1,1,1,-1,-1,-1,-1,-1,"D","D","D","d","d","d","d","d","D","d","D","D","D","d","D","D","D","d","d","D","d","D","d","D","d","d","D","D","D","D","d","d","D","d","D","D","D","D","D","d","d","d","d","D","d","D","D","d","d",1.99783264722658
102,21,8,"aa",0,"BB",2,"Cc",1,988,888,1,1,1,-1,1,-1,-1,-1,1,-1,"d","D","D","D","D","d","d","d","D","d","d","D","D","d","d","d","D","D","d","D","D","D","D","d","D","d","d","d","D","D","d","D","D","D","d","d","D","D","d","D","d","d","D","d","d","d","D","D","D",2.09268053804975
100,21,9,"aa",0,"BB",2,"cC",1,1039,988,1,-1,1,1,-1,1,1,-1,-1,1,"D","d","d","D","D","D","d","D","D","d","d","d","D","d","D","d","d","d","D","D","D","D","D","D","d","D","d","d","D","D","D","D","D","d","D","D","d","D","D","d","D","d","d","d","d","d","d","D","D",-1.2214903551483
104,21,10,"Aa",1,"BB",2,"cc",0,1040,838,-1,1,-1,1,1,-1,1,1,1,1,"d","D","D","D","d","D","d","D","D","d","D","D","D","d","d","D","d","d","D","D","D","d","D","D","d","d","D","d","d","D","d","d","d","D","D","D","D","D","D","d","D","d","D","D","D","D","D","D","D",0.0183910579355053
99,21,11,"aa",0,"Bb",1,"Cc",1,1041,843,-1,1,1,-1,-1,-1,1,-1,1,-1,"d","d","d","D","D","D","d","D","d","d","d","D","d","d","d","d","d","D","D","D","D","d","d","D","d","D","d","D","D","D","d","d","d","d","D","D","d","D","D","d","D","D","D","D","d","D","D","D","d",1.30246145258237
104,21,12,"aa",0,"bB",1,"cc",0,1092,518,-1,-1,1,1,1,-1,1,1,1,1,"d","d","D","d","d","D","d","d","d","d","D","D","d","d","d","D","d","d","d","d","D","D","d","d","d","d","D","D","D","d","D","d","d","D","D","D","D","D","D","d","d","D","d","d","D","D","d","d","D",0.554967555011573
95,21,13,"Aa",1,"BB",2,"Cc",1,946,751,1,1,-1,1,-1,1,-1,-1,-1,-1,"d","d","d","d","d","D","d","D","d","D","d","d","D","D","d","d","d","D","d","d","D","d","d","D","d","D","D","d","D","D","D","D","d","D","D","d","d","d","D","d","d","D","D","d","D","D","d","D","d",-2.1597068021777
107,21,14,"aA",1,"bB",1,"cc",0,1094,999,1,1,-1,1,1,1,1,1,1,1,"d","d","d","D","D","D","D","D","D","D","d","D","d","d","d","d","d","D","d","d","d","D","d","d","D","d","d","D","d","d","d","D","d","D","D","d","D","D","D","D","d","D","D","D","d","D","D","d","d",-0.980526155796083
103,21,15,"Aa",1,"bb",0,"cc",0,1095,1145,1,-1,-1,1,1,1,1,1,1,1,"d","D","D","d","d","d","d","D","d","d","D","D","D","d","D","d","d","D","d","d","D","D","d","D","D","d","D","D","D","d","d","d","D","D","d","D","D","D","D","d","D","D","d","d","d","D","d","D","D",-2.01063405256109
106,21,16,"aA",1,"BB",2,"CC",2,1046,1743,1,-1,1,1,1,-1,-1,1,1,1,"d","D","d","d","D","d","D","D","D","D","D","D","d","D","D","d","d","D","d","d","d","d","d","d","d","d","d","D","D","d","d","d","d","d","D","D","D","D","D","D","d","d","d","d","d","D","d","D","D",2.79739452672807
96,21,17,"aa",0,"bB",1,"CC",2,1047,1244,-1,1,1,-1,-1,-1,-1,-1,1,1,"D","D","D","d","D","d","D","d","D","D","D","d","d","d","D","D","d","D","d","d","d","D","D","D","D","d","D","D","D","D","D","D","d","d","d","d","d","D","d","d","d","d","d","D","D","d","d","d","D",-1.19384774935027
101,21,18,"aa",0,"BB",2,"cC",1,1048,851,1,-1,1,1,-1,-1,1,1,1,-1,"d","D","D","d","D","d","d","d","D","d","D","D","D","d","D","D","d","D","d","d","D","D","D","d","D","d","D","D","d","d","d","d","D","D","D","d","D","D","D","D","D","d","D","D","D","d","D","d","d",-0.0965443746490517
97,21,19,"aa",0,"Bb",1,"cC",1,1048,1052,1,-1,1,1,-1,-1,1,-1,1,-1,"D","D","D","d","D","d","d","d","d","D","D","d","d","d","D","D","D","D","d","D","d","D","d","D","D","D","d","D","D","d","d","d","D","D","d","d","d","D","D","D","d","d","d","D","D","d","D","d","d",-2.95280584132999
105,21,20,"aA",1,"bb",0,"CC",2,1049,948,1,-1,1,1,1,1,1,1,1,-1,"d","D","d","d","D","d","D","d","D","D","D","d","d","d","d","d","d","d","D","D","d","d","d","D","D","d","d","D","D","D","d","d","D","D","d","d","D","D","d","D","D","D","d","D","d","D","D","D","D",-0.58700864701533
99,21,22,"aa",0,"Bb",1,"cC",1,1051,1196,1,1,1,-1,-1,-1,-1,1,-1,1,"D","D","d","D","D","d","d","D","d","d","D","D","d","d","D","d","d","D","D","D","D","d","D","d","d","D","D","D","D","d","d","d","d","D","d","D","D","d","d","d","d","D","D","d","d","D","d","D","D",-0.465783439380274
101,21,23,"aa",0,"bB",1,"cc",0,1052,952,-1,-1,1,1,-1,-1,-1,1,1,1,"D","D","D","D","d","D","d","d","D","d","D","D","D","D","d","D","D","d","d","D","d","d","D","D","D","D","D","D","d","D","d","d","d","d","D","D","D","D","d","D","d","d","D","D","d","D","D","d","d",1.43290072523436
101,21,24,"Aa",1,"BB",2,"Cc",1,1053,756,-1,-1,1,-1,1,1,1,1,1,-1,"d","D","d","D","D","D","d","D","D","D","D","D","D","D","D","d","d","d","d","d","d","d","D","D","D","d","D","D","D","d","d","d","d","D","d","D","d","d","D","D","D","D","d","d","D","d","d","d","d",-0.212313656588569
97,21,25,"AA",2,"BB",2,"cc",0,1103,802,-1,1,1,1,-1,-1,-1,-1,-1,1,"D","d","d","d","D","D","d","d","D","d","d","d","d","D","D","d","d","d","d","d","d","d","D","D","d","D","d","D","D","D","D","d","D","d","D","D","d","d","d","D","d","d","d","d","D","d","D","d","d",-0.873862820369075
96,21,26,"AA",2,"Bb",1,"cc",0,1102,805,-1,-1,-1,-1,1,-1,-1,-1,1,1,"D","D","D","d","D","d","d","d","d","D","D","D","D","D","D","D","d","d","d","d","d","d","D","D","d","D","D","D","D","d","d","D","d","D","D","d","D","D","d","d","D","d","d","d","D","d","d","D","D",0.866630118536075
95,21,27,"aa",0,"Bb",1,"cC",1,1007,621,-1,-1,1,-1,-1,-1,-1,1,-1,1,"D","D","d","d","D","d","D","d","d","D","d","d","D","D","d","d","D","d","D","D","d","D","d","D","D","D","D","D","D","d","D","D","D","d","d","d","D","D","D","d","D","D","d","d","D","D","D","D","d",-0.10300154358599
97,21,28,"Aa",1,"bb",0,"Cc",1,909,1101,1,-1,-1,1,-1,-1,-1,-1,1,-1,"d","d","d","d","D","D","d","D","d","d","D","d","d","d","d","D","d","d","d","d","D","D","d","D","D","d","d","d","D","d","d","D","D","D","D","d","d","D","d","d","d","d","D","d","D","d","D","D","d",1.46828347896567
100,21,29,"aa",0,"bB",1,"cc",0,1058,1210,-1,1,-1,-1,-1,1,-1,1,1,1,"D","D","D","D","D","d","d","d","D","d","D","d","d","d","D","D","D","D","d","D","D","D","D","d","d","d","d","D","d","D","D","d","d","D","D","d","D","d","d","d","D","D","D","D","d","d","d","d","d",0.0162950683612193
102,21,30,"aA",1,"BB",2,"Cc",1,1059,1200,-1,1,1,1,-1,-1,1,-1,1,1,"d","d","D","D","d","D","D","D","d","d","d","d","D","d","D","d","D","D","D","d","d","d","d","D","D","D","d","d","D","D","d","d","D","d","d","d","d","d","d","d","d","d","d","d","D","D","d","D","D",0.34066310596383
102,21,31,"aA",1,"bb",0,"CC",2,1059,1063,-1,-1,-1,1,1,-1,1,1,1,1,"D","D","D","D","d","D","d","D","d","d","D","d","d","d","d","d","D","D","D","d","D","d","D","d","D","D","D","d","D","D","D","D","D","d","d","D","d","d","D","D","d","d","d","d","d","D","d","d","d",0.111161909085087
100,21,32,"Aa",1,"BB",2,"CC",2,963,1106,-1,-1,1,-1,1,-1,-1,1,1,1,"d","d","D","D","d","d","D","D","D","D","d","D","D","D","d","d","D","D","D","d","d","D","d","D","d","d","D","d","D","D","D","d","D","D","d","D","D","D","D","d","D","D","d","d","D","d","D","D","D",0.152237989745305
107,21,33,"aa",0,"bB",1,"cc",0,1062,1157,1,-1,1,1,-1,1,1,1,1,1,"d","d","D","D","D","D","D","D","d","d","D","d","D","D","D","d","d","D","D","d","D","D","D","D","D","d","d","d","d","d","D","d","d","d","d","d","d","D","D","d","d","D","d","D","d","d","d","D","D",1.97167093253925
94,21,34,"AA",2,"BB",2,"cC",1,1112,1211,-1,-1,-1,-1,-1,1,-1,1,-1,1,"d","D","D","D","d","D","D","D","d","D","D","D","D","d","D","D","d","D","d","D","d","D","D","D","D","d","d","d","D","D","D","D","d","d","D","d","D","D","D","d","d","d","d","d","D","D","d","D","D",-1.19373122195473
99,21,35,"aA",1,"BB",2,"CC",2,1064,1012,-1,-1,1,1,-1,-1,-1,-1,1,1,"D","d","D","D","D","d","D","d","D","D","D","D","d","d","d","D","d","d","D","D","d","d","d","d","D","d","d","d","D","D","D","D","d","d","d","D","D","D","D","D","d","D","D","D","d","d","D","d","d",1.05850530304029
93,21,36,"AA",2,"bb",0,"Cc",1,1065,1067,-1,-1,-1,1,-1,1,-1,-1,1,-1,"D","d","d","D","d","D","D","D","D","d","d","D","D","d","d","d","D","D","d","d","D","D","D","D","d","d","d","D","D","D","D","d","d","D","D","d","d","D","D","D","D","d","d","D","D","d","d","d","d",-2.03280303991046
99,21,37,"Aa",1,"BB",2,"CC",2,1066,1212,-1,1,-1,1,-1,-1,-1,1,1,1,"D","d","D","D","D","d","d","D","D","d","D","D","d","D","d","D","D","D","d","d","d","d","d","D","D","d","d","D","d","D","D","D","d","D","D","D","d","D","D","d","d","d","d","D","d","D","d","D","D",-0.195324580575642
105,21,38,"Aa",1,"Bb",1,"cC",1,969,1212,-1,1,1,-1,1,1,1,1,-1,1,"D","d","D","D","D","d","d","D","D","d","D","d","d","d","d","D","d","D","d","D","d","d","D","d","D","D","d","d","D","d","D","d","d","d","D","D","d","D","D","D","D","d","d","D","d","d","d","d","D",1.37095043290602
99,21,39,"aa",0,"bb",0,"CC",2,1116,1410,1,1,-1,-1,-1,1,-1,1,1,1,"d","d","d","D","D","D","D","d","D","d","D","d","d","d","d","D","D","d","d","D","d","d","D","D","d","d","D","d","D","d","D","d","d","D","d","d","D","D","D","D","d","d","d","D","d","d","D","d","D",-2.19976215556286
102,21,40,"Aa",1,"Bb",1,"CC",2,1069,1315,-1,1,1,-1,1,1,-1,-1,1,1,"d","d","d","D","d","d","D","d","d","D","D","d","D","d","D","d","d","D","D","D","D","d","D","d","d","D","D","D","d","d","d","d","D","d","d","d","D","D","d","d","d","D","d","D","D","D","D","d","d",0.323260218730893
98,21,41,"Aa",1,"bb",0,"Cc",1,1119,1068,1,1,-1,1,-1,-1,-1,-1,1,1,"d","D","d","d","D","D","D","D","d","d","D","d","d","d","D","D","D","d","D","D","D","d","D","D","D","d","d","d","D","D","D","d","d","d","d","d","D","d","D","D","d","d","D","D","D","D","d","d","D",-1.81552324859845
96,21,42,"Aa",1,"bB",1,"Cc",1,1071,1066,-1,1,-1,1,-1,-1,-1,-1,-1,1,"d","d","d","d","d","d","d","D","D","D","d","D","D","d","D","D","d","D","D","d","d","D","d","D","D","d","D","d","D","D","d","d","D","D","D","d","D","D","D","D","D","d","d","d","D","D","D","D","d",0.618895259189616
95,21,43,"aa",0,"BB",2,"Cc",1,1072,1411,1,-1,1,-1,1,-1,-1,-1,-1,-1,"d","D","D","d","D","D","D","D","D","D","D","D","D","D","D","D","D","d","d","D","d","D","d","D","D","D","d","D","d","d","D","D","d","d","D","D","d","D","D","d","D","d","d","d","D","D","D","D","D",-0.344934898188943
101,21,44,"aa",0,"bB",1,"CC",2,1073,1079,-1,-1,-1,1,-1,-1,-1,1,1,1,"d","D","d","D","D","D","D","d","d","d","d","D","D","D","D","d","d","d","D","d","d","d","d","D","D","d","d","D","d","D","d","D","d","d","d","d","d","D","d","D","D","d","d","d","d","D","d","d","d",3.2194800330546
95,21,45,"aA",1,"BB",2,"cC",1,1025,1127,-1,1,-1,-1,-1,-1,-1,1,1,1,"d","d","d","d","d","d","d","d","D","D","d","D","d","D","d","D","d","D","D","D","D","d","D","D","D","d","d","d","D","D","d","D","D","D","D","D","d","D","D","d","D","d","D","d","d","d","D","d","d",-2.0171732194411
97,21,46,"aA",1,"bb",0,"cC",1,1123,1272,-1,-1,-1,-1,1,-1,1,-1,1,-1,"d","d","D","D","d","D","D","d","D","D","D","D","d","d","d","D","d","D","d","d","d","d","D","D","d","d","D","D","d","D","D","d","d","D","D","D","D","d","d","d","d","D","d","d","d","D","d","d","D",1.68117820986579
98,21,47,"Aa",1,"bb",0,"cc",0,1076,1026,-1,-1,1,1,1,-1,-1,1,1,-1,"D","D","d","d","d","D","d","D","D","d","d","D","d","D","d","D","d","D","d","d","D","D","d","D","D","D","D","D","D","d","D","d","D","d","D","d","d","d","d","d","d","d","d","D","d","d","d","d","d",-1.78179952360156
101,21,48,"aA",1,"Bb",1,"cC",1,1077,979,1,1,-1,1,1,1,-1,1,-1,1,"d","d","D","D","D","D","D","D","D","d","D","d","D","d","D","D","d","D","d","d","D","D","D","d","D","d","D","d","d","d","d","d","D","D","d","d","D","D","d","d","D","d","D","D","D","D","D","d","d",-2.47505797244345
98,21,49,"aA",1,"bB",1,"cC",1,1077,976,1,-1,-1,1,1,1,-1,1,-1,-1,"D","d","D","d","D","D","d","D","d","d","D","d","D","d","d","D","d","d","d","d","D","D","D","d","d","D","d","D","D","d","D","d","D","D","d","D","d","D","d","d","d","d","d","d","D","d","d","d","D",-1.31935470638373
101,21,50,"aA",1,"bB",1,"cc",0,1079,1127,-1,1,1,-1,-1,-1,1,-1,1,1,"d","d","d","D","D","D","d","D","D","d","d","D","D","D","d","d","d","D","d","d","D","D","d","D","D","d","D","d","D","d","d","d","d","d","D","d","D","d","D","D","D","d","D","D","d","D","d","d","d",1.55226423161498
103,22,1,"aa",0,"bb",0,"cc",0,1080,788,-1,-1,1,1,1,1,-1,1,-1,1,"D","d","D","D","d","D","d","D","D","d","d","d","D","d","D","d","D","d","d","D","D","D","D","D","D","d","d","D","D","D","D","D","D","D","d","d","D","d","D","D","D","d","D","D","d","d","D","D","D",1.58129322220209
103,22,2,"AA",2,"BB",2,"CC",2,1082,1232,1,1,-1,-1,1,1,-1,1,-1,-1,"D","D","D","d","d","d","D","D","d","D","d","D","D","D","d","D","d","D","d","d","d","D","D","d","D","D","d","d","d","D","D","D","D","d","D","D","d","D","D","d","d","d","D","D","D","d","D","d","D",3.54776604154895
96,22,3,"aa",0,"BB",2,"Cc",1,1132,936,-1,-1,-1,-1,1,1,-1,-1,-1,1,"d","D","D","D","D","d","D","D","d","d","d","D","D","d","d","d","d","D","D","D","d","D","d","d","D","d","D","D","d","D","D","D","D","d","d","D","D","D","D","D","D","d","d","d","d","D","D","D","D",0.118506404901816
102,22,4,"Aa",1,"bb",0,"Cc",1,1083,740,1,-1,1,-1,1,1,1,1,-1,1,"d","D","D","D","d","D","d","d","D","d","D","D","D","d","D","d","D","d","D","d","d","D","D","d","D","D","D","d","d","d","d","d","D","D","d","D","d","D","d","D","d","D","d","d","d","D","D","d","d",-1.9534277114157
105,22,5,"aA",1,"Bb",1,"CC",2,1084,1129,-1,-1,-1,1,1,1,1,1,1,1,"d","D","d","D","D","d","D","d","D","D","D","D","D","d","d","D","D","D","d","d","D","d","D","D","d","d","d","D","d","D","d","d","D","D","d","D","D","D","D","D","d","D","d","D","D","d","d","D","D",1.64120490195468
95,22,6,"aA",1,"BB",2,"cc",0,1085,985,-1,-1,-1,-1,1,-1,1,-1,1,-1,"d","D","d","d","d","D","d","D","D","D","D","D","D","D","d","d","D","D","D","D","D","D","D","D","D","D","d","d","D","D","D","D","d","d","D","d","d","D","D","D","D","D","d","D","d","D","D","d","d",-0.238525291779915
94,22,7,"Aa",1,"bb",0,"cC",1,1135,1133,-1,-1,-1,1,1,-1,-1,-1,1,1,"D","D","d","d","d","d","d","D","D","D","d","D","D","d","D","D","d","d","d","D","D","D","D","D","D","d","D","d","d","D","D","d","D","D","d","d","D","D","D","D","D","D","d","D","D","D","D","D","D",-3.00315699639296
92,22,8,"AA",2,"Bb",1,"cC",1,1087,1035,-1,-1,-1,-1,-1,-1,-1,1,-1,1,"d","d","d","d","d","d","D","d","D","D","D","D","D","D","D","d","D","D","d","d","d","d","D","D","D","d","d","D","D","D","D","D","d","d","d","d","d","d","D","D","D","d","d","D","d","D","d","d","d",-1.71020676976897
98,22,9,"aA",1,"bB",1,"cc",0,1038,997,1,-1,1,1,-1,-1,1,-1,-1,1,"D","d","D","d","D","d","d","D","D","d","D","D","D","D","D","D","D","d","d","D","D","D","D","d","D","d","d","d","D","D","D","D","D","d","d","D","d","D","d","d","d","D","D","d","D","d","d","D","D",-1.75046134392411
104,22,10,"Aa",1,"Bb",1,"cC",1,1089,892,1,-1,1,-1,1,1,1,1,-1,1,"d","d","d","D","D","d","D","D","d","D","D","D","d","D","D","d","D","D","d","d","D","d","D","D","D","D","d","d","d","d","D","d","D","D","d","d","D","D","D","D","d","d","d","D","d","D","D","D","D",0.989862556236804
99,22,11,"aa",0,"Bb",1,"CC",2,1091,544,-1,1,-1,-1,-1,1,1,1,-1,1,"d","d","D","d","d","d","D","D","D","d","D","d","D","d","D","d","d","D","D","d","d","d","D","D","D","D","D","d","d","D","D","D","d","d","d","D","D","d","D","d","D","d","d","D","D","D","d","D","d",-0.0196732732823952
98,22,12,"aA",1,"bB",1,"Cc",1,1042,997,-1,-1,1,1,-1,-1,-1,-1,1,1,"D","D","D","d","D","d","d","d","D","d","D","D","D","D","d","D","D","D","d","D","d","D","D","d","D","d","d","D","D","D","D","D","d","d","d","d","D","d","d","d","D","D","D","d","d","D","d","D","d",0.0937577870544362
96,22,13,"aA",1,"bb",0,"cc",0,1092,848,-1,-1,-1,-1,-1,1,1,-1,1,-1,"D","d","D","d","D","d","d","D","D","d","d","d","d","d","D","D","D","d","D","d","d","D","D","d","D","D","d","d","D","d","d","d","d","D","D","D","D","D","d","D","D","d","D","d","D","D","d","d","D",0.778945208777657
102,22,14,"Aa",1,"BB",2,"cC",1,1093,1088,1,-1,1,-1,1,-1,1,1,1,1,"d","D","D","d","D","D","D","D","d","D","d","d","D","D","D","d","D","d","D","d","d","D","D","D","d","D","d","d","D","D","d","d","D","d","d","D","D","d","D","d","d","d","d","D","d","d","D","D","d",-1.66269544875621
96,22,15,"aa",0,"bB",1,"cc",0,1094,889,-1,-1,-1,1,1,-1,-1,-1,-1,1,"D","d","d","D","d","D","d","D","D","d","d","d","D","d","D","d","d","D","D","d","d","D","D","d","d","d","d","D","D","D","D","D","d","d","D","d","D","D","D","D","d","D","d","D","D","D","d","d","d",0.492802723165106
94,22,16,"aA",1,"bb",0,"CC",2,1095,1300,-1,-1,-1,-1,1,-1,-1,-1,1,1,"d","D","d","d","D","D","D","D","D","d","D","D","D","d","D","d","d","D","d","d","d","D","d","D","d","d","D","D","D","d","d","d","D","D","d","D","D","D","d","d","d","D","D","d","D","d","D","D","D",-1.42790855160214
100,22,17,"aa",0,"bb",0,"CC",2,998,757,-1,-1,1,1,-1,1,-1,1,1,-1,"D","D","D","D","d","D","d","D","d","D","d","D","D","d","D","D","d","D","D","D","D","d","D","D","d","d","D","D","D","d","D","d","d","D","d","D","d","d","D","D","D","d","D","D","D","D","d","D","d",0.507190493933801
98,22,18,"AA",2,"Bb",1,"cC",1,997,1045,-1,1,1,-1,-1,1,-1,-1,1,1,"d","D","D","D","d","d","d","d","d","D","D","D","D","d","d","d","d","d","D","D","D","D","d","D","D","d","D","D","d","D","D","d","d","d","d","D","D","d","D","d","d","D","d","d","d","D","D","d","d",-1.55028721081826
100,22,19,"aa",0,"Bb",1,"Cc",1,1099,1203,1,-1,-1,1,-1,1,1,1,1,-1,"d","D","d","D","D","d","d","D","d","d","d","D","D","D","D","d","d","d","D","d","d","d","d","D","D","D","d","D","D","d","D","d","d","d","d","D","D","D","d","d","d","D","D","D","d","d","d","D","D",-1.30362589152843
99,22,20,"Aa",1,"BB",2,"Cc",1,1149,1153,-1,-1,-1,1,-1,1,-1,1,-1,1,"d","d","d","D","D","D","d","D","D","D","D","D","d","D","d","D","D","d","D","d","D","d","d","d","D","d","D","d","D","D","D","d","d","D","D","D","d","d","d","d","D","D","d","D","D","d","D","D","D",1.09164269835274
101,22,21,"Aa",1,"BB",2,"cc",0,22,1051,1,-1,1,1,-1,-1,1,-1,1,1,"d","D","D","d","D","D","d","D","d","D","d","D","D","d","d","D","d","D","D","D","d","d","D","D","d","D","D","d","D","d","d","D","d","D","d","D","D","D","D","D","d","d","D","d","d","D","D","d","D",-0.889818293227216
101,22,23,"aa",0,"bB",1,"cC",1,1052,809,-1,-1,1,1,-1,-1,1,-1,1,1,"d","D","D","D","d","D","D","d","d","D","D","D","d","D","d","D","d","D","D","d","D","d","D","d","D","d","D","D","D","D","d","D","d","d","d","D","D","D","d","d","d","d","d","D","D","D","d","d","D",1.49932486848403
99,22,24,"aA",1,"bB",1,"cC",1,1102,1148,-1,1,-1,1,-1,-1,-1,1,1,-1,"d","D","d","d","d","D","d","d","d","D","d","D","d","d","D","D","d","D","D","D","D","d","D","D","d","D","D","D","D","d","d","D","D","D","d","D","d","D","D","d","d","d","d","D","d","D","d","D","D",1.71143618758471
95,22,25,"aa",0,"bb",0,"cC",1,1102,1103,-1,-1,-1,-1,1,-1,1,-1,1,-1,"D","D","d","d","d","D","d","d","d","D","D","D","d","d","D","D","d","D","D","D","d","D","d","D","D","D","d","d","D","d","d","d","d","D","d","D","D","D","D","d","D","d","d","d","d","D","D","D","d",-0.877832597036556
98,22,26,"Aa",1,"Bb",1,"cC",1,1104,1113,1,-1,-1,1,1,1,-1,-1,1,-1,"D","d","D","D","D","D","d","d","D","d","D","D","D","d","D","D","D","d","d","d","d","d","D","D","d","D","D","D","d","D","D","d","D","d","D","d","d","D","D","D","D","D","D","D","d","d","d","D","D",-1.17863754253236
101,22,27,"aa",0,"bb",0,"Cc",1,1105,718,-1,-1,1,1,1,-1,-1,1,1,1,"D","d","d","d","D","D","D","D","D","d","D","D","D","D","D","d","d","d","d","D","D","d","D","d","D","d","d","d","D","d","d","D","d","d","d","d","d","d","d","d","D","d","D","d","d","d","d","D","d",-0.439895453009098
100,22,28,"aa",0,"BB",2,"CC",2,1106,1155,-1,-1,-1,1,1,1,-1,-1,1,1,"D","D","D","D","D","D","d","D","d","D","D","D","D","d","D","D","d","D","D","d","d","D","d","d","D","d","D","d","d","D","d","D","d","d","D","D","D","D","D","D","d","d","d","D","D","D","D","D","d",0.812279041666502
99,22,29,"Aa",1,"bb",0,"cc",0,1057,859,-1,-1,-1,-1,-1,-1,1,1,1,1,"D","d","D","D","d","d","d","d","D","D","D","D","D","D","d","d","D","D","D","D","D","D","d","D","D","d","d","D","d","d","d","d","d","D","d","D","D","D","D","D","D","D","d","D","D","D","D","d","d",1.25410258414683
107,22,30,"AA",2,"Bb",1,"cC",1,1109,1252,-1,-1,1,1,1,1,1,1,1,1,"D","d","D","d","D","d","D","D","D","d","d","d","d","D","D","D","d","D","D","D","D","D","d","D","d","D","D","D","D","d","d","d","d","d","d","D","D","D","d","D","d","d","D","D","d","D","d","D","d",1.96148252042361
101,22,31,"Aa",1,"bB",1,"cc",0,1109,1212,-1,1,1,-1,-1,1,-1,1,1,1,"D","D","D","D","d","d","d","D","D","d","D","D","d","D","D","d","d","D","d","D","d","D","D","D","D","D","d","d","d","d","d","D","d","D","d","D","d","D","D","d","D","d","d","D","d","d","d","d","D",-0.075538251552364
93,22,32,"aA",1,"BB",2,"cC",1,1110,962,1,-1,-1,-1,-1,-1,-1,-1,-1,1,"D","d","d","D","D","d","d","d","d","D","D","D","D","d","D","d","d","D","d","d","D","D","d","D","D","d","D","D","D","D","d","d","d","D","d","D","D","d","D","D","D","D","d","D","d","d","d","d","d",-0.0934929750207426
93,22,33,"AA",2,"bb",0,"cC",1,1061,1065,-1,-1,-1,-1,-1,-1,-1,-1,1,1,"D","d","d","D","D","d","D","D","D","d","D","d","D","d","d","d","d","D","D","d","d","d","D","d","D","D","D","D","D","D","d","d","d","D","D","D","d","D","D","d","D","d","D","d","D","d","d","D","d",-0.471669209889087
95,22,34,"AA",2,"Bb",1,"cc",0,1112,479,-1,-1,-1,1,1,1,-1,-1,-1,-1,"D","D","D","D","D","D","D","D","D","D","d","D","d","D","D","D","D","D","D","D","D","D","D","D","d","d","D","d","d","D","D","D","d","d","d","D","D","D","D","d","D","d","d","d","D","D","D","D","d",-0.010940564674798
89,22,35,"Aa",1,"Bb",1,"cC",1,1112,1358,-1,-1,-1,-1,-1,-1,-1,-1,-1,-1,"D","D","D","D","D","D","D","D","D","D","D","d","d","D","D","D","d","D","D","D","d","D","D","D","D","d","d","d","d","D","d","D","D","d","D","D","d","d","D","d","d","d","D","d","d","D","D","D","D",-0.695517002600347
95,22,36,"AA",2,"BB",2,"Cc",1,1114,1068,-1,-1,-1,1,-1,-1,1,-1,1,1,"D","D","d","D","D","D","d","D","d","d","D","D","d","D","D","d","d","d","D","D","D","D","D","D","D","d","d","D","D","D","d","d","d","d","d","D","D","d","d","d","D","d","D","d","D","D","D","D","D",-2.19484274759083
97,22,37,"AA",2,"Bb",1,"Cc",1,1163,1265,-1,1,1,-1,-1,1,-1,-1,1,-1,"d","d","d","D","d","d","D","d","D","D","D","D","D","d","D","D","d","d","d","D","d","d","d","D","D","d","D","d","D","d","D","D","D","d","D","d","D","d","d","D","d","D","d","d","d","d","d","D","d",-0.675989513474691
94,22,38,"aA",1,"bB",1,"CC",2,1116,1116,-1,1,-1,-1,-1,-1,-1,-1,1,1,"d","d","d","D","D","d","d","d","d","d","d","d","d","d","d","D","D","d","D","d","d","D","D","d","d","D","d","d","d","d","d","d","d","d","d","d","D","D","D","D","D","d","d","D","D","d","d","d","d",-1.49354388398721
97,22,39,"aa",0,"Bb",1,"cc",0,1117,1216,-1,1,1,-1,-1,1,-1,1,-1,-1,"d","d","D","D","D","D","D","D","d","D","D","D","d","D","d","D","d","d","D","D","D","D","D","D","D","d","d","d","d","D","D","D","D","D","D","D","d","d","D","d","d","D","d","D","d","D","D","D","d",-0.746178915798712
101,22,40,"aa",0,"Bb",1,"cc",0,1118,1368,1,-1,1,-1,-1,1,-1,1,1,1,"D","d","d","D","D","d","d","d","d","d","d","D","d","D","D","D","D","d","d","D","D","D","d","D","D","d","d","D","d","d","d","D","d","d","D","D","d","D","D","d","D","D","D","d","d","d","D","D","D",-0.503630888272113
92,22,41,"aA",1,"bb",0,"CC",2,1119,1070,-1,-1,-1,-1,-1,-1,-1,-1,1,-1,"d","D","D","d","D","D","d","D","d","D","d","d","D","d","D","D","d","d","D","d","D","D","d","D","D","d","D","D","d","D","d","d","D","d","d","D","d","D","D","D","D","d","d","d","d","D","D","d","d",0.398919180388243
98,22,42,"AA",2,"bb",0,"cC",1,1070,1562,-1,-1,-1,1,1,1,-1,1,-1,1,"d","D","D","D","D","D","D","D","D","d","D","d","D","d","D","d","d","D","d","D","D","d","D","D","D","d","d","D","d","D","d","D","d","d","d","d","d","D","D","D","d","d","d","d","d","D","d","D","d",-1.12028884239865
96,22,43,"AA",2,"bb",0,"cc",0,1121,1265,-1,1,1,-1,-1,1,-1,-1,1,-1,"d","d","d","D","d","d","D","D","D","D","D","D","d","D","D","D","d","D","d","D","d","d","d","D","D","D","D","d","D","d","D","d","d","d","D","D","D","d","D","D","D","d","d","d","d","d","d","d","d",-1.0408178908216
97,22,44,"aA",1,"Bb",1,"CC",2,1122,1170,-1,-1,-1,1,1,1,-1,-1,-1,1,"d","d","D","d","d","D","D","D","D","D","D","D","D","D","d","D","D","D","d","D","d","d","d","D","d","D","d","D","D","D","d","d","D","d","d","d","d","d","d","D","D","d","d","D","d","d","D","D","d",-0.436790045680185
100,22,45,"AA",2,"bb",0,"Cc",1,1172,1069,1,1,-1,1,-1,1,-1,-1,1,-1,"D","D","d","d","d","D","D","D","d","d","D","d","D","D","D","d","d","d","d","d","D","d","D","D","D","D","D","d","D","D","D","D","d","d","d","D","d","d","D","D","d","d","D","D","D","d","D","d","d",0.145248126387507
91,22,46,"Aa",1,"bb",0,"CC",2,1172,1174,-1,-1,-1,-1,1,1,-1,-1,-1,-1,"d","D","D","d","D","D","d","D","D","d","D","d","D","D","D","d","D","D","d","d","D","d","D","D","D","D","D","D","D","D","D","D","D","d","D","d","D","d","D","d","d","D","d","D","D","D","d","d","D",-2.18124958029021
96,22,47,"Aa",1,"BB",2,"cC",1,1125,1270,-1,-1,1,-1,-1,1,-1,1,-1,-1,"d","d","d","D","D","d","D","D","d","d","d","d","d","d","D","d","d","d","D","d","D","D","d","d","D","D","d","D","d","d","d","d","D","d","D","D","D","D","d","d","D","d","d","d","D","D","d","d","d",0.0414690708837426
102,22,48,"aa",0,"bb",0,"cC",1,1126,1174,1,-1,-1,1,1,1,1,1,-1,1,"d","d","D","d","D","D","d","d","D","D","D","D","d","d","D","d","D","d","d","d","d","D","d","d","D","D","d","D","D","d","D","D","D","D","D","d","D","D","D","D","d","d","d","d","D","d","D","D","d",-1.48874386740795
100,22,49,"Aa",1,"bb",0,"cc",0,1176,980,1,1,-1,-1,1,1,1,-1,-1,-1,"d","D","D","D","d","d","D","d","d","D","D","d","D","d","d","d","d","D","D","D","d","D","D","D","d","d","D","D","D","d","D","d","d","d","D","d","d","d","d","D","D","d","d","d","D","d","D","D","d",0.245137828376531
100,22,50,"Aa",1,"BB",2,"Cc",1,1127,880,1,-1,-1,-1,-1,1,1,1,-1,1,"d","D","d","D","D","D","D","D","D","d","d","D","D","d","d","d","D","d","D","D","D","d","D","D","D","D","d","D","D","d","D","d","d","d","d","d","D","D","d","D","D","D","d","d","d","d","D","d","d",0.710573032562102
105,23,1,"AA",2,"bB",1,"cc",0,1129,987,-1,1,1,1,1,1,1,1,-1,-1,"d","d","D","D","D","D","D","D","D","D","D","D","D","d","D","D","d","d","d","D","d","D","D","d","D","d","D","D","D","d","D","D","D","D","d","D","D","D","d","d","d","d","d","D","d","d","d","D","d",1.17792445578817
97,23,2,"aA",1,"Bb",1,"Cc",1,1130,1330,-1,1,-1,-1,-1,1,-1,-1,1,-1,"d","D","d","d","d","D","d","d","D","d","D","d","d","D","d","d","D","d","D","d","d","d","D","d","d","d","d","d","d","D","d","D","d","D","D","d","d","D","D","d","D","D","d","d","D","D","D","D","D",1.03248216522864
99,23,3,"Aa",1,"Bb",1,"Cc",1,1130,788,1,-1,1,-1,1,1,-1,-1,-1,1,"D","D","D","d","D","d","d","D","d","d","d","d","D","D","D","d","D","d","d","d","D","D","D","d","d","d","d","d","D","d","D","d","d","d","d","d","d","D","d","d","d","D","d","D","d","D","d","D","D",-0.228383562646876
99,23,4,"Aa",1,"Bb",1,"cc",0,1132,1039,1,1,-1,1,-1,-1,-1,1,1,-1,"D","D","d","D","d","d","D","D","D","d","d","D","d","D","d","D","d","D","d","D","d","d","D","d","D","d","D","D","d","D","D","D","d","d","d","D","D","D","D","D","d","d","d","d","d","D","d","D","D",-0.309064754515947
100,23,5,"aA",1,"bb",0,"Cc",1,1133,1231,-1,1,1,1,-1,1,-1,-1,1,-1,"D","d","d","D","d","d","d","d","d","D","d","d","d","d","D","d","d","d","D","d","d","D","D","d","d","D","D","d","d","D","d","D","d","d","D","D","D","D","d","D","D","d","d","D","D","D","D","D","D",0.152495153689222
98,23,6,"Aa",1,"bB",1,"Cc",1,1134,690,-1,-1,1,1,1,-1,-1,1,-1,1,"D","D","D","D","d","d","d","D","D","d","d","D","d","d","d","d","d","d","d","D","D","d","d","D","D","D","D","d","D","d","d","D","d","D","D","d","D","d","d","D","D","d","d","D","d","D","d","D","d",-1.28642564350385
101,23,7,"AA",2,"bb",0,"cC",1,1134,1082,-1,1,1,-1,1,1,-1,-1,1,-1,"D","d","d","D","d","d","d","D","d","d","D","D","D","d","d","d","D","d","d","D","d","d","D","D","d","D","d","d","d","d","D","D","d","D","d","d","D","d","d","D","d","D","d","D","D","D","d","D","D",1.24992142122031
102,23,8,"AA",2,"bB",1,"cc",0,1136,1335,1,-1,1,-1,1,-1,1,1,-1,1,"d","D","d","d","d","d","d","D","D","d","d","d","d","D","d","D","D","d","d","d","d","d","d","D","D","d","d","d","D","d","D","D","D","d","d","D","D","d","d","d","D","d","D","D","D","d","D","d","D",0.952338143472181
99,23,9,"aa",0,"bB",1,"CC",2,1139,895,-1,-1,1,-1,1,-1,-1,1,1,1,"D","D","d","d","d","D","D","D","D","d","D","d","D","d","D","D","D","d","D","D","D","D","D","d","D","d","d","d","d","D","d","D","d","d","d","D","D","d","D","d","d","d","d","d","D","d","D","d","d",-0.376919110763709
99,23,10,"AA",2,"BB",2,"Cc",1,1138,992,-1,-1,1,1,-1,-1,1,1,1,1,"D","D","D","D","d","D","d","d","D","D","D","D","D","d","D","d","D","d","D","d","d","d","D","d","d","d","d","d","d","D","D","d","D","d","D","d","D","D","D","D","D","D","D","D","d","D","d","D","d",-2.34814974507296
94,23,11,"aa",0,"bB",1,"Cc",1,1139,989,-1,-1,1,-1,1,-1,-1,-1,1,-1,"d","d","D","D","d","D","D","D","D","d","d","d","d","d","d","D","d","d","D","D","d","D","d","D","D","d","D","d","d","d","d","D","d","d","D","D","d","d","D","d","D","D","d","D","D","D","d","d","d",-1.34138345399122
98,23,12,"AA",2,"BB",2,"cc",0,1189,1383,-1,1,-1,-1,-1,-1,1,1,-1,1,"D","D","D","D","D","d","D","d","D","d","d","D","D","D","d","D","d","d","d","d","D","D","D","d","d","D","d","D","d","D","D","d","d","d","D","D","d","D","D","D","D","D","D","D","d","D","d","d","d",0.148228669013515
99,23,13,"Aa",1,"BB",2,"cc",0,1140,790,1,-1,1,1,1,-1,1,-1,-1,-1,"d","D","D","d","d","d","d","D","D","D","D","D","d","D","D","d","d","D","D","d","D","D","D","d","D","D","D","d","d","d","D","d","D","D","D","d","D","D","D","D","d","D","d","d","D","D","D","D","D",-0.995881887239608
89,23,14,"Aa",1,"bB",1,"Cc",1,1141,1043,-1,-1,-1,-1,-1,1,-1,-1,-1,-1,"d","D","D","d","D","d","d","D","d","D","D","d","D","d","D","D","d","d","D","D","d","D","D","D","d","D","d","D","d","D","d","d","D","D","d","d","D","D","d","d","d","d","D","d","d","D","d","d","D",-2.18976586783686
94,23,15,"AA",2,"bb",0,"cC",1,1143,1000,-1,-1,-1,-1,-1,1,1,1,-1,-1,"D","d","D","d","d","D","D","d","D","D","d","D","D","d","D","D","d","D","D","d","D","d","d","D","D","d","d","D","D","d","d","d","d","d","D","d","d","D","d","D","d","D","D","D","d","D","D","d","D",-1.25300602419476
96,23,16,"aa",0,"Bb",1,"Cc",1,1144,1434,1,-1,-1,-1,-1,1,-1,-1,-1,1,"d","D","D","d","D","D","d","D","d","D","D","d","d","D","D","D","d","D","D","d","d","D","D","d","D","d","D","D","D","D","d","D","d","D","D","D","d","D","d","D","D","d","D","d","d","d","D","d","D",0.858320465723915
104,23,17,"AA",2,"bb",0,"CC",2,1145,1000,-1,-1,-1,-1,1,1,1,1,1,1,"D","D","D","D","D","d","D","d","D","D","d","D","D","d","D","d","d","d","D","D","D","d","d","D","d","d","D","D","D","d","d","D","d","d","D","d","d","D","d","d","d","D","D","d","d","d","D","D","D",2.18643983394625
97,23,18,"aa",0,"BB",2,"cc",0,1146,1150,-1,-1,1,-1,1,-1,-1,1,-1,1,"d","D","d","d","d","d","D","d","D","D","d","D","D","D","D","d","D","d","d","d","D","d","d","d","D","D","D","D","D","d","d","D","d","D","D","d","d","d","D","d","D","d","D","d","d","D","D","D","D",-0.892206337862267
100,23,19,"AA",2,"bB",1,"cC",1,1147,1148,-1,-1,-1,1,-1,1,1,1,1,1,"d","d","d","D","d","D","D","d","D","D","D","D","d","D","d","D","d","D","d","D","d","D","D","D","d","D","D","d","D","d","d","D","D","d","d","D","D","D","D","d","d","d","d","D","d","d","d","d","D",-1.53251538169045
93,23,20,"aA",1,"BB",2,"cc",0,1246,1922,-1,-1,-1,-1,1,1,-1,-1,-1,1,"d","D","d","d","D","d","d","D","d","d","d","D","d","d","D","d","D","d","d","D","d","D","D","D","d","d","D","D","d","D","D","d","d","D","D","D","d","D","D","D","d","D","d","D","d","D","d","D","d",-2.33132811808531
97,23,21,"Aa",1,"Bb",1,"CC",2,1149,1000,-1,-1,1,1,-1,1,-1,1,1,1,"D","d","D","D","d","D","d","d","D","D","d","D","D","D","D","D","D","d","D","d","D","D","d","D","D","d","d","D","d","D","d","d","d","d","D","d","d","D","d","d","d","D","D","D","d","d","D","d","D",-4.03409631386067
97,23,22,"Aa",1,"bb",0,"CC",2,22,857,1,-1,1,-1,-1,1,1,-1,-1,-1,"D","D","d","d","d","D","D","d","D","D","d","D","D","D","D","D","D","D","D","D","D","d","D","D","D","D","d","d","d","d","d","D","d","D","d","d","d","D","d","D","D","d","d","d","D","D","d","D","D",-0.622621261853247
107,23,24,"aa",0,"bB",1,"Cc",1,1151,1102,-1,-1,1,1,1,1,1,1,1,1,"D","d","D","D","d","D","D","d","d","D","d","d","D","d","D","d","D","d","D","D","d","d","D","D","D","d","D","D","d","d","d","D","D","D","D","d","D","D","D","d","d","d","d","d","D","D","D","d","D",1.19956185572178
99,23,25,"aA",1,"bB",1,"Cc",1,1152,1298,-1,1,1,-1,-1,-1,-1,-1,-1,1,"D","D","D","D","d","d","D","d","D","D","d","D","D","D","d","D","d","D","D","D","D","d","D","D","d","D","d","d","D","D","D","D","d","d","d","d","D","d","D","D","D","D","d","D","d","D","d","d","D",3.03322320738583
101,23,26,"aa",0,"BB",2,"cC",1,1153,957,-1,-1,1,-1,1,-1,1,-1,1,1,"D","D","D","D","d","d","d","D","d","D","D","D","d","d","d","D","D","D","D","d","D","d","D","d","d","D","d","D","D","D","d","d","d","D","d","d","d","d","d","D","d","d","d","D","d","D","d","D","D",1.41730597427108
97,23,27,"Aa",1,"bb",0,"cC",1,1154,1445,-1,-1,1,-1,1,-1,1,-1,1,-1,"d","D","D","D","d","D","D","D","d","D","D","d","d","d","d","d","D","D","D","d","D","D","D","D","D","D","d","D","D","d","d","d","D","d","D","d","D","d","d","d","D","D","d","d","D","D","d","D","D",-0.155747725110778
99,23,28,"AA",2,"BB",2,"cc",0,1156,1841,-1,1,-1,1,1,1,-1,-1,-1,1,"D","d","d","D","D","D","d","d","D","d","d","d","d","d","d","d","d","D","D","d","D","d","d","D","D","D","d","D","D","D","d","d","D","D","d","d","D","D","D","d","d","d","D","d","D","d","D","D","d",-0.243970610778667
100,23,29,"aA",1,"BB",2,"cC",1,1160,968,-1,-1,-1,1,-1,1,1,-1,1,1,"d","D","d","D","D","d","D","d","D","d","d","d","D","d","D","d","d","D","D","d","d","d","d","D","D","d","D","d","D","d","d","d","D","d","D","D","D","D","D","d","d","d","D","D","d","d","d","d","d",0.648048712226772
105,23,30,"aa",0,"BB",2,"Cc",1,1157,1018,-1,1,1,1,1,1,1,-1,1,1,"d","D","d","D","D","D","d","d","d","D","D","D","D","D","d","d","d","D","D","d","D","D","D","D","d","d","D","d","d","D","d","d","d","D","d","d","D","d","D","D","d","d","d","d","D","d","D","D","D",-0.108214126734169
102,23,31,"Aa",1,"BB",2,"cC",1,1158,1009,-1,-1,1,1,1,1,-1,-1,1,1,"d","D","D","D","D","d","d","D","d","D","D","D","D","d","d","d","d","d","D","D","d","D","d","D","D","d","d","D","D","D","d","d","D","D","d","D","D","D","d","D","d","d","d","d","D","d","d","D","D",0.127694394407566
104,23,32,"Aa",1,"BB",2,"cC",1,1159,1059,-1,-1,-1,1,1,1,1,1,1,1,"D","D","D","D","D","D","D","d","D","D","d","d","d","d","d","d","D","D","D","D","d","D","D","D","D","D","D","d","d","D","D","d","D","d","d","d","D","D","d","D","D","d","d","d","d","D","D","D","D",0.0975791378580088
104,23,33,"aA",1,"BB",2,"cC",1,1110,1157,-1,-1,1,1,1,1,-1,1,1,1,"d","D","D","D","D","d","D","d","d","D","D","D","D","d","D","D","D","D","D","d","d","D","d","d","d","d","d","d","d","D","d","d","d","D","D","D","D","d","D","D","d","D","d","D","d","d","d","d","D",0.409584225971027
96,23,34,"Aa",1,"Bb",1,"cC",1,1161,1012,-1,-1,-1,1,-1,-1,1,-1,-1,1,"D","d","D","D","d","d","d","D","D","d","D","D","D","d","d","D","d","D","D","D","d","D","d","D","D","D","d","D","D","d","d","D","d","D","d","d","D","d","D","d","d","d","d","d","d","D","D","D","D",0.302032059544189
88,23,35,"Aa",1,"bb",0,"cc",0,1161,1459,-1,-1,-1,1,-1,-1,-1,-1,-1,-1,"D","d","D","D","D","D","D","d","d","D","D","d","D","d","D","d","D","D","D","D","D","d","D","D","D","d","D","d","D","d","D","D","d","d","D","d","d","d","D","d","d","d","d","d","D","D","d","D","D",-3.35234036355665
105,23,36,"AA",2,"bb",0,"Cc",1,1163,1198,-1,1,-1,1,-1,-1,1,1,1,1,"D","d","d","D","D","d","d","d","d","D","D","D","D","d","D","D","d","d","d","D","d","d","d","D","d","d","D","d","D","d","D","D","d","d","d","d","D","d","D","d","D","d","d","D","D","d","D","D","D",3.13030000744203
99,23,37,"aA",1,"bB",1,"cc",0,1166,1167,-1,-1,1,-1,-1,1,1,1,-1,-1,"d","d","d","d","D","D","d","d","D","D","D","D","D","D","D","D","d","d","D","D","D","d","D","D","d","d","d","d","D","d","D","D","d","D","D","d","d","D","D","d","d","d","d","D","D","D","D","d","d",1.20596094394832
99,23,38,"AA",2,"BB",2,"cc",0,1165,772,-1,-1,1,-1,-1,1,1,1,1,1,"d","d","d","D","D","D","D","D","d","D","d","D","d","d","d","D","d","D","D","D","d","d","d","D","D","d","d","D","D","D","d","d","d","d","d","d","D","d","d","d","D","d","D","D","D","D","D","D","d",-2.05822990686566
105,23,39,"aA",1,"Bb",1,"cC",1,1215,1014,1,1,1,1,1,-1,1,1,1,1,"D","D","D","D","d","D","D","D","D","D","D","d","D","D","d","d","d","d","d","d","D","D","D","D","D","D","D","D","D","D","d","d","d","d","d","d","D","D","D","d","D","d","D","D","D","d","d","d","D",-2.66359127671981
94,23,40,"aa",0,"BB",2,"cC",1,1167,1115,-1,-1,-1,-1,-1,-1,1,-1,1,1,"D","d","D","D","d","d","D","D","D","D","d","D","d","D","d","d","d","d","D","d","d","D","d","D","d","d","d","D","D","D","D","d","D","D","D","d","d","D","D","d","D","d","D","D","d","D","d","d","D",-1.29430736442527
98,23,41,"aa",0,"BB",2,"CC",2,1168,1315,1,1,-1,-1,-1,1,-1,1,-1,-1,"D","D","D","d","d","d","D","d","D","D","D","d","D","D","D","d","d","d","d","d","D","D","D","D","d","d","D","D","D","D","d","d","D","D","d","D","D","D","d","D","D","d","d","d","D","D","D","d","d",0.177757813596435
98,23,42,"aA",1,"bb",0,"cC",1,1169,1319,-1,-1,1,-1,-1,-1,-1,1,1,1,"d","d","d","D","d","d","D","D","D","d","D","D","D","D","d","D","d","d","D","d","d","D","d","d","D","D","d","d","D","D","d","d","d","d","D","d","D","D","D","D","d","d","d","D","D","d","d","d","d",0.362111263975354
99,23,43,"AA",2,"bb",0,"cC",1,1123,1022,-1,-1,1,-1,1,1,1,-1,1,-1,"d","d","d","D","d","D","d","D","D","d","D","D","d","d","d","d","D","d","D","d","D","D","D","D","D","d","d","D","D","D","D","d","d","D","d","D","D","d","D","d","D","D","d","D","D","D","D","d","D",-0.936343125019743
99,23,44,"aa",0,"bb",0,"cc",0,1171,1169,1,-1,1,-1,-1,1,1,-1,1,1,"d","D","d","D","D","d","d","D","D","d","d","d","D","D","D","d","D","d","D","d","D","D","d","D","D","D","D","D","d","D","d","d","d","D","d","D","d","D","D","d","D","D","D","d","D","d","D","d","d",-2.40711017384004
101,23,45,"aa",0,"BB",2,"Cc",1,1171,1126,1,-1,1,-1,-1,1,-1,1,1,1,"d","D","d","D","D","D","D","D","d","D","d","D","D","D","d","D","d","D","d","d","d","D","D","D","D","D","d","D","D","D","d","d","d","D","D","D","D","D","D","d","D","D","d","D","D","D","d","d","D",-0.294961581501307
103,23,46,"AA",2,"bb",0,"CC",2,1222,1222,-1,1,-1,-1,1,1,1,1,1,1,"D","d","d","d","d","D","D","D","d","d","D","D","D","D","d","d","d","d","D","D","d","D","D","D","D","d","d","D","D","d","d","D","D","d","d","d","D","D","D","D","D","d","d","d","d","d","d","D","D",-0.186992625988528
100,23,47,"aa",0,"bb",0,"CC",2,1174,1116,-1,1,1,-1,1,-1,1,1,-1,1,"d","d","d","D","D","d","d","d","d","D","d","d","d","D","d","D","D","D","d","d","d","d","D","D","D","D","D","D","d","d","d","D","d","D","D","D","D","d","D","d","D","d","d","D","D","D","d","D","d",-1.05281800152348
103,23,48,"AA",2,"bb",0,"cC",1,1224,784,1,-1,-1,1,1,1,1,1,-1,1,"d","D","d","D","D","D","d","d","D","d","D","d","d","D","D","d","d","d","d","D","d","D","d","D","D","D","D","D","D","D","D","D","D","D","d","d","d","D","D","D","d","d","d","d","D","d","d","D","d",-0.494414546515108
103,23,49,"Aa",1,"bb",0,"cc",0,1176,681,1,1,-1,1,1,1,1,-1,-1,1,"D","D","d","D","D","d","D","D","D","D","d","d","D","d","d","d","D","D","D","D","d","d","d","d","D","D","d","D","d","d","d","D","D","D","d","d","D","d","d","d","D","D","d","D","d","d","D","D","D",-0.794868886184563
98,23,50,"aa",0,"BB",2,"CC",2,1177,1177,-1,-1,1,1,1,1,-1,1,-1,-1,"d","D","D","d","d","d","D","D","D","D","D","d","d","D","D","d","d","d","d","d","d","d","D","D","D","d","d","d","D","D","D","d","D","d","d","d","d","d","d","D","d","d","d","d","d","d","d","D","D",-1.3547613588908
104,24,1,"aA",1,"BB",2,"CC",2,1179,885,1,1,1,1,-1,1,-1,1,1,-1,"d","D","d","d","d","d","D","d","D","d","D","D","D","D","d","d","D","D","D","d","d","d","d","D","D","D","d","D","d","d","d","d","d","D","d","D","D","d","D","d","d","D","d","D","D","D","D","d","D",0.506869227339171
97,24,2,"Aa",1,"bB",1,"cC",1,1180,1280,-1,-1,-1,-1,-1,-1,1,1,1,1,"d","D","D","d","D","D","d","d","D","d","d","D","d","d","d","d","d","d","d","D","D","D","D","D","d","d","d","D","d","d","d","d","d","d","D","d","D","D","D","D","D","d","d","d","D","d","D","d","d",-0.0534104506503928
106,24,3,"AA",2,"bb",0,"cC",1,1180,1139,1,1,-1,1,1,1,1,-1,1,1,"d","D","D","d","D","d","D","D","D","d","d","D","d","d","d","d","D","d","d","D","D","D","D","D","d","d","d","d","d","d","d","D","D","D","d","d","D","D","d","D","d","d","d","d","D","d","d","d","d",0.19239043068294
101,24,4,"aA",1,"Bb",1,"cc",0,1181,1136,-1,1,1,-1,1,-1,1,-1,1,-1,"D","D","d","d","d","D","d","d","D","d","d","d","D","D","D","D","D","d","d","d","d","D","d","D","D","d","d","D","d","d","d","D","D","d","d","D","D","d","D","d","d","D","d","D","D","D","d","d","d",1.21500032260938
102,24,5,"AA",2,"bb",0,"Cc",1,1229,1329,1,1,-1,-1,1,1,-1,-1,1,1,"D","d","D","d","D","d","d","d","d","d","d","D","d","d","d","d","d","d","d","D","D","d","D","d","D","D","D","d","d","d","D","D","d","D","D","d","d","d","D","d","D","d","d","D","d","D","D","d","D",0.76468547835913
96,24,6,"aA",1,"Bb",1,"cC",1,1183,1287,-1,-1,-1,1,-1,-1,1,1,-1,1,"d","D","D","d","D","d","d","d","D","d","d","D","d","d","D","D","D","d","D","d","d","d","d","D","D","d","d","D","D","d","d","D","D","d","D","d","d","D","d","D","d","d","D","d","D","D","D","D","D",-1.15414630319581
106,24,7,"Aa",1,"Bb",1,"Cc",1,1134,950,-1,1,1,1,1,1,1,1,1,1,"D","d","D","D","d","d","D","D","D","d","D","D","d","D","D","d","d","d","d","D","D","d","d","D","D","D","D","d","d","d","d","d","D","D","D","d","D","D","D","D","D","d","d","D","D","D","D","D","d",-1.30575540893834
101,24,8,"aa",0,"BB",2,"cc",0,1185,1284,-1,1,1,1,-1,1,-1,-1,1,1,"D","D","D","d","D","d","d","d","d","D","D","d","d","d","d","D","d","D","d","D","D","D","d","d","D","d","D","D","D","D","D","D","D","d","D","d","D","d","D","D","D","d","d","d","d","d","D","D","D",-0.739720010402176
100,24,9,"aa",0,"BB",2,"cc",0,1235,1235,1,1,1,1,-1,-1,-1,-1,-1,1,"d","D","d","d","d","d","d","d","d","D","D","d","d","D","D","D","D","D","d","d","d","d","D","D","D","d","D","D","D","d","d","d","D","d","d","D","D","d","d","d","d","d","d","d","d","D","D","d","d",0.179890053338139
94,24,10,"Aa",1,"BB",2,"CC",2,1186,939,-1,-1,-1,-1,-1,1,-1,-1,1,-1,"D","D","D","d","D","D","d","d","D","D","D","d","D","D","D","d","D","d","d","d","d","d","D","d","D","d","d","D","D","d","d","d","d","D","d","D","D","D","d","D","d","d","D","d","D","D","D","d","D",0.133993373702277
97,24,11,"Aa",1,"BB",2,"cC",1,1189,1235,-1,1,-1,1,-1,-1,1,1,-1,-1,"d","D","d","D","d","d","d","d","d","D","D","D","d","D","D","D","D","d","d","d","d","D","d","D","D","D","d","D","D","D","d","D","D","d","d","D","D","D","D","D","d","D","d","D","D","d","D","d","D",-0.279436458994812
103,24,12,"aa",0,"Bb",1,"cC",1,1190,939,1,-1,1,-1,1,1,-1,1,1,-1,"D","D","D","d","D","d","d","d","D","d","D","d","D","D","D","D","D","D","d","d","d","D","D","D","D","d","d","d","D","d","d","d","d","d","d","D","D","D","D","D","D","d","D","d","D","d","d","D","D",1.07157535171084
101,24,13,"aA",1,"bb",0,"CC",2,1190,1095,1,-1,1,-1,1,1,-1,-1,1,1,"D","D","D","d","d","d","d","D","d","d","d","d","D","d","d","D","d","D","D","D","d","D","D","D","D","d","d","d","D","D","d","d","d","d","d","D","d","D","D","D","d","d","D","d","d","d","d","D","D",-0.747181514680713
102,24,14,"AA",2,"bB",1,"cc",0,1143,1093,-1,1,-1,-1,1,1,1,-1,1,1,"d","D","D","d","d","d","D","D","D","D","D","D","d","D","D","D","d","D","d","d","d","D","d","d","D","d","d","d","d","D","D","d","d","d","d","d","d","D","D","d","d","D","d","D","d","D","d","d","D",0.0919425466022718
93,24,15,"aA",1,"bB",1,"cc",0,1192,1143,-1,-1,-1,-1,-1,-1,1,-1,1,-1,"D","d","D","d","d","D","d","D","d","D","D","D","D","d","d","d","D","D","D","d","d","d","D","D","d","D","d","D","D","d","d","d","d","D","d","D","D","D","D","d","d","D","d","d","D","D","D","d","D",-0.939735353342269
104,24,16,"aa",0,"Bb",1,"cC",1,1193,1240,1,-1,1,-1,-1,-1,1,1,1,1,"D","d","D","D","d","d","D","D","D","d","d","D","D","D","d","D","D","d","D","d","d","d","D","d","D","D","d","d","d","d","d","d","D","D","d","D","d","d","D","d","D","D","D","d","d","d","D","d","D",2.00515159259508
96,24,17,"Aa",1,"Bb",1,"cc",0,1194,1243,1,-1,-1,1,-1,-1,-1,-1,1,-1,"d","D","D","d","d","D","d","D","D","D","D","D","D","d","D","D","d","D","d","D","d","d","D","D","D","d","d","D","D","D","D","d","d","d","d","d","d","d","d","d","d","d","d","d","D","d","d","d","d",0.294736403643745
101,24,18,"AA",2,"BB",2,"CC",2,1244,1244,1,1,-1,-1,-1,-1,1,-1,1,1,"D","D","D","D","D","D","d","D","D","D","D","D","D","d","d","d","d","D","d","d","d","D","D","D","D","D","d","D","D","D","D","d","D","d","d","d","d","d","d","d","D","d","d","D","d","d","d","D","D",1.17841208528855
96,24,19,"AA",2,"Bb",1,"CC",2,1244,1196,1,-1,-1,-1,-1,-1,-1,-1,1,1,"D","D","D","D","D","d","D","D","d","D","d","d","D","d","D","d","d","d","D","d","D","D","D","D","D","d","D","D","d","D","d","D","d","D","d","D","D","d","D","d","d","d","D","d","d","d","d","D","D",0.314840044865199
101,24,20,"aA",1,"bb",0,"cC",1,1196,1095,1,1,-1,-1,-1,1,1,1,1,1,"D","d","D","D","d","d","D","d","d","d","d","D","D","D","d","d","d","D","D","d","d","D","D","D","D","D","d","d","D","d","d","d","d","d","d","d","D","d","D","d","d","d","D","d","d","d","d","D","D",-2.84050693715176
105,24,21,"Aa",1,"bB",1,"cC",1,1198,800,1,-1,1,1,1,-1,1,1,-1,1,"d","d","D","D","d","d","d","d","d","d","d","D","D","D","d","d","d","d","D","d","D","D","D","d","D","D","D","D","d","D","d","d","d","D","d","D","D","D","d","D","D","D","d","d","d","D","d","D","D",1.85510937243878
97,24,22,"AA",2,"BB",2,"cc",0,1150,1302,-1,-1,-1,-1,-1,1,1,-1,1,1,"d","D","D","d","d","d","D","D","d","d","D","D","d","D","D","D","D","d","D","D","d","D","d","d","d","d","d","D","D","D","D","d","d","d","d","D","D","D","D","d","d","d","D","d","d","D","D","D","d",-0.909692236589306
101,24,23,"aa",0,"bB",1,"CC",2,23,1049,-1,1,-1,1,-1,1,1,1,-1,1,"d","d","D","d","d","d","d","d","d","D","d","D","d","D","d","d","d","d","d","d","D","d","d","d","D","d","d","d","D","d","D","d","d","d","D","d","d","d","D","D","D","D","D","d","D","d","d","D","D",-0.986513212172472
95,24,25,"aa",0,"bb",0,"cc",0,1202,1002,1,-1,-1,-1,1,-1,1,-1,-1,-1,"d","D","d","D","D","d","D","d","d","D","d","D","D","D","D","d","D","d","d","d","d","d","D","D","D","D","D","D","d","d","d","d","D","d","d","d","D","d","D","d","d","d","d","d","d","D","D","D","D",-0.595898863938534
94,24,26,"aa",0,"bB",1,"cc",0,1203,1202,-1,1,-1,-1,1,1,1,-1,-1,-1,"D","D","D","D","D","d","d","d","d","d","D","D","D","D","d","d","d","D","d","d","D","d","d","D","D","d","D","D","D","D","D","d","d","D","d","D","d","d","d","d","d","D","d","d","d","d","D","D","d",-3.71785025380033
97,24,27,"aa",0,"Bb",1,"CC",2,1205,965,-1,-1,1,-1,-1,-1,1,1,1,1,"d","d","d","d","d","d","D","d","D","d","D","D","D","D","d","d","D","d","D","D","d","d","D","d","D","D","d","D","D","D","d","D","D","d","d","D","d","D","D","D","D","d","D","D","d","D","D","D","D",-2.4692908037564
96,24,28,"aa",0,"bb",0,"CC",2,1204,1306,-1,-1,-1,1,-1,-1,1,-1,1,-1,"d","d","D","D","d","d","D","d","d","d","d","D","D","D","D","d","d","d","D","D","d","D","d","D","d","D","d","d","d","d","d","D","D","D","D","d","d","d","d","D","D","D","d","d","D","D","D","D","d",0.730103573937756
100,24,29,"aa",0,"Bb",1,"Cc",1,1205,1256,-1,-1,1,1,-1,1,-1,-1,1,1,"D","d","D","d","d","D","d","D","D","D","d","D","D","d","D","d","d","d","D","D","D","d","D","d","D","D","D","D","D","D","d","D","D","d","D","d","D","D","d","d","d","D","d","d","d","D","d","d","d",0.176467163544157
98,24,30,"aA",1,"bB",1,"cc",0,1206,1208,1,-1,-1,1,1,1,1,-1,-1,1,"D","D","d","D","D","D","D","D","d","D","d","D","D","d","D","D","d","D","D","d","d","d","d","D","D","d","d","d","D","d","D","D","d","D","d","D","D","d","d","D","d","d","d","d","D","D","D","D","D",-3.05761942420612
95,24,31,"Aa",1,"Bb",1,"Cc",1,1208,1445,-1,-1,-1,1,1,-1,-1,-1,-1,1,"d","D","D","D","d","d","d","d","d","d","D","D","d","d","d","d","D","D","D","d","d","d","d","D","D","d","D","D","D","D","d","d","D","D","D","d","D","d","d","d","D","d","D","D","D","D","D","D","D",-0.368289230883861
99,24,32,"Aa",1,"BB",2,"Cc",1,1208,1259,-1,-1,1,1,1,1,-1,1,-1,1,"d","d","d","D","D","D","d","d","d","d","D","D","D","D","d","d","d","D","D","d","D","d","d","D","d","d","D","d","D","D","D","d","D","D","d","D","D","d","D","d","d","d","D","D","d","D","d","D","d",-2.21270960889335
97,24,33,"aA",1,"bb",0,"cc",0,1209,536,-1,-1,1,1,-1,1,-1,1,-1,-1,"d","d","D","d","D","D","D","D","d","d","d","d","D","D","d","d","d","d","D","D","D","D","d","d","D","D","d","d","d","D","d","D","d","d","d","d","d","d","D","d","d","d","D","D","d","d","D","d","D",-0.861048143868705
99,24,34,"aa",0,"Bb",1,"cc",0,1210,1209,-1,-1,-1,1,1,-1,1,1,1,-1,"D","D","d","D","d","d","D","d","D","D","d","d","d","D","D","D","d","d","d","d","d","D","D","d","d","d","D","d","d","D","D","d","D","D","d","D","D","d","d","d","D","D","d","d","D","d","d","D","d",-0.460804825733677
103,24,35,"aA",1,"bb",0,"cc",0,1211,966,-1,1,1,1,1,1,1,-1,-1,-1,"d","D","D","d","D","D","D","D","D","D","D","D","d","D","d","d","d","D","d","d","D","D","D","D","D","d","D","D","d","D","D","d","d","D","D","d","d","D","D","d","D","d","d","d","d","d","D","D","D",1.06253108032405
104,24,36,"aA",1,"bb",0,"Cc",1,1212,1112,1,-1,1,1,-1,1,1,-1,1,-1,"d","D","D","D","D","d","D","D","D","D","d","D","d","d","D","d","D","d","D","d","D","d","D","D","D","d","d","d","D","d","D","D","D","D","d","d","D","D","d","D","d","d","d","d","d","d","D","D","d",2.37355306230018
95,24,37,"Aa",1,"bB",1,"Cc",1,1213,1654,-1,-1,-1,-1,-1,-1,-1,-1,1,1,"d","d","D","d","D","d","D","D","d","d","D","D","D","d","D","D","d","D","d","D","d","D","D","D","D","d","D","D","D","d","D","D","D","d","D","D","d","D","D","D","d","D","d","d","D","d","d","d","D",1.11284198391207
100,24,38,"aA",1,"bb",0,"cC",1,1214,956,1,1,-1,1,-1,-1,1,1,-1,-1,"d","d","D","D","D","D","d","d","D","D","d","D","D","D","D","d","d","d","D","D","D","d","D","D","D","d","d","d","d","D","D","d","d","D","d","D","D","D","d","D","D","d","d","D","D","D","D","D","D",0.088981825588061
103,24,39,"AA",2,"bB",1,"Cc",1,1166,1263,-1,1,1,1,1,1,1,-1,-1,-1,"D","d","d","d","D","D","D","d","D","D","D","d","D","d","D","D","D","d","D","D","d","d","D","D","D","d","d","d","d","d","D","D","d","D","D","D","D","D","d","d","d","D","d","D","d","D","d","d","D",1.2404167466355
93,24,40,"AA",2,"BB",2,"cc",0,1167,1167,-1,-1,-1,-1,-1,-1,1,1,-1,1,"d","d","d","d","D","d","d","D","D","D","D","D","d","D","D","d","d","d","d","D","D","D","D","d","D","d","d","D","D","D","D","d","d","D","D","d","d","d","d","D","d","d","d","D","D","d","d","d","d",-2.52828763155676
98,24,41,"Aa",1,"Bb",1,"Cc",1,1217,974,-1,-1,1,-1,-1,1,-1,-1,1,1,"d","D","D","D","D","d","d","D","d","d","D","d","d","d","d","d","d","d","D","d","D","D","D","D","d","d","d","d","D","D","D","D","d","d","d","D","d","D","d","D","D","D","d","d","D","D","D","D","d",0.426403340718966
96,24,42,"Aa",1,"BB",2,"CC",2,1169,1122,-1,-1,1,-1,-1,1,-1,-1,1,-1,"d","d","d","D","d","d","D","D","D","d","d","D","D","D","d","D","D","d","d","d","d","D","d","D","D","d","D","D","D","d","d","d","d","d","d","d","D","d","d","D","D","D","d","D","D","D","D","d","d",0.841717257298101
96,24,43,"aA",1,"bB",1,"cC",1,1315,928,-1,-1,-1,-1,-1,1,-1,-1,-1,1,"D","d","d","d","d","D","d","d","d","D","D","D","d","D","d","d","d","d","D","D","D","D","d","d","D","D","d","d","d","d","d","D","d","D","D","D","D","d","D","D","d","d","d","D","D","D","d","d","D",2.96943529695821
100,24,44,"aA",1,"bb",0,"cC",1,1221,1123,1,-1,-1,-1,1,1,-1,1,1,1,"d","D","D","D","D","d","D","d","D","D","D","D","D","d","d","D","d","d","d","d","d","d","D","d","D","D","d","d","D","D","D","D","D","d","D","D","d","D","d","d","d","D","D","d","d","D","D","d","d",-1.87463680641113
103,24,45,"aA",1,"bb",0,"cC",1,1220,1518,-1,1,-1,-1,1,1,-1,1,1,1,"D","D","d","D","D","D","D","D","D","d","d","d","D","d","d","D","d","d","D","D","D","d","D","d","D","D","d","d","D","D","d","D","d","d","d","d","d","D","D","D","D","d","d","d","d","D","d","d","d",1.50066689232926
99,24,46,"aA",1,"bB",1,"CC",2,1321,1219,-1,-1,1,-1,1,-1,-1,1,-1,1,"d","D","D","D","D","d","D","d","d","D","d","d","D","D","d","D","D","D","d","d","d","d","d","D","D","d","d","D","D","d","D","d","D","D","d","d","d","d","d","d","D","d","D","d","d","D","D","D","d",1.47409962694632
99,24,47,"aA",1,"Bb",1,"Cc",1,1223,784,-1,-1,1,1,-1,1,1,-1,-1,1,"d","D","D","D","D","d","d","D","d","d","D","D","D","D","d","D","D","d","d","d","d","D","d","D","D","D","D","D","D","D","D","d","D","D","d","D","d","d","D","d","D","d","D","d","d","D","d","d","d",-0.522156153519489
103,24,48,"aa",0,"bB",1,"cC",1,1224,825,1,-1,1,-1,1,1,1,1,-1,1,"d","d","D","d","d","d","D","d","D","d","D","d","D","D","d","D","d","D","D","D","D","D","d","D","D","D","D","D","D","D","d","D","d","D","d","d","D","D","d","d","d","D","d","d","D","d","d","D","d",-0.0724817045089988
101,24,49,"AA",2,"bb",0,"cC",1,1275,38,1,-1,1,1,1,-1,1,-1,1,-1,"d","D","d","D","d","d","D","D","D","D","D","d","d","D","d","D","D","D","D","D","D","D","D","D","d","D","d","d","D","D","D","d","d","d","D","d","D","d","d","d","D","D","D","D","D","d","D","D","d",-0.704393230508726
95,24,50,"aA",1,"bB",1,"cc",0,1275,1415,-1,-1,1,-1,1,1,1,-1,-1,-1,"D","D","D","D","d","D","D","D","D","D","d","d","d","D","d","D","D","D","d","d","D","D","d","D","d","D","d","D","d","D","D","d","d","d","D","d","d","d","D","d","D","d","d","d","D","d","d","D","d",-2.3906818384714
101,25,1,"aa",0,"bB",1,"cC",1,1227,940,1,-1,-1,1,1,1,1,1,1,-1,"D","d","D","d","d","D","d","D","d","d","D","D","D","d","d","d","d","D","d","D","D","D","D","D","D","d","d","D","d","D","d","D","d","D","D","d","D","d","d","d","d","d","d","D","D","d","D","d","D",-2.00383838446978
105,25,2,"aa",0,"BB",2,"Cc",1,1179,1144,1,1,1,-1,1,1,1,-1,1,-1,"d","d","D","D","d","D","D","d","D","d","D","D","d","D","D","d","D","D","D","d","D","D","D","D","D","D","d","d","D","D","D","D","D","D","D","D","d","d","D","d","D","D","d","D","d","d","d","D","d",1.51536238878894
102,25,3,"AA",2,"bB",1,"Cc",1,1229,890,1,1,-1,1,-1,1,1,-1,1,-1,"d","d","d","d","d","d","D","d","D","d","d","D","d","d","D","d","d","D","d","d","d","d","d","d","D","d","D","d","d","d","D","D","d","d","d","d","D","D","d","d","d","d","d","D","D","D","D","D","D",0.165267785882161
98,25,4,"AA",2,"bb",0,"cC",1,1279,1229,-1,1,1,-1,-1,-1,-1,-1,1,1,"D","d","d","d","d","D","d","D","d","d","D","D","D","d","d","d","d","d","D","D","D","D","D","D","d","d","D","d","d","D","D","d","d","d","D","d","d","D","D","D","d","D","D","D","D","D","D","D","D",0.114079427229217
99,25,5,"AA",2,"bb",0,"cc",0,1231,1230,-1,-1,1,1,1,-1,-1,1,-1,-1,"d","d","D","d","D","d","d","D","d","d","d","d","D","D","D","D","d","D","d","d","D","D","D","d","D","D","D","d","D","d","d","D","d","d","D","D","D","d","d","D","D","D","D","d","d","D","D","D","d",1.59457575167453
100,25,6,"aa",0,"BB",2,"Cc",1,1281,1585,1,1,-1,1,-1,-1,1,1,-1,1,"D","d","D","d","d","d","d","d","D","d","D","D","D","D","d","D","d","D","d","d","d","d","D","D","d","D","d","D","D","d","D","D","d","D","D","d","D","D","D","D","D","D","D","D","d","D","d","d","D",-1.46165424448491
104,25,7,"Aa",1,"Bb",1,"Cc",1,1233,1230,1,1,-1,1,1,1,-1,1,1,-1,"d","D","d","d","D","D","D","d","d","d","D","d","D","d","D","D","d","d","d","d","d","D","D","D","d","d","D","d","D","d","d","d","D","d","D","D","D","D","d","d","D","D","D","d","d","D","D","D","d",0.208199173492754
94,25,8,"AA",2,"bB",1,"cc",0,1234,1437,-1,1,-1,-1,-1,-1,-1,-1,1,-1,"D","d","d","D","d","d","d","d","D","D","d","d","D","D","d","d","D","d","d","d","d","d","d","D","d","d","d","d","D","d","d","D","d","d","D","D","d","D","d","D","d","D","D","D","d","d","d","d","D",0.903726577928274
104,25,9,"aA",1,"Bb",1,"cc",0,1235,1136,1,1,1,-1,-1,1,1,-1,-1,1,"D","d","d","d","d","d","d","d","D","D","d","d","D","D","D","D","D","d","d","d","d","D","D","D","D","d","d","D","d","d","d","D","D","d","d","D","D","d","d","d","D","d","d","d","D","D","d","d","d",2.03092609219211
101,25,10,"AA",2,"BB",2,"Cc",1,1236,1290,-1,-1,1,-1,1,1,1,1,-1,-1,"D","d","D","d","D","d","D","D","D","D","D","d","d","d","D","d","D","d","d","d","d","d","d","d","d","D","d","D","D","D","d","D","d","D","D","d","d","D","D","d","D","d","D","D","d","D","d","d","D",1.02339684889606
102,25,11,"aa",0,"BB",2,"cC",1,1286,1041,-1,-1,1,1,-1,1,1,-1,1,1,"D","d","d","d","D","d","D","D","D","d","D","D","d","D","d","d","d","D","D","d","D","d","D","D","D","D","D","D","d","D","D","d","d","d","d","D","D","d","d","d","D","D","D","D","D","d","D","D","D",0.389240554701835
101,25,12,"aA",1,"Bb",1,"cc",0,1237,1142,-1,-1,-1,1,-1,-1,1,1,-1,1,"d","D","D","d","d","d","d","D","D","D","D","D","D","d","D","d","d","d","d","D","d","D","d","D","D","D","d","D","d","d","D","D","d","D","d","D","D","d","d","d","d","D","D","d","d","D","d","D","D",3.4115004894465
101,25,13,"AA",2,"bB",1,"cc",0,1239,1044,-1,-1,1,1,1,-1,-1,1,1,-1,"d","D","d","D","d","d","d","D","D","d","d","D","D","D","d","D","D","d","d","d","D","d","d","d","D","D","D","d","d","D","d","d","D","D","D","D","D","D","D","d","D","D","d","d","d","d","D","d","d",1.53804626308072
93,25,14,"AA",2,"bB",1,"CC",2,1241,1389,-1,-1,1,-1,-1,-1,-1,-1,-1,-1,"d","d","D","d","d","D","d","d","D","d","D","D","d","D","D","d","d","D","D","d","D","D","d","D","d","d","d","D","D","d","D","d","d","d","d","d","d","D","D","d","d","D","D","D","d","d","d","d","D",1.34745682709674
103,25,15,"Aa",1,"BB",2,"cC",1,1290,1291,1,1,-1,1,-1,1,1,1,-1,1,"D","D","D","D","d","d","D","D","d","D","d","D","d","D","d","d","d","D","D","d","d","d","D","d","d","D","D","D","d","d","d","d","D","d","D","d","D","D","D","D","d","d","D","d","d","d","d","D","D",-0.119440426200461
100,25,16,"Aa",1,"BB",2,"Cc",1,1242,1247,-1,-1,-1,-1,1,1,1,-1,1,-1,"d","D","d","D","d","d","D","D","d","d","d","D","D","D","D","d","D","D","d","d","D","D","D","D","d","D","d","D","D","D","d","d","d","d","D","d","D","d","d","d","d","D","D","D","d","D","d","D","d",2.18190141679937
95,25,17,"AA",2,"Bb",1,"cC",1,1194,1241,-1,-1,-1,1,-1,-1,-1,1,1,-1,"d","D","D","D","d","d","D","d","d","D","d","d","d","d","D","D","d","D","D","D","d","d","D","D","D","d","d","D","D","D","d","d","d","D","d","d","d","d","D","D","d","d","d","d","d","D","d","d","D",-0.315063099049544
103,25,18,"AA",2,"Bb",1,"Cc",1,1244,1391,1,1,-1,1,-1,1,1,-1,1,1,"d","D","d","D","d","d","d","D","D","D","d","D","d","d","D","d","d","D","D","d","d","D","d","D","D","D","D","D","D","D","D","D","d","D","d","D","D","d","D","D","d","d","d","D","D","d","D","D","d",-0.67894397588273
103,25,19,"AA",2,"bB",1,"cc",0,1245,1738,1,-1,-1,1,1,-1,-1,1,1,1,"D","D","D","D","D","d","d","D","d","D","d","D","d","D","D","D","D","D","D","D","D","d","D","D","d","D","d","D","D","D","d","D","D","d","D","D","d","D","d","d","D","D","D","D","d","D","d","d","d",1.33332743221668
103,25,20,"Aa",1,"BB",2,"cC",1,1245,1594,1,1,-1,1,1,1,-1,-1,-1,1,"d","D","D","D","D","d","D","D","d","D","D","D","d","D","d","D","d","D","d","D","d","D","D","d","d","d","d","d","D","d","d","D","D","D","D","D","d","D","D","d","d","D","d","D","D","d","d","d","D",1.69871519385569
97,25,21,"aA",1,"Bb",1,"cc",0,1246,958,-1,-1,1,-1,1,1,-1,1,-1,-1,"d","D","d","D","D","d","D","D","d","D","d","D","D","d","d","D","d","D","D","D","d","D","D","d","D","d","D","D","D","d","d","d","d","D","D","d","d","D","D","d","d","D","d","D","d","D","D","D","D",-0.684561077821101
97,25,22,"Aa",1,"Bb",1,"CC",2,1249,23,-1,-1,1,-1,-1,-1,-1,1,1,-1,"d","D","d","d","D","D","D","d","D","d","d","D","D","d","D","D","d","D","d","D","d","d","d","D","d","d","d","D","d","d","d","D","D","D","D","d","d","D","d","d","d","D","d","d","d","d","d","d","d",1.09298571804855
97,25,23,"AA",2,"Bb",1,"cc",0,1249,1349,-1,-1,1,1,-1,-1,-1,-1,1,1,"D","D","D","d","D","D","D","D","D","d","D","D","D","D","d","D","d","D","d","D","D","d","D","D","d","d","D","d","d","d","D","D","D","d","D","d","d","d","D","d","d","D","d","d","d","d","d","d","D",-0.283401849000051
102,25,24,"Aa",1,"bB",1,"cc",0,1250,1203,1,-1,1,-1,1,1,-1,1,1,-1,"d","d","d","D","D","D","d","D","d","D","d","D","D","d","D","d","d","d","d","d","D","d","D","D","D","D","d","D","d","d","D","d","d","D","D","d","D","D","d","d","d","d","d","D","D","d","D","d","D",0.83520989720011
103,25,26,"aA",1,"bb",0,"Cc",1,1251,29,-1,-1,-1,1,1,1,1,1,1,-1,"D","d","d","d","D","d","D","d","d","d","D","d","d","D","D","d","D","D","d","d","D","D","D","D","d","D","d","d","D","D","d","d","d","D","d","d","d","D","d","d","d","d","D","D","d","D","d","D","d",1.29794708639023
108,25,27,"AA",2,"Bb",1,"CC",2,1252,1197,1,-1,1,1,1,1,1,1,1,1,"D","D","d","D","D","d","D","D","D","d","D","d","d","D","d","d","d","D","d","D","D","d","D","D","D","d","d","d","d","d","d","D","d","d","d","D","d","D","D","d","D","D","d","d","D","d","d","d","d",0.434761764105597
94,25,28,"aA",1,"Bb",1,"cc",0,1253,1055,-1,-1,-1,-1,1,-1,-1,-1,1,1,"d","D","D","D","D","d","D","d","D","D","D","d","d","d","D","D","D","D","D","d","d","D","D","d","d","d","d","D","d","D","D","D","D","D","D","D","d","d","d","d","d","d","D","D","D","D","d","d","d",-1.99859354957442
103,25,29,"aa",0,"Bb",1,"Cc",1,1204,1548,-1,-1,1,1,1,-1,-1,1,1,1,"d","d","d","D","D","D","d","d","D","d","D","D","D","D","D","d","d","D","D","d","D","d","d","d","D","D","d","d","d","D","d","D","D","d","D","d","d","D","D","D","d","D","d","d","D","D","d","D","d",1.2049296343726
98,25,30,"aA",1,"Bb",1,"Cc",1,1305,1548,-1,-1,-1,1,-1,-1,1,1,1,1,"D","d","D","d","D","D","d","d","D","d","D","d","D","d","D","d","d","D","d","d","D","D","D","D","d","d","d","d","d","D","d","d","D","d","D","d","d","D","D","D","d","d","d","D","D","d","d","D","d",-1.60007890094726
100,25,31,"Aa",1,"bB",1,"Cc",1,1256,1499,-1,-1,1,-1,1,1,-1,-1,1,1,"d","d","d","D","d","d","D","D","D","d","D","D","d","d","D","d","d","D","D","D","d","D","D","D","d","D","D","D","d","d","D","D","d","D","D","D","D","d","D","d","d","d","D","d","d","d","D","d","D",0.0482815391898933
103,25,32,"aA",1,"Bb",1,"cC",1,1205,948,-1,1,1,1,-1,1,1,1,-1,-1,"D","d","d","d","D","d","D","d","D","d","D","D","D","d","d","d","D","d","D","D","d","d","d","d","d","D","D","D","D","D","d","D","D","D","d","D","D","D","D","D","d","D","d","D","d","D","d","D","D",1.22228270380931
107,25,33,"Aa",1,"BB",2,"CC",2,1258,1008,-1,1,1,-1,1,1,1,1,1,1,"d","D","D","D","d","D","d","D","D","d","d","D","D","D","d","D","d","D","d","d","D","D","D","d","D","d","d","D","D","D","D","d","D","d","d","d","d","D","D","d","d","d","d","D","D","d","D","D","d",1.4763618781273
101,25,34,"AA",2,"BB",2,"cc",0,1258,1214,-1,-1,-1,1,1,-1,1,1,1,1,"d","d","d","D","D","D","D","D","D","d","D","D","D","D","D","d","d","D","D","d","D","d","d","d","D","d","D","D","d","D","D","D","d","d","D","d","D","D","D","d","d","d","d","D","D","d","D","d","d",-0.274854392368354
98,25,35,"aA",1,"bb",0,"Cc",1,1260,1312,-1,-1,-1,-1,1,-1,1,1,-1,1,"d","d","D","D","d","D","D","d","D","D","D","d","D","D","D","d","d","d","d","d","d","D","d","d","d","d","D","D","d","d","D","D","d","D","d","D","d","d","d","D","d","d","D","d","d","d","D","D","D",0.323971915261836
96,25,36,"aA",1,"bb",0,"cC",1,1209,870,-1,-1,1,1,-1,1,-1,-1,-1,1,"D","d","d","d","d","D","D","D","d","d","d","d","D","d","d","d","D","d","D","D","d","D","D","D","D","d","D","d","D","d","D","D","d","d","D","D","D","d","d","D","d","d","d","D","D","d","D","D","d",-1.44401742083343
98,25,37,"aa",0,"bb",0,"CC",2,1312,1207,-1,-1,-1,-1,-1,1,1,1,-1,1,"D","d","D","d","D","d","d","D","D","d","D","D","D","D","D","d","d","d","d","D","d","D","D","D","D","D","D","d","d","D","d","d","d","d","D","d","d","d","D","D","d","D","d","d","d","D","d","D","d",0.158547412421034
105,25,38,"Aa",1,"BB",2,"cc",0,1263,1801,1,1,1,1,-1,1,-1,-1,1,1,"D","D","D","d","d","d","D","d","d","D","D","D","D","D","D","D","D","d","D","d","d","D","d","d","D","d","d","d","d","D","D","D","D","d","d","D","d","d","D","D","D","d","D","d","d","d","d","D","D",1.17951760915292
93,25,39,"aA",1,"bb",0,"Cc",1,1361,1407,1,-1,-1,1,-1,-1,-1,-1,-1,1,"d","d","D","D","D","D","d","d","d","D","D","D","d","D","D","D","D","D","d","d","D","D","D","D","D","D","D","d","D","D","d","d","D","D","d","d","d","D","D","d","d","D","D","d","D","d","d","d","d",-2.50278852575646
97,25,40,"AA",2,"bb",0,"cc",0,1216,1218,-1,-1,-1,-1,-1,1,-1,1,-1,1,"D","D","d","d","D","D","D","d","D","D","d","D","D","d","D","D","D","D","D","d","D","d","D","D","D","D","D","d","d","d","d","D","D","d","d","D","d","D","d","d","D","d","d","d","d","d","D","D","d",1.74423345295979
98,25,41,"aA",1,"bb",0,"CC",2,1266,1314,-1,-1,-1,-1,1,-1,1,1,1,1,"d","D","D","d","D","D","D","d","d","d","D","D","D","d","D","D","d","d","d","d","d","D","d","D","D","d","D","D","D","D","d","d","D","D","D","D","d","D","D","d","d","d","d","d","D","d","d","D","D",-1.07583523636441
97,25,42,"aa",0,"BB",2,"Cc",1,1267,1808,-1,-1,-1,-1,-1,1,-1,1,-1,1,"d","d","d","D","D","D","D","D","D","D","D","D","D","d","D","d","D","d","d","D","d","D","D","D","D","d","d","D","d","d","d","D","d","D","D","d","D","D","d","D","D","d","D","d","D","D","d","d","D",1.87036812024123
95,25,43,"aA",1,"bb",0,"cc",0,1169,1217,-1,-1,-1,1,1,-1,-1,-1,1,1,"D","d","D","D","D","d","d","D","D","d","d","D","D","D","d","D","D","D","d","d","d","d","D","d","d","d","d","d","d","d","D","d","D","d","d","d","D","D","d","D","D","D","D","D","D","D","D","d","D",-2.08341262827346
103,25,44,"aa",0,"Bb",1,"CC",2,1269,1207,1,-1,-1,1,-1,1,1,1,1,1,"D","d","D","d","D","D","d","D","D","D","D","D","D","D","d","D","d","d","d","D","d","D","D","D","D","d","d","D","d","D","d","D","d","d","D","D","D","D","D","D","d","d","d","d","d","d","d","D","d",-0.508648804424826
102,25,45,"aa",0,"Bb",1,"cC",1,1269,1416,1,1,-1,1,-1,1,-1,-1,-1,1,"D","d","d","d","d","d","d","D","d","D","D","D","d","D","D","D","d","D","D","d","D","D","D","D","d","d","d","D","D","d","D","D","D","d","d","D","d","D","D","D","d","D","d","d","D","D","d","D","D",2.27655305196816
103,25,46,"aA",1,"BB",2,"cc",0,1271,1226,-1,-1,-1,1,1,1,1,-1,1,1,"D","d","D","D","d","D","d","d","d","d","d","D","D","d","d","d","d","D","d","D","d","d","D","D","d","d","d","D","d","d","d","D","d","D","D","d","d","d","D","D","D","d","d","D","D","d","d","D","d",1.94394142151299
101,25,47,"aa",0,"bb",0,"Cc",1,1272,1175,-1,1,-1,1,-1,1,1,-1,1,1,"D","d","D","d","d","D","d","D","D","D","d","d","d","d","D","d","D","d","d","d","d","D","D","d","D","D","d","d","D","D","D","d","D","D","D","d","d","d","d","D","d","d","d","d","d","d","d","D","D",-0.731155337272983
98,25,48,"AA",2,"bB",1,"CC",2,1273,1373,-1,-1,1,1,-1,-1,1,1,-1,1,"d","d","D","D","D","d","d","d","D","d","d","D","d","D","D","d","d","D","d","D","D","d","D","d","d","d","D","D","d","D","D","D","D","D","D","D","D","D","D","d","d","d","D","d","d","d","d","D","D",-1.73888625158267
97,25,49,"Aa",1,"Bb",1,"cC",1,1274,1174,-1,-1,1,-1,-1,1,-1,1,-1,1,"d","d","d","d","D","D","D","D","D","D","D","D","d","D","d","D","D","D","D","D","D","D","d","D","D","d","D","D","D","d","d","D","D","D","D","d","D","D","d","d","d","d","d","d","d","d","D","D","d",-0.308752080093558
97,25,50,"Aa",1,"bB",1,"cc",0,1274,1616,-1,1,1,-1,-1,-1,-1,-1,-1,1,"D","d","d","d","d","D","d","D","D","D","D","D","D","D","D","D","d","D","d","D","d","D","d","D","D","d","d","d","d","D","D","D","D","D","D","d","d","D","D","d","d","d","D","d","D","d","D","D","D",1.09635601195684
93,26,1,"aA",1,"bb",0,"cc",0,1228,1040,1,-1,1,-1,-1,-1,-1,-1,1,1,"d","D","D","d","D","d","d","D","d","D","d","D","D","D","d","D","d","d","d","D","d","d","d","d","D","D","D","D","d","d","D","D","d","D","D","D","d","D","D","d","d","d","D","D","D","D","d","d","d",-4.10452649685297
100,26,2,"Aa",1,"BB",2,"cc",0,1278,1526,1,-1,-1,1,1,-1,1,-1,-1,1,"D","D","D","D","D","d","d","d","d","D","d","d","d","d","d","D","d","d","d","D","D","d","d","d","D","d","d","D","D","d","D","d","D","D","D","D","D","D","d","D","d","d","d","d","D","d","d","D","d",0.426317904061351
103,26,3,"AA",2,"Bb",1,"cc",0,1278,1135,1,-1,-1,1,1,1,-1,1,1,1,"D","D","D","D","d","D","d","D","d","D","D","d","D","d","d","D","D","D","d","D","D","d","D","d","d","d","d","D","d","D","d","D","d","D","D","D","D","D","D","D","D","D","D","D","D","D","D","D","D",-0.781748451032195
102,26,4,"Aa",1,"bB",1,"cC",1,1279,1179,1,1,1,-1,-1,1,-1,-1,1,1,"d","d","D","d","D","D","d","D","d","d","d","D","D","d","D","d","d","d","D","D","d","D","D","D","D","d","D","D","D","d","d","d","D","d","D","D","d","d","d","D","d","d","d","D","D","D","D","D","D",0.489651941143459
97,26,5,"aA",1,"Bb",1,"cc",0,1280,1330,-1,1,1,-1,-1,1,-1,-1,1,-1,"d","D","d","D","d","d","d","D","d","d","D","d","d","d","D","d","D","d","d","D","d","D","D","d","d","D","d","d","d","d","d","D","d","D","D","D","d","d","D","D","D","D","d","d","D","D","D","d","D",-0.408485466572037
104,26,6,"Aa",1,"BB",2,"CC",2,1232,1280,1,-1,1,1,1,1,-1,1,-1,1,"D","D","D","d","D","D","d","d","D","d","d","D","d","D","d","D","d","d","d","d","D","D","D","D","d","D","d","d","D","D","d","D","D","D","D","d","d","D","d","D","D","D","D","D","D","D","d","D","d",0.544569685386037
94,26,7,"aA",1,"bb",0,"CC",2,1282,944,-1,-1,-1,1,-1,-1,1,-1,-1,-1,"D","D","D","d","d","D","D","d","D","d","d","D","D","D","D","d","D","d","D","d","d","d","D","D","d","D","D","d","D","d","d","d","d","d","d","d","D","d","D","D","D","d","D","D","d","D","D","D","d",0.446390176541319
99,26,8,"Aa",1,"BB",2,"cc",0,1283,1527,-1,1,-1,-1,1,-1,1,1,-1,1,"D","d","D","d","d","d","D","d","D","d","d","d","D","D","D","D","D","D","d","d","D","d","D","d","D","d","D","d","d","D","d","d","D","D","D","D","D","d","d","d","d","D","D","d","D","d","d","D","D",-0.342287839991627
96,26,9,"aA",1,"BB",2,"cc",0,1332,1333,-1,-1,-1,1,-1,-1,-1,1,1,1,"d","D","D","D","D","d","D","D","D","d","d","d","D","d","D","d","D","d","d","D","D","D","d","d","D","d","d","D","d","d","d","d","D","D","D","D","d","d","D","D","D","D","d","d","D","D","D","D","D",-1.12404662052434
101,26,10,"AA",2,"bb",0,"cc",0,1285,1431,-1,-1,1,1,-1,-1,1,1,1,-1,"d","d","d","d","d","d","D","D","d","d","D","D","D","D","d","d","d","d","d","d","D","d","D","D","D","D","D","d","D","d","d","D","d","D","D","D","D","D","D","d","D","d","d","d","D","D","d","D","D",1.6264068489551
100,26,11,"Aa",1,"BB",2,"cC",1,1286,1190,-1,-1,-1,1,-1,1,1,-1,1,1,"D","d","D","d","d","d","d","D","D","d","d","D","d","d","D","d","d","D","D","d","d","D","D","D","D","d","d","D","d","D","d","d","d","d","d","D","D","d","D","d","D","D","D","D","d","d","D","D","D",0.849724107030013
100,26,12,"Aa",1,"BB",2,"CC",2,1287,995,-1,-1,1,1,-1,1,1,-1,1,-1,"D","D","d","d","D","d","D","D","D","d","D","d","D","d","D","D","d","D","D","d","d","D","D","D","D","d","d","d","d","D","D","D","d","D","D","d","d","D","D","d","d","d","d","d","d","D","D","D","d",0.410517047131718
102,26,13,"Aa",1,"bB",1,"cc",0,1288,1547,-1,1,-1,-1,1,1,1,1,1,-1,"D","D","D","D","D","d","D","D","D","d","d","d","d","d","D","d","D","D","D","d","D","d","D","d","d","D","d","d","D","D","d","D","D","D","D","D","d","D","D","d","d","D","d","d","d","D","d","D","d",0.456204034697231
96,26,14,"Aa",1,"BB",2,"CC",2,1290,1427,1,-1,-1,1,1,-1,1,-1,1,-1,"d","D","d","D","D","D","D","D","d","D","D","d","D","D","d","D","d","d","d","d","d","D","d","d","D","D","D","D","D","d","D","D","d","D","D","d","D","D","D","D","d","d","d","D","D","d","D","D","d",-3.21908622701439
96,26,15,"AA",2,"BB",2,"Cc",1,1290,1440,-1,1,-1,-1,-1,-1,1,-1,1,-1,"d","D","D","D","D","D","d","D","D","D","D","D","D","D","D","D","d","D","D","d","d","D","d","d","D","d","d","D","D","D","D","D","d","D","d","d","D","D","D","D","D","D","D","d","d","d","d","D","d",0.0970697946450108
99,26,16,"AA",2,"BB",2,"CC",2,1291,1337,1,-1,1,1,1,-1,-1,-1,1,-1,"D","d","D","d","D","D","D","D","d","d","D","d","d","D","D","d","d","d","d","d","D","d","D","d","D","d","D","d","D","D","D","D","d","d","d","d","d","d","D","d","d","D","D","D","D","d","d","D","d",-0.41765928917078
96,26,17,"aA",1,"bb",0,"cC",1,1292,1147,1,1,-1,-1,-1,-1,-1,1,1,-1,"d","D","d","d","d","D","D","d","d","D","D","D","d","d","D","D","d","D","D","D","d","D","D","d","D","D","D","D","d","d","d","D","D","D","d","D","D","D","D","d","d","D","d","D","D","D","d","d","d",-1.47776046750636
105,26,18,"AA",2,"BB",2,"CC",2,1293,1290,-1,1,-1,-1,1,1,1,1,1,1,"D","D","D","d","D","d","D","D","D","D","D","d","d","d","D","D","D","d","d","d","d","D","d","D","d","D","d","D","D","D","D","d","D","D","d","D","d","D","D","d","D","d","D","d","d","D","d","d","D",1.7209583941801
93,26,19,"AA",2,"bB",1,"Cc",1,1294,1435,-1,-1,-1,-1,1,-1,1,-1,-1,-1,"D","d","d","D","d","D","d","D","D","D","D","D","d","D","d","D","d","D","D","D","D","d","d","d","d","d","d","d","D","D","d","d","d","d","d","D","D","D","d","D","d","D","D","d","D","d","d","D","d",-0.881925007128512
95,26,20,"Aa",1,"Bb",1,"cc",0,1344,1447,-1,-1,-1,-1,1,1,1,-1,-1,-1,"d","D","d","d","D","d","d","D","d","D","D","d","D","D","D","D","D","d","D","D","D","D","D","d","d","d","d","D","d","D","d","d","d","D","D","D","d","d","d","D","d","d","D","d","D","D","d","d","D",-0.590567866413113
101,26,21,"Aa",1,"bB",1,"Cc",1,1296,1297,1,-1,-1,-1,1,-1,1,1,1,1,"d","D","D","d","D","d","d","D","d","d","D","D","D","D","D","D","d","D","D","d","D","D","D","d","D","d","d","D","D","d","d","d","d","D","D","D","d","D","d","D","d","d","D","d","D","d","d","d","d",-0.394337382437124
101,26,22,"Aa",1,"BB",2,"cC",1,1298,21,1,-1,-1,-1,1,1,-1,1,1,1,"D","D","d","d","D","D","d","D","D","D","d","d","d","d","d","d","D","d","d","D","D","D","D","d","D","d","D","d","D","D","D","d","D","d","D","d","D","D","d","d","D","d","D","d","D","d","D","d","D",-0.844746578836847
97,26,23,"AA",2,"BB",2,"Cc",1,1298,1004,-1,-1,-1,1,1,1,-1,-1,-1,1,"d","D","D","d","d","d","d","D","d","D","D","D","D","d","d","d","d","d","d","D","d","D","D","d","D","d","D","D","d","D","D","d","d","D","D","d","D","D","d","D","D","d","D","D","D","D","d","D","d",-0.0713590994057084
96,26,24,"aA",1,"bB",1,"cc",0,1299,24,-1,-1,1,-1,-1,-1,1,-1,1,1,"d","d","d","d","D","D","d","D","D","D","d","D","d","d","D","D","d","D","D","d","d","D","d","d","d","d","D","d","d","D","D","d","d","d","D","d","d","D","d","D","D","D","d","D","D","d","d","D","d",-1.16359304400766
92,26,25,"Aa",1,"bb",0,"CC",2,1300,1400,-1,-1,-1,-1,-1,1,-1,-1,1,-1,"d","d","d","D","D","D","d","D","d","D","d","D","D","D","d","d","D","d","D","d","D","D","d","d","d","D","d","d","d","d","d","D","d","d","D","D","D","d","D","d","d","D","D","D","D","d","D","d","D",-1.06968278225156
103,26,27,"Aa",1,"bB",1,"Cc",1,1251,1138,1,-1,-1,-1,1,1,1,1,-1,1,"d","D","D","D","D","d","D","d","d","d","D","D","D","d","d","d","D","D","d","d","D","D","d","D","d","d","d","d","D","d","D","d","d","d","d","d","d","D","D","d","D","d","D","D","D","D","D","D","d",1.03123430248746
100,26,28,"aa",0,"BB",2,"Cc",1,1302,30,1,-1,1,-1,1,-1,1,-1,1,-1,"d","D","d","d","D","D","d","D","D","d","D","d","D","D","D","D","d","D","d","d","D","d","d","d","d","d","d","d","d","d","D","d","D","d","d","D","D","D","d","d","d","d","d","d","d","D","d","d","D",0.118830143687958
94,26,29,"Aa",1,"Bb",1,"cc",0,1353,29,1,-1,-1,-1,1,1,-1,1,-1,-1,"D","D","d","D","D","d","d","D","d","D","D","D","d","D","d","d","D","D","d","d","d","D","D","d","d","D","D","D","D","d","D","d","D","d","D","D","d","D","D","D","d","D","d","D","d","d","d","D","d",-3.54382028927663
99,26,30,"aA",1,"Bb",1,"cc",0,1304,1154,-1,-1,-1,1,1,1,-1,-1,1,1,"D","d","D","D","D","d","D","d","d","D","D","d","D","d","d","d","d","D","D","D","d","D","D","d","D","D","D","d","D","d","d","D","d","D","d","d","D","D","D","d","d","d","D","d","d","D","D","D","d",-0.763105223732323
92,26,31,"aA",1,"BB",2,"CC",2,1403,1452,1,-1,-1,1,1,-1,-1,-1,-1,-1,"d","D","d","D","d","D","D","D","D","D","D","D","d","d","D","d","d","d","d","D","D","D","D","D","d","d","d","d","d","D","D","d","d","d","D","D","D","d","d","d","D","d","D","d","d","d","D","d","d",-3.29917423579564
106,26,32,"Aa",1,"Bb",1,"cc",0,1356,1603,1,-1,1,1,1,1,1,1,-1,1,"d","d","D","D","d","D","d","D","d","D","D","D","D","d","d","d","d","D","d","D","d","D","D","d","D","D","D","D","D","d","D","D","D","d","d","D","D","D","d","D","d","D","D","d","D","D","d","d","D",0.72178178585117
100,26,33,"aa",0,"bB",1,"Cc",1,1307,1106,-1,-1,1,1,1,-1,-1,1,1,1,"D","D","d","D","D","d","D","D","D","D","D","D","D","D","d","D","D","D","D","d","d","D","d","D","D","d","D","d","d","D","d","d","D","d","d","d","D","d","D","D","D","d","d","D","D","d","D","D","d",-1.68773258246319
101,26,34,"aA",1,"bb",0,"CC",2,1308,1216,-1,1,1,-1,1,1,-1,1,1,-1,"d","d","D","d","d","d","D","D","D","d","D","d","d","D","d","D","d","d","D","d","D","D","D","d","D","d","D","d","d","D","d","d","D","D","d","d","d","d","D","D","d","D","d","d","d","D","d","d","D",-0.862347142855403
99,26,35,"Aa",1,"Bb",1,"Cc",1,1260,974,-1,-1,1,-1,1,1,1,-1,-1,1,"d","d","d","D","D","D","d","d","D","D","D","d","d","D","d","d","D","d","D","D","d","D","D","d","d","d","d","d","d","d","D","D","d","D","d","D","d","d","d","D","d","d","D","D","d","d","d","D","d",-0.292868546873824
101,26,36,"aa",0,"bB",1,"Cc",1,1310,969,1,-1,1,-1,1,1,-1,1,1,-1,"D","d","d","d","D","d","d","D","D","d","D","D","D","d","D","D","D","d","D","D","D","d","d","d","d","D","D","D","D","d","D","d","d","D","d","D","D","d","D","d","D","D","d","d","D","D","d","D","d",-0.526715075107244
98,26,37,"aA",1,"Bb",1,"cC",1,1261,1061,-1,-1,-1,-1,-1,1,1,-1,1,1,"D","D","d","d","D","D","d","D","D","d","D","d","d","D","D","D","d","d","d","D","D","D","D","D","d","d","D","D","D","D","D","d","d","D","D","d","D","D","D","D","d","d","d","D","d","D","d","d","d",0.967559424644602
95,26,38,"aA",1,"bb",0,"CC",2,1361,962,-1,1,-1,-1,1,-1,-1,-1,-1,1,"D","d","d","D","D","D","d","d","d","D","D","D","D","d","D","D","D","D","D","d","D","D","D","D","D","D","D","d","D","D","d","d","D","d","d","d","d","D","D","d","d","d","D","d","d","d","d","d","d",-0.591696438742973
96,26,39,"Aa",1,"Bb",1,"Cc",1,1313,1505,-1,-1,-1,-1,1,1,1,-1,1,-1,"d","d","D","D","d","D","d","D","d","D","d","d","d","D","D","D","D","d","d","D","D","D","D","D","D","d","D","D","d","D","D","d","D","D","D","d","d","D","D","d","d","d","d","d","D","d","D","d","D",-1.84626744590783
96,26,40,"aa",0,"bB",1,"Cc",1,1314,1262,-1,-1,-1,-1,-1,-1,1,1,-1,1,"d","D","d","D","d","D","d","d","d","D","d","D","d","D","d","d","d","d","d","D","D","D","D","D","D","D","D","D","d","D","d","D","d","D","d","d","d","D","d","d","d","d","d","D","d","d","D","d","d",0.817022391966048
100,26,41,"AA",2,"bB",1,"Cc",1,1316,1362,1,-1,-1,-1,-1,1,-1,1,1,-1,"d","D","D","d","D","d","D","d","D","d","D","D","d","d","D","d","d","d","d","D","D","D","D","d","D","d","d","d","d","d","D","D","d","D","D","D","D","D","D","D","D","d","d","d","D","d","d","d","D",2.36869103105131
96,26,42,"Aa",1,"bB",1,"CC",2,1316,1269,-1,1,-1,-1,-1,-1,-1,-1,1,1,"D","D","D","d","d","D","d","D","D","d","D","D","D","D","d","d","D","d","D","D","D","D","D","d","D","d","d","D","D","d","d","D","d","D","d","D","D","d","D","D","D","D","D","d","d","d","d","d","D",0.0655786893639905
96,26,43,"aa",0,"bb",0,"Cc",1,1317,1317,-1,-1,-1,-1,-1,1,-1,-1,1,-1,"D","d","d","D","D","D","d","d","d","d","d","D","D","D","d","D","D","d","D","d","d","D","D","D","d","D","D","D","D","D","D","D","D","D","d","d","D","d","D","D","d","d","d","D","D","d","D","d","d",2.062886628907
97,26,44,"aa",0,"bb",0,"cC",1,1318,1317,1,-1,-1,-1,-1,1,1,-1,1,-1,"d","d","D","D","D","D","d","D","D","D","D","D","D","D","D","D","D","d","d","d","d","D","D","d","d","d","D","D","D","d","D","d","D","D","d","D","D","D","d","D","d","D","d","d","D","D","d","d","d",-0.288903971224992
99,26,45,"aa",0,"bB",1,"CC",2,1319,1419,-1,-1,1,1,-1,-1,-1,1,1,1,"d","d","D","D","D","D","d","D","D","D","D","d","D","d","D","d","d","D","D","D","D","D","D","d","D","d","D","D","D","d","D","d","D","D","d","D","d","D","d","d","d","d","d","D","d","d","d","D","d",-0.104674782095287
93,26,46,"aA",1,"bB",1,"Cc",1,1320,1417,-1,-1,-1,-1,-1,-1,1,-1,1,-1,"D","d","d","D","d","D","D","d","d","d","D","D","d","D","D","d","d","d","d","d","d","D","d","D","D","D","d","d","d","d","D","d","d","D","d","D","d","D","d","d","d","d","d","d","d","d","d","D","d",-0.659027423314036
103,26,47,"aA",1,"bb",0,"Cc",1,1418,1176,-1,1,1,-1,1,1,1,1,1,-1,"d","D","D","d","D","D","d","D","d","D","D","d","d","D","d","d","d","D","D","D","D","D","D","d","D","d","D","D","D","d","d","D","d","D","D","D","d","D","d","d","D","D","D","d","D","d","d","D","d",-0.519053738675056
99,26,48,"aa",0,"Bb",1,"Cc",1,1369,1216,1,-1,1,-1,1,1,-1,1,1,-1,"d","d","D","d","D","d","D","D","D","D","D","D","D","d","d","D","D","D","D","D","D","D","D","d","D","D","d","d","d","D","d","D","D","D","D","D","D","D","D","D","d","D","d","D","d","d","D","d","D",-2.36837163517488
101,26,49,"aA",1,"bB",1,"CC",2,1323,1519,-1,1,1,1,-1,-1,1,-1,1,1,"d","D","D","d","D","D","d","D","d","D","D","D","d","d","D","d","d","D","d","D","D","D","D","d","D","d","d","D","d","d","d","d","d","D","D","d","D","D","D","d","d","d","D","D","D","D","d","d","D",-0.369445175920255
100,26,50,"Aa",1,"Bb",1,"cc",0,1275,973,-1,-1,1,1,1,1,1,1,-1,-1,"D","D","d","D","d","d","D","D","D","D","D","d","d","D","D","D","d","D","d","d","d","D","d","D","D","D","d","D","d","D","d","d","d","d","d","d","d","d","d","D","D","D","D","D","d","d","D","D","d",-1.4446386106105
100,27,1,"Aa",1,"BB",2,"cc",0,1326,1376,-1,-1,1,-1,-1,1,1,-1,1,1,"d","d","D","d","D","D","d","d","d","D","d","d","D","D","D","d","d","D","d","D","d","D","D","D","d","d","d","d","d","d","d","D","D","D","d","d","d","D","D","D","D","d","d","D","d","D","D","D","d",0.0208839546307273
105,27,2,"AA",2,"BB",2,"CC",2,1326,1276,-1,-1,1,1,-1,1,1,1,1,-1,"D","D","d","d","d","D","D","d","D","D","D","d","D","D","d","D","D","D","d","D","D","D","D","D","D","d","d","d","D","d","d","D","D","D","d","d","d","D","D","D","d","d","d","D","D","D","d","d","D",3.08062966107667
91,27,3,"aa",0,"bB",1,"cc",0,1328,1475,-1,1,-1,1,-1,-1,-1,-1,-1,-1,"D","D","d","d","d","d","d","D","d","d","D","D","d","d","d","d","d","d","d","D","D","d","D","d","D","D","d","d","D","d","D","D","D","D","D","D","D","D","d","D","d","d","D","D","D","d","D","d","d",-2.56349869857035
95,27,4,"aa",0,"Bb",1,"cc",0,1328,1428,-1,-1,1,-1,-1,-1,-1,-1,1,-1,"d","D","d","d","D","d","d","d","d","D","d","D","d","d","d","d","d","d","d","D","d","d","d","D","d","D","D","d","D","d","d","D","d","D","d","D","d","d","D","D","D","d","d","d","d","D","D","D","d",1.62311216662506
99,27,5,"AA",2,"bb",0,"cc",0,1329,1279,1,-1,-1,1,1,1,-1,-1,-1,1,"D","d","d","d","d","d","D","d","d","d","D","d","D","d","d","D","d","d","D","d","D","D","D","D","D","d","d","d","d","d","d","d","d","D","d","d","d","d","D","D","D","d","D","D","D","D","D","D","D",-0.528275251138188
101,27,6,"aa",0,"bB",1,"cC",1,1379,1572,-1,-1,1,1,1,-1,1,1,1,-1,"D","D","D","D","d","d","d","D","D","d","D","D","D","d","d","d","d","d","D","D","D","D","d","D","D","D","d","D","d","D","d","D","D","d","D","D","d","D","D","D","D","d","d","d","d","d","d","D","d",-0.0151277941840104
94,27,7,"aa",0,"BB",2,"CC",2,1332,1332,-1,-1,-1,-1,-1,-1,-1,-1,1,1,"d","D","D","D","D","d","D","d","d","D","d","d","d","d","d","d","d","d","d","D","D","D","D","d","d","d","D","D","D","d","d","d","d","D","D","D","D","d","d","D","D","D","D","d","d","D","D","D","D",0.784097778499189
92,27,8,"AA",2,"bb",0,"cC",1,1283,1248,1,-1,-1,-1,-1,-1,1,-1,-1,-1,"D","d","d","d","D","d","d","d","d","d","D","D","D","D","d","D","D","D","D","d","D","d","D","d","d","d","d","d","D","D","d","d","D","D","D","D","D","D","D","D","D","D","d","d","D","D","d","D","D",-1.33683459721646
94,27,9,"aa",0,"Bb",1,"cC",1,1332,842,-1,-1,-1,-1,-1,1,-1,1,1,-1,"D","D","D","D","D","D","d","D","D","D","D","d","d","d","d","d","D","d","d","D","d","D","d","d","d","D","d","D","D","d","d","d","d","D","d","D","D","d","D","D","d","D","D","d","D","D","d","D","d",-1.46605692231805
101,27,10,"aa",0,"BB",2,"cC",1,1334,1426,1,1,-1,1,-1,-1,-1,1,1,-1,"d","d","D","D","d","d","d","d","d","d","D","d","d","D","D","D","d","d","d","D","d","d","d","d","d","d","d","D","d","D","d","d","D","D","D","d","D","D","D","D","d","D","D","D","d","D","d","D","d",1.8944253055357
105,27,11,"aA",1,"Bb",1,"cc",0,1335,1135,1,-1,-1,1,-1,1,-1,1,1,1,"D","D","D","D","d","d","d","d","D","d","d","d","D","d","d","d","D","d","D","d","D","D","D","D","d","d","d","D","d","D","d","D","d","d","D","D","d","D","D","D","D","D","D","d","D","D","D","D","D",3.10279626734609
102,27,12,"aa",0,"bb",0,"cc",0,1336,1228,-1,1,-1,1,1,-1,1,1,1,-1,"D","d","D","d","d","D","d","D","D","D","D","D","D","d","D","D","D","D","D","D","d","D","d","d","d","D","D","D","d","D","d","d","D","d","D","d","D","d","D","d","d","d","d","d","D","d","D","d","d",0.25786851080136
102,27,13,"aA",1,"bb",0,"CC",2,1337,1431,-1,-1,1,-1,1,-1,1,1,1,-1,"d","D","D","d","d","D","d","D","d","D","D","D","D","D","D","d","D","d","d","d","d","d","D","D","D","D","D","D","D","D","d","d","d","D","d","d","D","D","d","D","D","D","d","D","D","d","D","D","D",2.27624654296248
94,27,14,"Aa",1,"bb",0,"CC",2,1141,1488,-1,-1,-1,-1,-1,1,-1,-1,-1,1,"D","D","d","d","d","D","d","d","D","D","D","D","D","D","D","d","D","d","D","D","d","D","d","D","D","D","d","d","D","D","D","d","D","D","D","d","D","D","D","d","D","d","D","d","D","D","D","d","d",0.754644387672128
101,27,15,"aA",1,"bB",1,"cC",1,1341,1342,1,-1,-1,-1,-1,1,1,1,-1,1,"d","D","d","D","D","D","d","d","D","d","D","d","D","D","D","d","d","D","D","d","d","D","D","d","D","d","D","d","d","D","d","D","d","d","d","D","D","d","d","D","d","D","D","D","d","D","d","D","D",1.48348386068737
100,27,16,"Aa",1,"bb",0,"cC",1,1340,998,-1,-1,1,1,-1,-1,1,-1,-1,1,"D","D","D","d","d","d","D","D","D","D","D","D","D","D","d","d","d","d","D","D","d","d","d","D","D","D","d","D","d","D","D","d","d","D","D","d","D","d","d","d","D","D","d","D","D","d","d","D","D",2.64902581849058
105,27,17,"AA",2,"bB",1,"CC",2,1342,1148,-1,1,-1,1,1,-1,1,1,1,1,"d","d","d","D","d","d","D","D","D","D","D","D","d","D","D","d","d","d","D","D","d","d","D","d","d","D","D","d","D","d","d","d","D","d","d","D","D","D","D","D","D","D","d","d","d","d","D","D","D",1.01407451091713
101,27,18,"Aa",1,"bb",0,"cc",0,1391,1299,1,1,-1,-1,1,-1,-1,1,-1,1,"D","d","d","d","d","d","D","d","D","D","D","d","D","D","d","d","D","D","D","D","d","D","D","D","d","D","d","D","D","D","D","d","d","d","d","D","d","D","D","D","D","d","D","d","d","D","D","d","D",1.19907680446005
97,27,19,"aa",0,"bb",0,"cC",1,1345,1240,1,-1,1,-1,1,-1,-1,1,1,-1,"d","D","D","d","d","d","d","d","d","D","d","D","d","D","d","D","d","d","D","d","d","D","D","D","D","d","d","d","d","d","D","D","d","D","d","D","d","d","D","d","D","d","D","d","d","D","D","d","D",-2.32863972878478
98,27,20,"Aa",1,"BB",2,"Cc",1,1344,1394,-1,1,-1,-1,1,-1,-1,-1,-1,1,"d","D","d","d","D","d","d","D","D","d","D","d","D","D","d","D","D","D","d","D","D","D","d","d","d","d","D","D","D","D","d","D","D","D","D","d","d","D","d","D","D","d","d","D","D","d","d","d","d",2.58058994866205
93,27,21,"aA",1,"Bb",1,"cc",0,1394,1589,-1,-1,-1,-1,-1,-1,-1,1,1,1,"D","D","d","D","D","d","d","D","d","D","d","D","d","d","d","D","D","D","d","D","D","d","D","d","D","d","d","D","D","D","D","d","d","D","d","D","d","d","D","D","d","D","D","D","D","D","d","d","D",-2.15930592012986
100,27,22,"aa",0,"bb",0,"cC",1,1346,1292,-1,1,-1,-1,1,-1,1,-1,1,-1,"D","d","D","d","d","d","D","D","d","D","D","D","D","D","d","d","D","D","d","D","d","D","D","d","d","D","d","D","d","d","d","d","D","d","d","D","d","D","D","d","d","d","D","d","D","d","D","D","d",2.34722340158167
100,27,23,"aA",1,"bb",0,"cc",0,1347,1250,1,-1,1,1,-1,1,1,-1,1,1,"D","d","d","d","D","d","D","d","D","d","d","D","D","d","d","D","d","D","d","d","d","d","d","d","D","D","d","d","D","d","d","d","D","D","D","D","d","d","D","D","D","D","d","d","D","d","d","d","D",-3.20466668249019
96,27,24,"AA",2,"BB",2,"CC",2,1398,1494,-1,1,1,1,-1,1,-1,1,-1,-1,"d","D","d","d","d","D","d","D","D","D","D","D","D","D","d","d","D","d","D","D","d","D","D","d","D","d","d","D","d","d","d","D","d","D","d","d","d","D","d","d","D","d","d","d","d","d","d","D","D",-3.30159348544317
96,27,25,"aA",1,"bb",0,"cc",0,1299,1109,-1,-1,-1,1,-1,-1,1,-1,1,1,"d","d","D","d","d","D","d","D","d","D","D","D","d","d","D","D","D","D","D","d","D","d","D","d","D","d","D","d","D","D","d","d","D","D","D","d","D","D","D","D","D","D","d","D","D","D","D","D","D",-1.7054701262649
98,27,26,"AA",2,"bB",1,"CC",2,1350,1698,-1,1,-1,1,1,-1,-1,1,1,1,"D","D","d","D","D","d","D","D","d","d","D","d","D","d","D","d","d","D","D","d","D","D","D","d","D","d","D","D","D","d","D","d","D","d","D","D","D","d","d","D","d","D","d","d","d","D","d","d","D",-3.82198676919164
98,27,28,"AA",2,"BB",2,"Cc",1,1352,1752,1,-1,-1,1,-1,-1,1,-1,1,-1,"D","d","D","d","d","d","d","D","D","d","D","d","d","D","d","d","d","d","D","d","d","D","D","D","d","d","D","d","D","D","D","d","D","d","d","d","D","D","D","d","D","d","d","d","D","D","d","d","D",0.667115503255065
100,27,29,"aa",0,"bb",0,"cc",0,27,1591,-1,-1,-1,-1,1,1,1,1,-1,1,"D","D","d","D","d","D","D","d","D","D","D","D","D","d","D","D","D","D","d","D","D","D","d","d","d","d","d","D","d","d","d","D","d","D","d","D","D","d","d","d","D","d","D","d","D","d","D","D","d",0.0144358281250343
98,27,30,"AA",2,"BB",2,"cc",0,1353,1453,1,-1,-1,1,1,-1,-1,1,-1,1,"D","d","D","D","D","D","D","D","d","D","d","D","d","D","D","d","d","D","D","d","d","D","D","d","D","D","D","D","D","d","D","d","D","d","d","D","D","d","D","D","d","D","d","D","D","D","d","D","D",-1.63574390703647
95,27,31,"aa",0,"Bb",1,"cC",1,1355,1557,-1,-1,-1,-1,-1,1,-1,1,-1,1,"D","D","D","d","D","d","d","d","d","D","D","D","d","D","d","d","d","D","D","d","d","D","d","d","d","d","d","D","D","d","D","d","d","D","D","D","D","D","D","D","d","d","d","d","d","d","d","d","D",-0.832845553338161
99,27,32,"Aa",1,"Bb",1,"cC",1,1356,1307,1,-1,-1,-1,1,1,-1,-1,1,1,"d","d","D","D","D","D","d","D","D","D","D","D","D","d","D","d","D","D","D","D","D","d","d","d","D","d","d","d","d","d","D","d","d","D","D","d","d","D","d","D","D","D","d","d","D","D","d","d","D",-0.557438133654579
93,27,33,"aa",0,"BB",2,"Cc",1,1454,1355,1,-1,-1,-1,-1,-1,-1,-1,-1,1,"d","d","d","d","d","D","d","D","d","d","D","d","d","d","D","d","D","D","D","d","D","D","D","D","d","d","d","d","D","D","D","d","d","d","D","D","D","D","d","d","D","d","d","D","d","D","d","d","d",-0.245421450101422
103,27,34,"aA",1,"Bb",1,"cc",0,1357,1263,-1,1,1,1,-1,1,1,-1,1,1,"D","d","d","D","d","D","D","d","D","D","D","D","D","d","D","D","D","D","d","D","d","D","D","D","d","d","d","D","d","d","d","D","d","d","D","d","D","d","D","d","D","D","D","d","d","D","D","D","D",-0.328480324103056
100,27,35,"Aa",1,"bb",0,"Cc",1,1407,1457,-1,-1,1,1,-1,1,-1,1,1,1,"d","D","d","D","D","d","D","d","d","D","D","d","D","D","D","D","D","D","D","D","d","D","D","D","D","d","D","D","d","d","d","D","D","d","d","d","D","D","D","d","d","D","D","D","D","d","d","d","d",-1.41977261166718
101,27,36,"aa",0,"BB",2,"cc",0,1360,1418,-1,1,1,1,-1,-1,1,1,-1,1,"d","d","D","d","d","d","D","D","D","d","D","D","d","D","D","D","d","D","D","d","D","d","D","D","d","D","d","D","D","D","d","D","D","d","D","D","D","D","D","D","d","D","D","d","d","D","d","D","D",-0.348114896630267
88,27,37,"AA",2,"Bb",1,"cc",0,1360,1752,-1,-1,-1,-1,1,-1,-1,-1,-1,-1,"d","d","D","D","d","D","D","D","D","D","D","D","D","d","d","d","D","D","D","d","d","D","d","D","d","D","D","D","D","d","D","D","D","D","d","D","D","D","D","d","D","D","d","d","D","D","d","d","D",-3.27620707062643
94,27,38,"aa",0,"Bb",1,"CC",2,1361,1312,-1,-1,-1,-1,-1,1,-1,1,-1,1,"d","d","d","D","d","D","D","d","D","D","D","D","d","D","D","D","d","D","d","D","d","D","D","D","D","D","D","d","d","D","D","D","d","d","D","d","d","D","d","D","d","d","D","D","d","d","d","d","D",-1.20763657936018
97,27,39,"aA",1,"bB",1,"cc",0,1314,1274,-1,-1,-1,1,-1,1,1,-1,-1,-1,"d","D","d","D","d","D","D","d","D","D","D","D","d","d","D","D","D","d","D","D","D","D","d","D","D","D","d","D","D","D","d","D","d","d","d","D","d","D","d","d","d","d","d","D","d","d","d","D","d",1.34458880366736
97,27,40,"Aa",1,"Bb",1,"Cc",1,1363,1468,-1,-1,-1,1,1,-1,-1,1,1,1,"d","D","d","D","d","D","d","d","D","D","d","d","D","d","D","d","d","d","D","d","d","D","D","D","D","d","d","D","D","d","d","d","D","D","d","d","d","D","D","d","d","d","d","D","d","d","d","d","D",-2.39551897199643
99,27,41,"Aa",1,"BB",2,"Cc",1,1363,1664,-1,-1,-1,-1,1,1,-1,1,1,1,"d","D","D","D","D","d","D","D","D","D","D","d","d","d","d","d","D","D","d","D","D","D","D","D","D","d","D","D","D","d","D","D","d","d","D","d","d","D","D","d","d","d","D","D","D","d","D","d","d",-0.484197085390381
97,27,42,"aA",1,"BB",2,"cc",0,1364,1515,-1,-1,1,1,1,-1,1,-1,-1,-1,"d","d","D","d","D","d","d","D","D","D","d","d","d","D","D","d","d","D","d","d","d","d","d","D","D","D","D","d","D","d","D","D","D","D","D","d","d","d","D","D","D","D","D","d","d","d","d","d","D",-0.582169012663952
103,27,43,"AA",2,"bB",1,"cc",0,1366,1319,1,-1,-1,1,1,-1,1,1,1,1,"d","d","d","D","D","D","D","D","D","d","d","d","d","d","d","d","d","D","D","d","d","d","d","D","D","d","d","d","D","d","d","D","D","D","D","D","D","D","D","D","d","d","D","D","D","d","d","d","d",-0.682601204417023
96,27,44,"aa",0,"bb",0,"cc",0,1317,1469,-1,1,-1,-1,1,1,-1,-1,-1,1,"D","d","D","D","d","D","D","D","D","D","D","D","d","D","D","D","d","D","d","d","d","D","d","D","d","D","D","d","d","D","D","D","d","d","D","D","D","d","d","d","D","d","D","D","D","D","d","d","D",-1.11070137417276
105,27,45,"AA",2,"bB",1,"cC",1,1368,1422,-1,1,1,-1,1,1,1,-1,1,1,"D","d","d","D","d","d","D","D","d","d","D","d","d","D","D","D","d","D","D","D","D","d","d","D","D","d","d","d","D","D","D","D","D","D","D","d","D","D","d","d","d","D","d","d","D","D","d","D","d",1.49564499735157
102,27,46,"aa",0,"bB",1,"CC",2,1320,1315,-1,1,-1,-1,-1,1,1,1,1,1,"d","d","d","D","d","D","D","d","D","d","d","d","d","d","D","d","d","d","D","D","d","D","D","d","d","D","D","D","d","d","d","d","D","D","d","D","D","D","d","D","d","d","D","d","D","d","D","d","d",0.828227185082127
96,27,47,"aa",0,"bB",1,"CC",2,1321,1707,1,-1,1,1,-1,-1,-1,-1,-1,-1,"D","D","d","D","D","D","D","D","d","D","d","D","D","D","D","D","D","D","d","D","D","d","d","D","D","d","d","d","D","d","d","d","d","D","D","d","D","d","d","d","d","d","D","d","D","d","D","D","D",0.361309176821157
100,27,48,"aa",0,"BB",2,"CC",2,1371,1223,-1,1,1,1,1,-1,-1,-1,-1,1,"d","d","D","D","D","d","D","D","D","D","d","D","D","D","d","D","D","D","D","d","d","D","d","d","D","d","D","d","D","d","D","d","D","d","D","d","D","D","d","D","D","d","d","D","D","d","D","D","d",0.449877147254312
97,27,49,"aA",1,"bb",0,"cC",1,1321,1319,1,-1,1,-1,-1,-1,-1,1,-1,1,"d","D","d","D","d","d","D","D","d","D","d","D","d","D","d","D","d","D","D","d","D","d","D","D","d","d","d","d","D","d","d","d","D","D","D","d","D","D","D","d","D","d","d","d","D","D","d","D","D",-0.870212424416028
104,27,50,"Aa",1,"Bb",1,"Cc",1,1373,1224,1,1,1,1,-1,1,-1,-1,1,1,"d","D","d","D","d","d","D","D","d","D","D","d","d","D","d","D","d","d","d","D","d","D","D","d","D","D","D","d","D","D","D","d","d","D","d","D","d","D","D","d","d","D","d","d","d","d","d","D","D",0.912610726577384
97,28,1,"aA",1,"Bb",1,"cc",0,1375,1434,-1,-1,1,-1,-1,1,-1,-1,-1,1,"d","d","D","D","D","d","d","d","D","D","D","D","D","d","D","d","d","D","D","d","d","d","d","d","D","d","D","D","D","d","D","d","d","D","D","D","d","D","D","d","D","d","D","d","D","d","D","D","d",1.08775099185
102,28,2,"Aa",1,"bB",1,"Cc",1,1424,1426,1,1,-1,1,1,-1,-1,1,1,1,"D","D","D","d","d","D","d","d","d","d","D","D","D","d","d","d","d","d","d","D","D","D","D","d","d","D","d","D","d","d","d","D","d","D","D","D","D","D","D","D","d","d","D","d","D","d","d","D","D",-1.21219267782889
97,28,3,"aa",0,"BB",2,"cc",0,1376,1334,1,-1,1,-1,1,-1,-1,-1,1,1,"D","D","d","D","d","d","D","d","D","D","d","D","D","d","D","d","d","d","d","d","D","D","D","d","d","d","D","d","D","d","d","D","d","d","d","d","d","D","D","D","D","d","D","d","d","d","D","D","D",-2.1710136740025
102,28,4,"AA",2,"BB",2,"Cc",1,1328,1478,1,1,1,-1,-1,1,-1,1,1,1,"D","D","D","d","d","d","D","D","d","d","d","D","D","D","d","d","d","d","d","D","D","d","d","D","D","D","D","d","D","d","D","d","d","D","d","D","d","d","D","d","D","d","D","d","d","d","d","D","D",-1.18005757239518
99,28,5,"Aa",1,"BB",2,"cc",0,1378,1335,-1,1,-1,1,-1,-1,-1,1,1,1,"d","d","d","d","D","D","d","d","D","d","D","D","d","d","d","d","D","D","d","d","D","d","d","D","D","D","d","d","D","D","D","D","D","d","d","d","D","D","D","D","D","d","D","D","d","D","D","d","D",-0.00131179363162709
94,28,6,"aa",0,"bB",1,"cc",0,1379,889,-1,-1,-1,-1,-1,-1,1,-1,1,-1,"D","D","d","D","d","D","D","D","D","d","d","D","D","d","d","d","D","d","D","d","D","D","D","D","d","D","d","D","D","D","D","d","D","d","D","D","D","D","D","d","D","d","D","d","d","d","d","D","d",0.715628894612928
101,28,7,"aA",1,"BB",2,"cc",0,1382,1335,-1,-1,-1,1,-1,-1,1,1,1,1,"D","D","d","d","d","D","d","d","d","D","d","d","d","D","d","d","d","d","D","d","d","d","d","D","D","d","d","D","D","d","D","d","D","D","d","D","D","D","d","D","D","d","D","D","d","D","D","d","D",1.23705217275817
95,28,8,"AA",2,"bB",1,"Cc",1,1381,1383,1,1,-1,-1,-1,-1,1,-1,-1,-1,"D","d","D","d","D","d","D","D","D","D","d","d","d","d","D","D","D","d","d","D","D","d","D","d","d","d","d","D","d","d","D","d","d","d","D","d","d","d","D","D","D","d","D","D","d","D","d","d","d",-0.321977329054755
100,28,9,"aa",0,"Bb",1,"Cc",1,1334,937,1,-1,-1,-1,-1,1,-1,1,1,1,"D","D","D","D","D","D","d","D","d","D","D","D","d","D","d","d","d","d","d","D","d","D","D","d","d","D","d","D","d","d","d","D","d","D","d","d","D","D","D","D","D","D","d","D","d","D","d","D","D",0.0493991027663591
102,28,10,"Aa",1,"BB",2,"cc",0,1335,1235,-1,1,1,1,-1,-1,1,1,1,-1,"d","d","d","d","d","d","d","d","D","d","D","d","d","d","D","D","D","D","d","D","d","d","D","D","D","d","D","D","D","D","d","d","d","D","d","D","D","d","D","D","d","D","d","d","D","D","D","D","d",0.737016408643605
96,28,11,"AA",2,"bb",0,"CC",2,1384,1432,-1,-1,1,-1,1,-1,-1,-1,-1,1,"d","d","d","d","d","d","D","D","D","d","d","D","d","d","d","d","D","d","D","D","D","D","d","D","D","D","D","d","D","d","d","d","d","d","D","D","D","D","D","D","D","d","D","d","d","D","D","D","d",0.0992527144812463
98,28,12,"aa",0,"BB",2,"CC",2,1386,1577,-1,-1,-1,1,1,-1,-1,1,1,1,"d","D","D","D","D","D","d","D","D","D","D","d","D","d","D","D","D","d","d","D","d","D","D","d","D","D","D","d","D","D","d","D","D","d","D","d","d","D","d","D","D","d","d","d","d","D","D","D","D",-1.46550286015989
104,28,13,"aa",0,"bB",1,"cc",0,1385,1620,1,1,-1,1,1,-1,1,1,1,1,"D","d","D","d","d","d","d","d","d","d","D","d","d","d","D","D","D","d","D","D","d","D","D","d","D","d","d","D","d","D","D","d","d","d","D","d","d","d","D","D","d","d","D","d","D","d","d","d","D",-1.48846876944301
97,28,14,"aA",1,"Bb",1,"cC",1,1387,1430,-1,-1,-1,-1,1,-1,-1,-1,1,1,"D","D","D","d","d","d","d","D","D","D","d","d","d","D","D","D","d","D","D","d","D","D","D","D","D","d","d","D","D","d","d","d","d","D","D","D","d","D","D","d","D","D","d","D","d","D","D","d","d",1.31446847106496
100,28,15,"Aa",1,"BB",2,"cc",0,1388,1677,1,-1,1,-1,1,1,-1,-1,-1,1,"d","D","D","d","d","d","d","D","d","d","D","D","D","D","D","d","d","D","D","d","d","D","D","d","D","d","d","d","D","d","d","D","D","D","d","D","d","D","d","d","d","D","D","D","d","D","D","D","d",0.334514902701163
96,28,16,"Aa",1,"bB",1,"CC",2,1389,1871,-1,-1,-1,1,-1,1,-1,-1,-1,-1,"d","d","d","d","d","d","d","D","d","D","d","d","d","D","d","d","d","D","d","D","D","d","d","D","d","D","D","D","d","D","d","d","d","D","D","D","d","d","d","d","d","D","D","d","d","d","D","D","d",2.5253130536525
96,28,17,"Aa",1,"bB",1,"cc",0,1391,1829,1,1,1,-1,1,1,-1,-1,-1,-1,"d","d","d","d","D","d","D","d","D","D","D","d","D","D","d","d","D","D","D","D","d","D","D","D","D","d","d","D","D","D","d","d","D","D","D","D","d","D","D","D","D","d","d","d","D","D","d","d","d",-3.53701568085182
96,28,18,"Aa",1,"Bb",1,"cc",0,1344,1491,-1,-1,-1,-1,1,-1,1,-1,-1,1,"d","D","D","d","d","d","D","D","d","D","d","d","D","D","D","D","D","D","d","D","d","D","d","d","d","d","D","d","d","D","d","d","D","D","D","d","D","d","D","d","D","d","d","d","D","d","D","D","d",0.664819592688285
96,28,19,"AA",2,"bb",0,"CC",2,1392,1495,1,-1,-1,-1,-1,1,1,-1,-1,-1,"D","d","d","d","d","d","d","d","d","d","D","D","d","D","d","d","D","d","d","D","D","D","d","D","D","D","d","d","D","D","d","D","D","D","D","D","d","d","d","d","D","d","D","d","D","d","d","D","D",0.674661897431098
105,28,20,"Aa",1,"bB",1,"CC",2,1442,1785,1,-1,1,1,1,-1,-1,-1,1,1,"D","d","d","D","D","d","d","d","d","D","D","d","d","D","d","D","d","d","d","d","d","d","D","d","D","d","D","D","d","d","d","D","d","d","d","D","D","d","D","d","D","D","d","D","D","d","d","D","d",3.25861377326665
98,28,21,"aa",0,"bb",0,"cc",0,1444,1499,-1,-1,1,-1,-1,1,-1,-1,-1,1,"d","d","d","D","D","d","D","d","d","D","D","D","D","D","D","D","D","D","D","d","d","D","D","d","D","d","d","D","D","D","D","d","d","D","D","D","D","D","D","d","d","D","d","D","d","d","d","d","d",2.00723660467958
103,28,22,"AA",2,"Bb",1,"CC",2,1395,1197,-1,-1,-1,1,1,1,1,1,1,1,"D","D","d","D","D","d","d","d","D","d","D","D","d","d","D","D","d","D","d","D","d","d","D","d","d","d","d","d","D","d","d","D","D","d","d","D","d","d","D","D","d","D","d","D","d","d","d","D","d",-0.429473095471321
102,28,23,"aA",1,"Bb",1,"Cc",1,1493,29,-1,-1,1,-1,1,1,-1,1,1,1,"D","D","d","D","D","d","d","D","d","D","D","D","D","D","d","d","D","d","d","D","D","D","D","d","d","D","D","d","D","d","D","d","d","D","D","D","d","D","D","d","D","D","D","d","d","D","d","D","D",0.807487599811695
98,28,24,"aA",1,"bb",0,"cC",1,1447,1300,-1,-1,1,-1,1,-1,-1,-1,-1,1,"D","d","D","D","d","d","d","d","D","D","D","D","d","D","D","D","d","d","d","D","d","D","D","d","d","d","D","d","D","d","d","d","D","D","D","d","D","d","d","d","d","D","d","d","D","d","D","D","D",2.49987027049153
100,28,25,"aa",0,"BB",2,"Cc",1,1448,1247,1,-1,-1,-1,1,1,-1,-1,1,1,"d","d","D","D","d","D","D","d","d","d","d","D","D","D","D","D","D","D","d","d","D","d","D","d","d","d","d","d","d","D","D","d","d","D","D","D","d","D","d","d","d","D","D","D","D","d","d","D","d",0.394580583275352
100,28,26,"aa",0,"BB",2,"Cc",1,1448,1646,1,-1,-1,-1,1,-1,1,-1,1,1,"d","d","D","d","D","d","d","d","D","D","D","d","D","d","D","D","D","d","D","D","D","d","D","d","d","d","d","d","d","D","D","d","D","D","D","D","D","D","D","d","d","D","d","D","d","d","d","d","d",0.834708771269377
98,28,27,"aa",0,"bB",1,"cc",0,28,1514,-1,-1,1,1,-1,1,-1,1,1,-1,"D","d","d","d","D","d","D","D","d","d","d","d","d","d","d","D","D","D","d","D","d","D","D","d","d","D","d","d","d","D","D","D","D","d","D","D","d","d","d","d","d","D","D","D","D","d","d","D","d",-1.06642786511742
98,28,29,"AA",2,"Bb",1,"Cc",1,1401,1159,-1,-1,1,1,-1,1,-1,1,1,1,"D","D","d","D","D","d","D","D","d","D","D","d","d","D","d","D","d","d","D","d","D","d","D","d","D","d","D","d","d","D","D","d","d","d","d","D","D","D","D","d","D","d","D","d","d","D","D","d","D",-3.23321002706827
99,28,30,"Aa",1,"Bb",1,"cc",0,1402,1206,-1,1,-1,-1,1,1,-1,1,1,-1,"d","D","D","d","D","D","D","D","D","d","D","D","d","D","d","d","D","d","D","D","d","D","d","d","d","d","D","d","d","d","d","d","D","D","D","d","d","D","d","d","D","d","d","D","d","d","D","D","D",-0.416026452350256
97,28,31,"aa",0,"Bb",1,"Cc",1,1452,1596,-1,1,1,1,-1,-1,-1,1,-1,-1,"D","d","D","d","D","d","D","D","d","D","d","d","D","D","d","d","D","d","D","D","D","D","D","d","D","d","d","d","d","D","d","d","d","d","D","d","d","d","D","D","d","d","D","d","d","d","d","d","D",-0.583305137885701
101,28,32,"aa",0,"BB",2,"Cc",1,1404,1262,-1,-1,1,-1,-1,-1,1,1,1,1,"D","d","d","d","d","d","D","D","d","d","d","d","d","D","d","d","d","d","d","D","D","D","D","D","D","d","D","D","d","D","d","d","d","D","d","d","d","d","d","D","D","D","d","d","d","D","D","d","d",1.34119958919794
104,28,33,"AA",2,"BB",2,"cc",0,1356,1109,1,-1,-1,1,1,1,-1,1,1,1,"d","d","d","D","D","d","d","D","d","D","d","D","d","D","D","d","D","D","d","D","D","d","D","d","D","d","D","d","d","D","d","d","d","D","d","D","D","d","D","D","d","d","d","d","D","D","D","D","D",0.924592960024204
101,28,34,"aa",0,"bB",1,"cc",0,1405,1796,-1,-1,-1,1,1,-1,-1,1,1,1,"d","D","D","D","D","d","D","d","D","D","d","D","D","d","D","d","d","d","d","d","D","D","d","D","d","d","d","d","d","D","d","D","D","D","d","D","D","d","d","d","d","d","D","d","D","d","d","d","D",1.73568727339793
96,28,35,"Aa",1,"bb",0,"Cc",1,1408,1657,-1,1,-1,-1,1,-1,-1,-1,1,-1,"D","d","d","D","D","d","D","D","d","D","d","d","D","d","d","d","D","d","D","D","d","D","D","d","D","d","D","D","d","D","d","d","D","d","d","D","D","D","d","d","D","d","d","D","d","d","D","d","D",0.144595935986415
99,28,36,"AA",2,"bB",1,"Cc",1,1408,1348,1,-1,-1,-1,-1,1,-1,-1,1,1,"D","d","d","D","d","d","d","d","D","D","d","d","d","D","D","d","d","d","D","d","D","d","D","D","d","d","D","D","d","D","D","d","d","d","d","D","D","D","d","D","d","d","D","D","D","D","D","D","D",1.70980341283078
98,28,37,"aA",1,"Bb",1,"Cc",1,1409,1560,-1,1,1,-1,-1,-1,1,1,-1,1,"D","D","D","D","d","D","d","d","d","D","D","d","d","d","D","D","D","d","d","d","d","D","D","D","D","d","D","d","D","D","d","d","d","d","d","D","d","d","D","D","D","D","d","D","d","d","D","d","d",-1.10164699605248
95,28,38,"aa",0,"bB",1,"Cc",1,1410,1265,1,-1,-1,-1,-1,1,1,-1,-1,-1,"d","d","d","D","d","D","D","D","d","D","D","D","d","D","D","D","d","d","d","d","d","D","d","d","D","d","D","D","D","D","D","d","D","d","D","D","D","d","D","D","D","D","d","d","d","D","d","D","d",-0.957532944398211
97,28,39,"aA",1,"bB",1,"cC",1,1460,1363,1,-1,1,-1,1,1,-1,-1,-1,1,"D","d","D","d","D","d","d","D","D","D","D","D","d","d","d","D","d","d","d","D","D","D","D","D","D","d","D","D","D","d","d","D","D","D","d","D","d","D","D","D","d","d","d","D","D","d","d","D","d",-2.70117285134818
100,28,40,"aa",0,"Bb",1,"cc",0,1412,1461,-1,1,1,-1,-1,1,1,1,-1,-1,"D","d","d","d","d","d","d","D","d","d","D","d","d","d","d","D","d","d","d","d","d","D","D","d","D","d","d","D","d","D","d","D","d","d","D","D","d","D","D","D","D","D","D","d","D","d","d","D","D",0.605977101422471
103,28,41,"aa",0,"bB",1,"cC",1,1413,1412,1,1,-1,1,1,-1,-1,1,1,-1,"D","d","D","D","d","D","d","d","D","D","d","d","d","d","d","D","D","D","d","d","d","d","D","d","D","d","d","d","D","d","d","d","d","d","d","d","d","D","D","D","D","D","D","D","d","d","d","D","D",1.44015960971707
98,28,42,"AA",2,"Bb",1,"CC",2,1463,1558,-1,-1,-1,1,1,-1,-1,1,-1,1,"D","d","d","D","d","d","D","D","d","d","D","D","D","D","D","D","D","d","D","d","D","D","D","D","D","D","d","D","d","D","d","D","D","d","D","d","D","D","d","D","d","d","d","D","d","d","d","d","d",0.744141563198388
99,28,43,"aa",0,"bb",0,"Cc",1,1416,1512,1,-1,-1,-1,1,1,-1,1,1,-1,"D","d","d","d","d","D","D","d","D","D","D","d","d","D","d","d","D","d","D","D","D","d","d","d","D","d","d","d","d","d","d","D","d","d","d","D","d","D","D","d","d","d","D","d","D","d","d","d","d",-0.892948676375687
97,28,44,"Aa",1,"Bb",1,"cC",1,1417,1414,-1,-1,1,-1,1,1,-1,-1,-1,1,"d","D","D","d","D","D","D","D","d","D","D","d","D","D","D","D","D","D","D","d","D","d","D","D","D","d","d","D","d","d","d","d","D","d","D","D","d","d","d","d","D","d","d","d","d","d","d","d","D",-0.667225210469523
90,28,45,"Aa",1,"BB",2,"Cc",1,1417,1554,-1,-1,-1,-1,-1,1,-1,-1,-1,-1,"d","d","D","d","d","D","D","D","D","D","d","d","d","D","d","D","d","d","d","d","D","d","D","d","D","D","d","D","d","D","d","d","D","d","d","d","D","d","D","d","D","d","d","d","d","d","D","D","D",-1.13735352250653
102,28,46,"Aa",1,"BB",2,"Cc",1,1417,1177,-1,1,1,1,1,1,-1,1,-1,-1,"d","d","D","D","d","D","D","D","D","d","D","d","D","D","D","d","d","d","d","d","d","D","D","d","D","D","d","d","D","D","D","d","d","d","D","d","d","d","D","d","D","d","d","d","d","d","d","d","D",0.295837913553912
98,28,47,"Aa",1,"Bb",1,"cc",0,1370,1274,-1,-1,-1,-1,1,1,1,-1,1,-1,"d","D","d","d","D","D","D","D","D","D","D","D","D","D","D","D","D","d","D","d","D","d","d","d","D","d","d","d","D","d","d","D","d","D","d","D","d","D","D","D","d","d","d","D","d","D","d","D","d",0.46718909111489
103,28,48,"Aa",1,"BB",2,"cC",1,1420,1514,-1,-1,1,1,1,1,1,1,1,-1,"D","d","d","D","D","D","D","d","D","D","d","d","d","D","d","d","D","D","d","D","D","D","D","d","d","d","d","d","d","D","D","D","D","D","D","d","d","D","D","D","d","d","D","D","D","d","d","d","d",-0.988763711690022
97,28,49,"aA",1,"bb",0,"CC",2,1421,1222,-1,1,1,-1,-1,1,-1,1,-1,-1,"D","d","D","d","d","d","D","D","d","D","d","d","D","d","D","D","D","d","d","D","D","D","D","d","D","d","d","d","D","d","d","d","D","d","d","D","d","D","D","d","D","d","d","D","d","D","d","d","D",-0.69317042153435
100,28,50,"AA",2,"BB",2,"Cc",1,1422,882,1,1,1,-1,-1,-1,-1,1,1,-1,"D","d","d","d","d","D","D","d","D","D","d","d","D","D","d","d","d","d","D","D","D","D","D","d","d","d","D","D","D","D","D","D","D","D","d","D","d","d","D","d","D","D","d","D","d","D","d","d","d",0.445597633256357
100,29,1,"AA",2,"Bb",1,"cc",0,1423,1766,1,1,-1,1,1,1,-1,-1,1,-1,"D","d","d","d","d","d","D","d","d","D","D","D","D","d","d","d","d","D","D","d","d","D","D","D","d","D","D","d","d","D","D","D","D","d","D","D","D","d","d","D","D","d","D","D","D","D","D","D","D",-1.63489634745757
95,29,2,"Aa",1,"bb",0,"Cc",1,1424,1377,1,-1,-1,-1,-1,-1,-1,1,-1,1,"D","d","D","d","d","D","d","d","d","d","d","D","D","d","D","d","d","D","d","D","d","D","D","d","D","D","D","D","D","d","d","D","d","D","d","d","D","D","d","D","D","d","d","d","d","D","D","d","d",-0.615027622576701
104,29,3,"AA",2,"bB",1,"cc",0,1473,1874,-1,1,-1,1,-1,-1,1,1,1,1,"D","D","d","d","D","d","d","d","D","D","D","D","d","d","D","D","d","D","d","D","d","D","D","d","d","D","d","d","D","d","d","D","d","d","d","D","d","d","D","d","D","d","d","D","D","d","D","d","D",2.35005220469181
97,29,4,"Aa",1,"bB",1,"Cc",1,1427,1574,1,-1,1,1,-1,1,1,-1,-1,-1,"d","d","d","D","d","D","d","d","D","D","D","D","d","d","d","D","d","d","d","d","D","D","D","d","D","D","d","D","D","D","D","d","d","D","D","d","d","D","D","d","d","d","d","D","D","D","D","d","d",-2.39233808395382
102,29,5,"aA",1,"BB",2,"CC",2,1427,1427,1,-1,1,1,-1,-1,1,-1,1,1,"d","d","d","d","D","d","D","d","d","d","d","D","D","d","d","d","d","D","d","d","d","d","d","D","d","d","d","D","D","D","D","D","D","D","D","d","D","D","D","d","d","d","d","D","d","D","D","d","d",0.343297616294681
97,29,6,"aA",1,"bb",0,"cC",1,1428,1427,-1,1,-1,-1,-1,-1,1,1,-1,-1,"d","d","d","D","d","d","d","d","d","D","D","D","D","D","d","d","D","d","D","d","d","d","d","d","D","D","d","d","D","d","D","D","D","D","d","d","d","D","D","d","d","d","d","d","D","D","D","D","d",1.80500137191413
97,29,7,"aa",0,"bB",1,"cc",0,1428,1477,-1,1,-1,1,-1,-1,-1,1,-1,1,"D","D","D","D","D","d","D","d","d","d","d","D","d","D","d","d","d","d","d","d","d","d","D","d","d","D","D","d","D","d","D","d","d","d","D","d","d","D","d","D","d","D","D","d","D","D","D","D","d",-0.193743872398215
100,29,8,"Aa",1,"bB",1,"CC",2,1430,1235,-1,1,-1,1,-1,-1,-1,-1,1,1,"d","D","D","d","d","d","d","D","D","D","D","d","d","d","D","D","D","D","D","d","d","D","d","D","D","d","D","D","D","d","d","d","d","D","d","D","D","d","d","D","d","d","d","D","D","D","D","d","d",2.72189409389562
100,29,9,"AA",2,"bb",0,"cc",0,1431,1490,-1,-1,1,1,-1,1,1,1,-1,-1,"d","d","d","d","d","D","D","d","D","d","D","D","D","D","d","d","D","d","d","D","D","d","d","D","D","D","d","D","D","d","d","d","D","D","D","D","d","d","d","D","d","d","d","D","D","d","D","d","D",0.192161077057594
97,29,10,"Aa",1,"BB",2,"Cc",1,1432,1188,-1,1,-1,-1,-1,1,1,1,-1,-1,"d","D","D","d","d","d","D","D","D","d","D","d","D","d","d","D","d","D","d","d","D","d","d","D","d","D","d","D","D","D","d","D","d","D","d","D","d","D","d","D","d","D","D","d","d","D","D","d","d",-0.564530655484417
103,29,11,"Aa",1,"BB",2,"Cc",1,1433,1631,-1,1,1,1,1,1,-1,1,1,-1,"d","d","d","d","D","d","d","D","D","D","D","D","d","D","d","D","D","D","D","D","d","D","D","D","d","D","D","D","D","D","d","d","d","D","D","D","D","D","D","D","d","d","d","D","d","D","d","d","d",-0.312934908707499
97,29,12,"aA",1,"BB",2,"CC",2,1386,1494,-1,-1,-1,1,1,1,1,-1,-1,-1,"D","D","d","d","d","D","d","D","D","d","D","d","d","d","D","D","D","D","D","D","D","D","D","d","D","d","d","d","d","D","d","d","d","d","D","D","d","D","d","D","D","d","d","d","d","D","d","D","d",-0.429902898782116
96,29,13,"AA",2,"bb",0,"cc",0,1387,1234,-1,-1,-1,-1,-1,-1,1,-1,-1,1,"d","D","D","D","d","d","d","D","d","D","d","d","d","D","D","D","D","D","D","d","D","D","d","D","D","d","d","D","D","d","d","d","d","D","D","d","d","d","D","d","D","D","D","D","D","D","d","d","D",2.47000037772911
99,29,14,"aa",0,"bB",1,"cc",0,1436,1385,1,1,-1,-1,1,-1,1,-1,-1,1,"d","D","d","D","D","d","d","D","d","D","d","D","d","d","d","d","d","D","D","D","d","d","D","D","d","d","D","D","D","D","d","D","d","d","d","D","d","d","D","D","D","d","d","D","D","D","D","D","d",-0.783453956381087
99,29,15,"Aa",1,"BB",2,"CC",2,1437,1526,1,-1,-1,1,-1,1,-1,-1,-1,1,"d","d","d","d","D","d","d","D","d","d","D","D","d","d","d","d","D","D","D","D","D","d","d","d","D","d","d","D","D","d","d","d","D","D","d","d","D","d","d","d","d","d","d","D","D","d","d","d","D",1.88337319261809
100,29,16,"Aa",1,"BB",2,"cC",1,1438,1393,-1,1,-1,-1,1,-1,1,1,1,-1,"d","D","d","d","D","d","d","D","d","D","d","d","D","D","d","D","D","d","d","D","D","d","d","D","d","d","d","d","D","d","D","d","D","d","D","D","d","d","D","D","d","d","d","D","d","D","d","D","D",0.17526754422917
102,29,17,"AA",2,"BB",2,"cc",0,1438,1285,-1,1,1,1,1,-1,-1,1,1,1,"D","D","d","d","D","d","d","D","D","D","D","d","D","D","D","D","d","d","d","D","D","D","d","D","D","d","D","D","d","D","D","d","D","D","D","D","D","d","D","D","D","D","d","D","d","D","d","d","D",-1.06924865322069
99,29,18,"aA",1,"Bb",1,"Cc",1,1440,1150,1,-1,-1,1,1,-1,1,-1,1,1,"D","D","D","D","d","d","d","D","d","d","d","D","D","D","D","d","D","d","d","d","D","d","d","D","D","d","D","D","D","d","d","d","d","D","D","D","D","D","D","D","D","d","D","d","d","d","d","D","D",-2.80756585565342
102,29,19,"Aa",1,"BB",2,"cc",0,1440,1297,1,-1,1,-1,-1,1,-1,1,1,1,"D","D","D","d","D","D","D","d","d","d","d","D","D","D","D","d","d","d","D","d","D","d","d","D","D","d","d","d","D","d","d","d","d","D","d","D","D","D","d","D","d","d","D","d","D","d","d","d","D",0.0813547422335033
101,29,20,"AA",2,"bB",1,"Cc",1,1442,1486,1,-1,1,-1,1,1,-1,-1,1,-1,"D","d","D","D","d","D","d","d","d","d","d","D","D","D","d","d","d","d","D","D","D","d","d","d","d","d","d","d","d","d","d","D","d","D","d","D","d","D","D","d","D","D","D","d","D","D","D","D","D",1.9239024896198
98,29,21,"Aa",1,"bb",0,"CC",2,1442,1491,1,-1,-1,-1,1,-1,-1,1,1,1,"d","d","d","D","d","d","D","d","d","d","d","d","D","D","D","D","D","D","d","D","D","d","d","d","d","d","D","D","D","d","d","D","D","D","d","D","D","D","d","d","d","d","D","d","D","D","D","D","d",-1.65018053530316
96,29,22,"aa",0,"BB",2,"cc",0,1444,19,-1,-1,1,-1,-1,1,-1,1,-1,-1,"d","d","D","D","D","d","d","d","d","D","d","D","d","D","d","d","D","D","d","D","d","D","D","d","d","d","d","d","D","D","d","d","d","d","D","D","d","D","D","D","D","D","d","D","d","d","d","D","D",0.00758590332435641
102,29,23,"Aa",1,"Bb",1,"CC",2,1494,1543,-1,-1,1,1,1,1,1,-1,1,-1,"D","d","D","d","D","d","d","D","D","D","d","d","d","D","D","d","D","D","d","D","D","D","D","D","d","d","D","d","D","d","D","d","d","d","D","d","d","d","d","D","D","d","d","d","d","d","D","d","d",0.132430152985685
106,29,24,"AA",2,"bB",1,"cc",0,1446,1699,-1,1,1,1,1,1,1,-1,1,1,"d","D","d","d","D","d","d","D","D","D","D","d","D","d","d","d","D","D","d","D","D","D","D","D","D","D","d","D","D","d","D","D","d","D","d","D","d","d","d","D","d","D","d","d","D","D","D","D","D",0.402102528266819
97,29,25,"aA",1,"BB",2,"cc",0,1447,1250,-1,-1,1,1,1,1,-1,-1,-1,1,"d","d","d","D","D","d","D","d","D","D","d","D","D","d","d","D","d","D","D","D","d","D","D","d","D","d","D","d","D","d","d","d","D","D","d","D","d","d","D","d","D","D","d","d","D","d","d","D","d",-2.7508985456501
102,29,26,"aa",0,"Bb",1,"Cc",1,1448,1201,1,-1,-1,-1,1,1,1,1,1,-1,"D","d","d","d","D","D","d","D","D","d","D","d","D","d","D","D","D","d","d","d","D","D","D","d","D","d","D","d","D","D","D","D","D","D","d","D","d","D","D","d","D","d","D","d","D","d","D","d","d",0.641865369812093
93,29,27,"aa",0,"Bb",1,"Cc",1,1450,29,-1,-1,-1,-1,-1,1,-1,-1,1,1,"D","d","d","D","D","D","d","D","d","D","D","D","D","d","D","d","D","D","d","D","d","D","D","d","d","d","D","D","D","D","D","d","D","D","d","D","d","D","d","d","D","D","d","D","d","d","d","d","D",-2.52605349871549
98,29,28,"aa",0,"Bb",1,"Cc",1,1450,27,-1,-1,-1,-1,-1,1,-1,1,1,-1,"D","D","D","D","D","D","D","d","d","d","D","D","D","d","d","D","D","D","D","D","D","D","D","d","d","d","D","D","d","D","d","d","D","D","D","D","D","D","d","d","d","D","d","D","d","d","d","d","D",2.60551325263158
96,29,30,"Aa",1,"bb",0,"cC",1,29,1599,-1,-1,-1,-1,1,-1,-1,1,-1,1,"d","d","d","d","d","D","D","d","D","D","d","D","d","D","D","D","d","d","d","d","D","D","d","d","d","d","d","D","D","d","d","D","d","d","D","d","D","d","D","d","D","D","d","d","d","d","d","d","d",0.558113069669682
98,29,31,"aa",0,"bB",1,"Cc",1,1501,1692,-1,-1,-1,-1,-1,1,1,-1,-1,1,"d","d","D","D","D","d","d","d","d","d","D","D","d","D","D","D","D","d","D","d","d","d","D","D","d","d","D","d","d","d","d","D","D","D","d","D","d","D","d","D","D","d","d","d","D","d","d","D","D",2.3381228434996
88,29,32,"Aa",1,"BB",2,"Cc",1,1452,30,-1,-1,-1,-1,-1,-1,-1,-1,-1,-1,"d","d","d","d","D","D","d","D","d","D","D","D","D","D","D","D","d","d","d","D","D","D","D","d","d","d","d","d","d","D","D","d","D","D","D","d","D","d","d","d","d","D","D","d","d","d","d","d","D",-1.78294912503852
98,29,33,"aA",1,"Bb",1,"CC",2,1454,1314,1,-1,-1,-1,-1,-1,-1,1,1,1,"D","d","D","D","D","D","D","D","d","d","D","D","d","d","D","d","D","d","d","d","D","D","d","D","D","d","D","d","D","d","D","d","D","d","D","D","D","D","D","d","d","d","d","d","D","D","d","d","D",0.859847067727057
104,29,34,"Aa",1,"BB",2,"cc",0,1455,1210,-1,-1,-1,1,1,1,1,1,1,1,"d","d","D","D","D","D","d","D","D","d","D","D","d","D","D","D","D","d","d","d","d","d","D","d","d","D","d","D","D","D","D","D","d","d","D","D","d","d","d","D","D","d","d","d","d","D","D","d","d",0.241040200968617
102,29,35,"aa",0,"BB",2,"cC",1,1456,1658,-1,-1,-1,1,1,1,-1,1,1,1,"d","d","D","D","d","d","d","d","D","D","d","D","d","d","D","d","D","d","d","D","D","D","D","d","d","d","d","d","d","D","d","d","d","D","d","d","d","D","d","d","D","D","d","d","D","d","d","d","D",0.0209586426638498
104,29,36,"Aa",1,"bb",0,"cc",0,1457,1164,-1,-1,1,-1,1,1,1,1,1,1,"D","d","D","D","D","D","d","d","d","d","D","D","D","D","D","D","D","D","d","D","D","d","d","D","d","d","d","D","d","D","D","d","D","D","d","D","D","D","d","d","D","D","D","D","D","D","d","d","d",0.546216465999825
100,29,37,"AA",2,"bB",1,"Cc",1,1457,1700,-1,-1,1,-1,1,1,-1,-1,1,1,"d","D","D","D","d","D","D","d","D","d","D","D","d","D","D","D","d","D","D","D","d","D","d","D","D","d","D","D","D","D","D","D","d","d","d","d","d","D","D","d","D","d","d","D","D","D","d","d","D",0.754511931959695
104,29,38,"AA",2,"Bb",1,"cc",0,1458,1556,-1,-1,1,1,1,1,1,1,1,-1,"D","d","D","d","D","D","d","D","D","d","D","D","D","d","D","d","d","d","d","d","D","D","D","d","D","d","D","d","d","D","D","D","D","D","D","d","d","d","d","d","d","d","d","d","D","d","D","D","D",0.495844664854509
103,29,39,"aa",0,"bB",1,"CC",2,1460,1605,-1,1,1,1,1,1,1,1,-1,1,"D","d","D","D","d","d","d","D","D","D","D","D","d","d","d","D","D","d","D","D","d","D","D","d","D","d","D","D","D","d","D","d","D","D","D","D","D","D","D","D","D","d","D","D","D","D","d","D","d",-2.11020267126789
100,29,40,"aa",0,"bB",1,"CC",2,1459,1608,-1,-1,1,-1,1,1,-1,-1,-1,-1,"D","d","d","d","d","D","D","D","d","D","D","D","D","d","D","D","d","D","d","D","d","D","d","D","D","D","d","D","D","d","d","d","d","D","D","D","D","D","d","d","d","d","d","D","d","d","d","d","d",4.30335699144348
99,29,41,"aa",0,"bb",0,"Cc",1,1462,1711,-1,1,-1,1,1,-1,-1,1,1,-1,"D","D","d","D","D","D","D","d","D","d","D","d","d","D","D","D","d","d","d","D","d","D","D","d","D","D","D","d","d","d","d","D","D","d","d","D","d","d","D","d","d","D","d","D","d","D","D","d","d",-0.833331622036145
102,29,42,"Aa",1,"BB",2,"Cc",1,1463,1205,-1,-1,-1,1,1,-1,1,1,-1,1,"D","d","d","d","d","d","D","D","D","d","d","D","D","D","D","D","d","d","d","D","d","d","d","d","d","d","d","D","D","d","D","D","d","d","D","D","D","D","D","D","d","D","D","d","D","d","D","d","D",2.0197183198402
95,29,43,"aA",1,"Bb",1,"cc",0,1464,824,1,-1,-1,-1,1,-1,-1,-1,1,-1,"D","d","D","D","D","d","D","D","D","d","d","D","D","d","D","d","d","d","D","D","d","d","d","D","d","d","d","D","D","D","d","D","d","D","d","d","d","D","D","d","D","d","d","d","D","d","D","D","D",-0.229752802877181
100,29,44,"aA",1,"bB",1,"Cc",1,1465,1267,-1,-1,1,-1,1,-1,1,-1,1,1,"d","D","D","d","d","D","D","D","D","d","D","D","D","d","d","d","d","D","D","D","D","d","D","D","D","d","d","D","d","D","d","D","D","D","D","d","d","d","D","d","D","D","d","D","D","d","D","D","D",0.570546770232437
97,29,45,"Aa",1,"Bb",1,"CC",2,1515,1513,-1,-1,1,-1,-1,1,-1,-1,1,1,"D","D","d","D","d","d","D","D","D","D","D","d","d","D","d","d","d","d","D","d","D","d","D","d","D","d","d","D","D","D","d","D","d","d","d","d","d","d","d","D","d","d","d","d","d","d","D","D","D",-0.92745543753041
102,29,46,"AA",2,"Bb",1,"cC",1,1467,1306,1,1,1,1,-1,-1,-1,-1,1,-1,"d","d","D","D","d","d","D","D","D","D","d","D","D","d","D","d","d","d","D","d","d","d","d","D","D","d","d","d","d","d","d","d","d","d","D","d","d","D","D","D","D","d","d","d","d","d","d","D","d",2.3360430141227
100,29,47,"aA",1,"bB",1,"cc",0,1468,1466,1,-1,-1,-1,-1,1,1,-1,1,1,"D","d","D","d","d","d","d","D","d","D","d","D","d","d","D","d","d","D","d","d","d","d","D","D","D","d","D","d","d","d","D","D","d","D","d","d","d","D","d","D","d","d","D","d","d","D","d","D","d",0.152188248170992
101,29,48,"aa",0,"bb",0,"cc",0,1467,1469,1,1,1,-1,-1,1,-1,-1,1,1,"d","d","D","D","d","D","D","D","D","d","D","D","D","D","D","D","d","d","d","D","d","d","d","D","d","d","D","D","D","d","D","d","D","d","D","d","D","D","d","d","D","d","D","d","d","d","d","d","D",-0.901988700968033
100,29,49,"AA",2,"bb",0,"cc",0,1470,1701,-1,-1,-1,1,-1,1,1,1,-1,1,"d","D","D","d","d","d","d","d","d","D","D","D","d","d","d","d","d","d","D","d","d","d","D","D","d","D","d","d","D","D","d","D","d","D","d","d","d","d","D","d","D","D","d","d","D","D","d","D","D",0.99301649759566
99,29,50,"Aa",1,"bB",1,"Cc",1,1470,1468,-1,-1,-1,1,-1,1,1,1,-1,1,"D","D","d","d","D","d","d","d","D","D","D","D","D","d","d","D","d","d","D","D","d","D","d","d","d","D","d","d","D","D","d","D","D","D","d","d","d","d","D","d","d","D","d","D","d","d","d","D","d",-0.392191794600562
97,30,1,"Aa",1,"Bb",1,"cc",0,1472,1475,-1,1,1,-1,-1,-1,1,-1,1,-1,"D","d","d","d","d","d","d","d","d","D","d","d","d","d","D","D","d","d","d","d","d","d","D","d","d","D","d","d","d","D","D","D","D","D","D","D","D","D","d","D","D","d","D","D","d","D","D","d","D",-0.713414514006323
103,30,2,"Aa",1,"bb",0,"cc",0,1473,941,-1,1,-1,1,1,1,1,-1,1,1,"D","D","D","D","d","D","d","d","d","D","D","D","D","d","d","D","d","D","D","D","D","d","d","d","D","D","D","d","D","d","d","D","d","d","D","D","d","D","D","d","D","d","d","D","d","d","D","d","d",-0.416161780986801
97,30,3,"AA",2,"BB",2,"cC",1,1474,1375,-1,-1,1,1,-1,-1,1,-1,1,-1,"d","D","d","d","D","d","d","d","d","d","D","d","D","d","d","d","d","D","D","D","D","D","d","d","D","d","d","d","D","d","d","d","d","D","d","d","D","D","D","D","d","d","d","D","d","D","d","d","D",-0.875077351137428
101,30,4,"aa",0,"bB",1,"cc",0,1475,1037,1,1,-1,-1,1,1,-1,1,-1,1,"d","d","D","d","d","d","d","d","d","d","d","d","D","D","d","D","D","d","D","D","D","D","D","d","D","d","d","d","D","D","D","D","d","D","d","D","D","d","D","d","d","D","d","d","d","D","D","d","d",-0.270125851335257
99,30,5,"Aa",1,"bB",1,"cc",0,1379,1183,-1,-1,-1,-1,1,-1,1,1,1,-1,"d","D","d","D","d","d","D","D","d","D","d","D","D","d","D","d","d","d","d","d","d","D","D","D","D","D","d","D","D","D","d","D","d","d","d","D","d","d","D","d","D","d","d","d","d","d","D","D","d",1.03401647790878
97,30,6,"aA",1,"bb",0,"cc",0,1477,1434,-1,-1,1,-1,-1,1,-1,-1,1,1,"d","D","D","D","D","D","d","d","d","D","D","D","D","d","D","d","d","d","D","D","d","D","d","D","D","D","D","D","D","D","D","d","d","d","D","d","d","d","D","d","d","D","d","D","D","D","D","d","d",-0.328253989528653
100,30,7,"Aa",1,"BB",2,"cC",1,1527,1725,-1,1,1,-1,-1,-1,-1,1,1,1,"d","D","D","d","d","D","D","D","D","d","d","d","D","d","D","D","d","D","d","D","D","d","d","D","D","D","D","d","D","d","d","d","d","D","D","D","D","D","d","d","D","d","d","d","D","d","d","D","d",0.374382546236278
104,30,8,"aA",1,"Bb",1,"cC",1,1528,1429,-1,1,1,1,1,1,1,1,1,-1,"D","D","d","d","d","d","D","d","D","D","d","D","D","D","D","d","D","d","D","d","D","d","d","D","d","D","d","d","d","D","D","D","D","d","D","d","d","D","D","d","d","D","d","d","d","d","d","D","D",-1.10347714171091
106,30,9,"Aa",1,"BB",2,"Cc",1,1578,1578,1,1,1,-1,1,1,-1,1,1,1,"D","D","D","D","D","D","D","d","D","D","d","D","D","D","d","d","d","D","d","d","d","d","d","d","d","d","d","d","D","D","D","D","D","D","D","D","D","D","D","d","D","D","D","D","D","D","D","D","D",0.0663455642684536
104,30,10,"Aa",1,"BB",2,"cc",0,1481,1532,-1,1,-1,-1,1,1,-1,1,1,1,"D","D","d","D","d","d","d","D","D","D","d","D","D","d","D","D","D","d","D","D","D","D","D","d","D","d","D","D","D","d","d","D","d","d","d","D","d","D","D","d","D","d","D","D","d","D","d","d","d",2.21567991591686
93,30,11,"AA",2,"Bb",1,"cC",1,1483,1340,-1,-1,1,-1,-1,-1,1,1,-1,-1,"D","D","D","d","D","D","d","D","D","d","d","D","D","D","D","D","d","d","d","D","D","D","d","D","D","d","D","d","D","d","d","d","d","d","D","d","d","D","d","D","d","d","D","D","D","d","D","D","D",-2.00098214187225
98,30,12,"aA",1,"BB",2,"cC",1,1530,1819,1,1,-1,1,-1,1,-1,-1,-1,1,"d","D","d","D","D","d","d","D","d","D","D","d","D","d","d","d","D","d","d","D","d","d","D","d","d","d","d","D","D","d","D","d","D","D","d","D","D","D","d","D","D","d","D","D","D","d","D","d","d",-1.25126493031636
102,30,13,"aA",1,"Bb",1,"Cc",1,1533,2413,-1,1,-1,-1,-1,1,1,1,1,1,"d","d","D","D","D","D","d","D","d","d","d","d","d","d","d","d","D","d","d","d","d","D","D","d","d","d","d","D","D","D","d","D","D","d","d","d","d","D","d","d","d","D","d","D","D","d","d","d","d",0.389281212551634
97,30,14,"aa",0,"bB",1,"CC",2,1436,1627,1,-1,-1,-1,1,-1,-1,-1,1,1,"d","D","D","D","D","d","d","D","D","D","D","D","d","D","D","d","d","D","D","D","d","d","D","D","d","d","D","D","d","D","D","D","d","d","d","D","D","d","d","D","D","d","d","D","d","D","D","D","d",-0.904582080891792
99,30,15,"aa",0,"bb",0,"Cc",1,1535,1729,1,1,-1,1,-1,1,-1,-1,-1,1,"d","D","d","d","d","D","d","D","d","d","d","D","D","d","D","D","d","d","D","D","D","d","d","d","d","d","D","D","D","D","d","d","D","d","D","D","d","D","D","d","d","D","D","D","D","D","D","d","D",-0.343650266206921
98,30,16,"aA",1,"bB",1,"CC",2,1487,1480,-1,-1,1,1,-1,1,-1,1,-1,1,"D","d","d","d","D","D","D","D","D","D","D","d","D","d","D","d","d","d","D","D","D","D","d","D","d","d","d","d","d","D","D","d","D","d","d","D","D","D","d","D","D","d","d","d","D","D","D","d","d",-1.94844503212719
93,30,17,"Aa",1,"bb",0,"cC",1,1488,1533,-1,-1,-1,-1,-1,-1,-1,1,1,1,"d","d","d","d","D","d","d","D","d","D","d","D","D","D","D","D","d","D","d","d","d","d","D","D","d","d","d","D","D","D","D","d","D","D","d","D","D","D","D","d","d","d","D","d","d","D","d","d","d",-2.18558085882324
103,30,18,"aA",1,"bb",0,"cc",0,1538,1589,-1,-1,1,-1,1,1,-1,1,1,1,"D","D","d","d","D","d","d","d","d","D","D","D","d","D","d","D","D","d","D","d","D","d","D","d","d","d","D","D","d","d","D","d","d","D","d","D","d","D","D","d","d","d","d","d","d","d","D","D","d",1.32939511286184
103,30,19,"AA",2,"bB",1,"cc",0,1490,1390,-1,-1,1,-1,1,1,1,1,1,1,"D","D","d","d","D","D","d","d","d","D","D","D","D","D","d","D","D","D","d","D","d","D","d","D","D","d","d","D","D","d","d","D","d","d","d","D","d","d","d","d","d","d","D","D","d","D","d","d","D",-0.69867356068439
103,30,20,"aa",0,"bB",1,"CC",2,1491,1184,-1,1,1,-1,-1,1,1,1,1,1,"D","D","D","D","d","d","d","d","D","d","d","D","d","D","D","D","d","d","D","d","d","d","D","d","d","D","d","D","d","d","d","D","D","d","D","d","d","d","D","d","d","D","d","D","D","D","D","d","D",-0.0824222370308341
97,30,21,"aA",1,"BB",2,"Cc",1,1493,1404,-1,-1,1,1,1,-1,-1,1,-1,-1,"D","D","d","D","D","d","D","d","D","D","d","d","d","D","D","d","D","d","d","D","D","D","D","d","d","d","d","d","D","D","D","d","d","D","D","D","d","D","d","D","D","D","d","D","d","d","D","D","d",-0.0131848258195223
103,30,22,"Aa",1,"Bb",1,"Cc",1,1493,1588,-1,1,-1,1,1,1,-1,-1,1,1,"d","d","d","D","D","d","d","D","D","D","d","D","d","D","D","d","d","d","D","D","D","D","D","d","d","d","D","d","d","D","D","D","D","D","d","D","D","d","D","D","d","D","D","d","d","d","d","D","D",1.11942867642646
102,30,23,"aa",0,"Bb",1,"Cc",1,1543,1989,-1,1,1,1,1,-1,-1,-1,-1,1,"D","D","D","d","D","d","d","d","d","d","d","d","d","D","D","D","d","d","D","d","d","d","d","D","D","D","D","D","d","D","D","d","D","D","D","d","D","d","D","d","D","D","D","d","D","d","d","d","d",2.48783329358297
102,30,24,"AA",2,"Bb",1,"CC",2,1494,1737,1,1,1,-1,1,-1,-1,1,1,-1,"d","d","D","d","D","d","D","D","D","D","D","d","d","D","d","d","D","D","d","D","D","d","d","D","d","d","d","d","D","d","d","d","D","D","D","d","d","D","D","D","d","d","d","d","D","d","d","D","d",0.665531408260632
98,30,25,"aa",0,"Bb",1,"cC",1,1496,1445,1,-1,1,-1,1,-1,-1,-1,-1,1,"d","d","d","D","D","d","d","d","d","D","D","d","d","d","D","D","D","d","D","d","D","D","d","D","D","d","d","d","D","d","D","D","D","D","D","D","D","D","d","D","D","d","D","d","D","d","d","D","D",0.892038344412587
96,30,26,"Aa",1,"Bb",1,"cC",1,1497,1791,-1,1,-1,1,1,-1,-1,-1,-1,1,"D","D","D","d","d","d","D","d","D","d","d","D","D","D","d","d","d","D","D","d","D","d","D","D","D","d","d","d","D","d","D","d","D","d","d","d","D","d","D","d","D","D","D","d","d","d","d","d","D",-1.60808367186796
98,30,27,"aa",0,"BB",2,"cC",1,1499,1841,-1,1,-1,-1,1,1,-1,-1,1,1,"d","d","D","d","D","D","d","D","D","D","d","D","d","D","d","d","d","D","D","D","D","D","d","D","D","d","d","d","D","D","D","d","d","D","d","D","D","D","d","d","d","d","D","d","D","D","d","D","D",-1.18420416091595
96,30,28,"AA",2,"Bb",1,"CC",2,1450,1306,-1,1,-1,1,-1,-1,-1,-1,1,-1,"d","D","D","D","D","D","D","d","d","D","d","D","d","D","d","d","D","D","D","D","d","D","D","d","d","d","d","D","D","D","d","d","d","D","D","D","d","D","D","d","D","d","d","D","d","d","d","d","d",0.670005981629283
96,30,29,"Aa",1,"bb",0,"cc",0,1597,1893,-1,1,1,-1,-1,-1,1,-1,-1,1,"D","d","d","D","d","d","D","D","d","D","d","D","D","D","d","D","d","D","D","d","D","D","D","D","d","D","D","D","d","d","d","D","D","d","d","d","D","d","d","d","D","d","D","d","D","d","d","D","d",-1.62224630929068
97,30,31,"aA",1,"bB",1,"Cc",1,1501,1356,-1,1,-1,1,-1,1,1,-1,-1,-1,"d","d","d","D","D","D","D","d","D","d","D","D","D","d","D","D","d","d","D","d","D","D","d","d","d","d","d","d","d","d","D","D","D","D","D","D","d","D","D","d","D","d","D","d","d","d","D","D","D",-0.280707019846353
102,30,32,"aA",1,"bB",1,"cC",1,1601,1555,-1,-1,1,1,1,-1,1,1,1,-1,"D","d","d","D","d","d","d","d","d","D","D","D","D","d","D","d","d","d","D","d","D","d","D","d","d","d","d","D","D","d","d","d","d","d","D","d","d","D","d","d","d","d","d","d","D","d","d","d","d",0.0740202987037337
96,30,33,"AA",2,"Bb",1,"cC",1,1551,1313,-1,-1,1,-1,1,-1,-1,-1,1,1,"D","d","D","d","D","d","d","D","D","D","D","d","d","d","D","D","d","d","d","d","D","D","D","D","D","D","d","d","d","d","D","d","D","D","D","D","D","d","D","d","d","d","d","d","D","D","d","D","d",-1.83150114598445
98,30,34,"aA",1,"BB",2,"cc",0,1505,1551,-1,-1,-1,-1,1,1,-1,-1,-1,1,"d","d","d","D","d","d","D","d","D","d","D","d","D","d","d","D","d","d","d","D","D","D","D","D","D","d","d","d","d","d","d","d","d","D","D","d","d","D","D","d","D","D","D","D","D","D","d","D","D",2.99602438741984
99,30,35,"aa",0,"bb",0,"cc",0,1505,1360,-1,-1,1,1,-1,1,-1,1,-1,1,"d","d","d","d","D","D","D","d","D","D","D","d","D","d","D","D","d","d","D","D","d","D","d","D","D","D","D","d","D","D","D","D","D","D","d","d","D","D","D","d","d","d","D","D","d","D","d","D","d",-0.248511016452674
97,30,36,"AA",2,"BB",2,"cC",1,1506,1558,-1,-1,1,1,-1,-1,1,-1,1,1,"D","d","d","d","d","d","D","d","d","d","D","d","D","D","D","D","D","D","D","D","d","D","D","D","D","D","d","d","d","d","d","d","D","D","D","d","d","D","D","D","d","d","d","D","D","d","d","d","d",-2.05659397950723
94,30,37,"aA",1,"Bb",1,"Cc",1,1507,1609,-1,-1,-1,1,-1,-1,-1,-1,1,1,"D","D","D","D","D","D","d","d","d","D","d","d","d","d","D","d","d","d","d","d","d","D","d","D","D","d","d","D","d","D","d","d","d","D","D","D","d","D","D","D","d","d","D","D","d","d","d","d","D",-1.3024068704747
96,30,38,"AA",2,"bb",0,"cC",1,1556,2001,-1,-1,-1,-1,1,-1,-1,1,-1,-1,"d","d","D","d","D","d","D","D","d","D","D","d","D","d","D","D","D","D","d","D","D","D","d","D","d","D","d","d","d","D","d","D","d","D","d","d","D","d","d","d","d","d","D","D","D","D","d","d","d",2.69525618402004
103,30,39,"aa",0,"Bb",1,"CC",2,1509,1938,-1,1,1,-1,1,1,-1,1,1,1,"D","D","d","d","D","D","D","d","D","D","D","d","d","d","d","d","D","D","d","d","d","D","d","d","d","D","d","d","D","D","D","d","D","d","d","D","d","D","d","D","d","d","d","D","D","D","D","d","d",-0.166857796761071
100,30,40,"aA",1,"BB",2,"cc",0,1510,1419,-1,-1,1,1,-1,-1,1,1,-1,1,"d","d","D","d","D","d","D","d","D","d","D","D","D","d","D","d","D","D","d","D","d","D","D","D","D","d","d","d","D","D","D","d","D","d","d","d","D","d","d","D","d","D","d","D","d","D","d","d","d",0.696209607160418
100,30,41,"Aa",1,"bB",1,"CC",2,1511,2000,-1,-1,1,1,-1,-1,-1,1,1,1,"D","D","d","D","d","d","D","D","D","D","D","D","D","D","D","d","D","d","d","D","D","D","d","D","d","D","D","d","D","D","D","D","D","d","D","d","D","D","d","d","d","D","d","d","D","D","d","d","D",0.313803479751919
104,30,42,"Aa",1,"bb",0,"Cc",1,1562,1708,1,1,1,-1,-1,1,1,1,1,1,"D","D","d","d","d","D","D","D","D","D","D","D","D","D","d","d","d","D","d","D","d","d","D","D","d","D","d","d","D","d","d","d","D","d","D","d","d","D","D","d","D","d","d","d","D","D","d","d","D",-1.27519469769304
97,30,43,"aa",0,"bb",0,"Cc",1,1563,1563,-1,-1,1,1,-1,-1,1,-1,-1,-1,"d","D","d","D","D","d","d","D","D","D","d","d","D","d","D","D","D","d","d","D","D","D","D","d","d","D","d","D","D","D","d","D","D","D","d","D","D","D","d","D","d","d","d","d","D","D","D","D","D",1.14647179428496
102,30,44,"aA",1,"bB",1,"Cc",1,1563,1762,-1,-1,1,1,1,-1,-1,1,1,1,"D","D","D","D","D","d","d","D","D","d","D","d","d","D","d","D","D","D","d","D","D","D","D","d","D","d","D","D","d","D","d","D","D","D","d","D","d","d","D","D","D","d","D","D","d","D","D","D","d",0.539959675399186
104,30,45,"aa",0,"bB",1,"cC",1,1565,1418,1,-1,-1,1,1,1,1,1,-1,1,"d","d","D","D","d","D","D","d","D","d","D","D","d","d","D","d","d","d","D","d","D","D","d","D","d","d","D","d","D","D","d","d","d","D","D","D","D","D","D","D","d","D","D","d","d","d","d","D","D",0.472796218632119
97,30,46,"aa",0,"bB",1,"cC",1,1467,1710,-1,-1,1,-1,-1,1,1,1,1,-1,"D","d","d","d","D","d","D","D","d","d","D","d","D","D","D","d","d","d","D","D","d","D","d","D","d","d","d","d","d","d","D","d","d","d","D","D","D","D","d","D","D","d","d","d","D","d","d","D","D",-2.09414654270519
100,30,47,"Aa",1,"bb",0,"cC",1,1467,1854,1,-1,1,1,-1,1,-1,-1,1,1,"d","d","d","D","D","d","D","D","d","d","D","d","d","D","D","d","D","d","d","D","D","D","d","d","D","d","D","d","D","d","d","d","D","d","d","d","d","D","D","D","d","d","d","d","d","d","d","D","D",-1.90436643938416
101,30,48,"aa",0,"bb",0,"cc",0,1469,1469,1,1,-1,-1,1,1,1,-1,-1,-1,"D","d","d","d","D","d","d","D","D","d","D","D","D","D","D","d","d","d","d","D","d","d","d","d","d","d","D","d","D","D","D","D","d","D","D","D","D","d","d","D","D","D","D","d","D","d","d","D","D",1.02121894576762
100,30,49,"aa",0,"BB",2,"Cc",1,1520,1515,1,-1,-1,1,1,1,1,-1,1,-1,"d","d","D","D","D","D","d","d","D","d","D","d","d","d","D","d","d","D","d","d","d","D","d","D","d","d","D","D","D","d","D","D","D","d","D","d","d","D","d","d","D","d","d","d","d","D","d","d","D",-1.03346396335712
97,30,50,"AA",2,"bb",0,"cc",0,1471,1372,1,-1,1,-1,1,-1,-1,-1,1,-1,"D","d","D","d","D","d","D","d","d","D","d","d","D","D","d","d","d","D","d","d","D","D","d","D","D","d","d","D","D","D","D","D","D","D","D","d","d","D","D","D","d","d","d","d","d","d","d","d","D",-0.965416924377231
103,31,1,"Aa",1,"bB",1,"cC",1,1473,1718,1,-1,-1,1,-1,-1,1,1,1,1,"d","D","d","D","D","D","D","d","d","D","d","D","D","d","d","D","d","D","D","D","d","d","D","d","d","D","D","d","d","d","d","D","d","d","D","D","D","D","D","d","d","d","D","D","D","d","d","d","d",1.71434968647541
101,31,2,"AA",2,"bb",0,"Cc",1,1522,1768,1,1,1,-1,1,1,-1,-1,-1,1,"D","d","D","d","D","d","d","d","d","D","d","D","D","d","d","D","d","d","D","d","D","D","d","d","D","d","D","D","d","D","d","D","D","D","D","D","d","D","D","D","d","D","D","D","D","D","d","D","d",-0.987960853318882
102,31,3,"AA",2,"Bb",1,"cC",1,1474,1229,-1,1,1,-1,-1,1,1,1,1,1,"D","d","d","d","d","d","d","d","d","d","d","d","D","d","d","d","d","d","d","D","d","D","d","D","D","d","d","d","D","d","D","d","D","D","D","d","d","d","d","D","d","D","D","D","D","D","D","D","d",-1.78169913200363
99,31,4,"aA",1,"Bb",1,"cc",0,1524,1231,-1,1,-1,-1,1,1,1,-1,1,-1,"D","D","d","D","D","d","d","d","D","d","d","d","d","d","D","D","D","d","d","d","d","d","D","D","d","d","D","d","d","D","d","D","D","D","d","D","d","d","D","D","D","d","d","D","d","d","d","d","d",-0.476654477865668
99,31,5,"AA",2,"bB",1,"cC",1,1525,1718,1,-1,1,-1,1,-1,1,-1,1,1,"d","D","d","d","d","d","d","D","D","D","d","d","d","d","d","d","d","D","D","D","d","d","D","D","d","D","D","D","d","D","D","d","d","D","D","d","D","d","D","D","D","D","d","D","D","d","d","d","d",-2.09281832900099
102,31,6,"AA",2,"Bb",1,"cC",1,1526,1581,1,-1,1,1,1,-1,-1,1,1,-1,"d","D","D","D","d","d","D","d","d","D","D","d","D","d","D","D","D","D","d","d","d","d","D","d","D","d","D","D","D","d","d","D","d","D","d","d","d","D","D","d","d","D","d","D","D","d","d","d","d",0.57349194961407
95,31,7,"aA",1,"BB",2,"cC",1,1527,1678,-1,-1,-1,-1,-1,-1,-1,-1,1,1,"d","D","d","d","d","D","d","D","d","D","D","d","d","D","d","d","d","d","D","D","D","D","d","d","D","d","D","d","D","D","d","d","D","D","d","D","d","D","d","d","d","d","d","d","d","d","d","d","d",1.06619492768786
97,31,8,"aa",0,"bB",1,"Cc",1,1479,1529,-1,-1,-1,1,-1,1,-1,1,1,1,"d","D","D","d","D","d","d","d","D","d","D","d","D","D","d","D","d","d","D","d","D","d","d","D","d","D","d","D","D","d","d","d","d","d","D","d","D","D","D","D","d","D","D","D","d","D","D","d","d",-2.15122299049352
104,31,9,"aA",1,"BB",2,"Cc",1,1529,1872,1,-1,1,-1,1,-1,1,1,1,1,"d","D","D","D","D","d","D","d","D","D","D","D","d","d","d","d","D","D","D","d","D","d","d","d","d","d","D","d","D","d","d","D","D","D","D","D","D","D","d","D","d","D","D","d","d","D","D","d","d",0.455132675039035
96,31,10,"aA",1,"BB",2,"CC",2,1481,1528,-1,-1,-1,-1,1,1,-1,-1,1,-1,"d","D","d","D","d","d","d","D","d","D","D","D","D","d","D","d","d","d","d","D","d","D","d","d","D","d","D","D","d","d","D","D","D","d","D","d","d","D","D","d","d","D","D","D","d","D","d","d","D",0.0147006509162413
96,31,11,"aa",0,"bb",0,"cc",0,1531,1345,-1,1,-1,1,1,1,-1,-1,1,-1,"D","D","D","d","d","d","d","d","d","D","D","D","D","D","D","d","D","d","d","d","d","d","D","d","D","D","d","D","D","d","d","D","D","D","D","d","D","D","d","d","d","d","d","d","D","d","D","d","d",-3.17535546810794
98,31,12,"aA",1,"bB",1,"Cc",1,1533,1534,1,-1,-1,-1,-1,1,1,-1,1,1,"D","d","d","D","d","D","D","D","D","d","D","D","D","d","d","d","D","D","d","d","d","D","d","d","d","d","D","D","D","d","D","D","D","d","D","D","D","D","d","d","d","D","D","D","d","d","D","d","d",-1.7475764021598
103,31,13,"AA",2,"bb",0,"Cc",1,1484,1482,1,1,-1,1,-1,1,1,-1,-1,1,"D","d","D","D","d","d","d","D","d","D","d","d","D","d","D","D","D","d","D","D","D","D","D","d","D","D","d","D","D","d","D","D","d","d","D","d","D","d","D","D","d","d","d","D","D","D","d","D","d",1.51568433136508
99,31,14,"aA",1,"bb",0,"cc",0,1585,1779,1,-1,-1,-1,-1,1,1,-1,1,1,"d","D","d","d","D","D","d","D","D","d","D","D","d","D","D","d","D","d","d","d","d","d","d","d","D","d","d","D","d","d","d","D","d","D","D","D","D","D","d","D","d","D","D","d","d","d","D","D","d",-0.335732225472195
98,31,15,"aa",0,"bb",0,"cc",0,1488,1538,-1,-1,-1,1,-1,1,-1,-1,1,1,"D","d","d","d","d","d","d","D","D","D","D","D","d","D","D","D","d","d","D","d","d","d","d","D","d","d","d","D","D","d","d","d","D","D","D","D","D","D","D","d","d","D","D","D","d","D","d","d","D",0.239029788337895
99,31,16,"aa",0,"BB",2,"Cc",1,1536,1191,-1,1,1,1,1,-1,-1,-1,1,-1,"d","D","d","D","D","d","d","D","d","d","D","D","d","d","d","D","D","D","D","D","D","d","d","d","D","D","d","D","D","D","d","d","d","D","D","d","d","D","d","d","D","d","d","D","d","d","D","D","d",-0.463610050663622
101,31,17,"AA",2,"bB",1,"Cc",1,1537,1388,-1,1,1,1,1,1,-1,-1,1,-1,"d","d","D","d","D","D","d","d","D","D","d","D","D","D","D","D","d","D","D","D","D","d","D","d","D","d","d","D","d","d","d","D","d","D","D","D","D","D","D","D","d","D","D","d","D","d","D","D","D",-0.127821067387391
102,31,18,"aa",0,"bb",0,"cc",0,1587,1787,1,-1,1,1,-1,-1,-1,1,1,1,"D","d","D","d","D","d","D","d","D","D","D","D","d","D","d","d","D","D","d","d","D","d","d","D","D","d","d","d","D","d","d","d","d","D","D","D","D","D","d","D","D","D","d","D","D","d","d","d","d",0.630794718369511
100,31,19,"AA",2,"bB",1,"CC",2,1540,1492,-1,1,-1,-1,-1,1,-1,-1,1,1,"D","d","d","d","d","d","D","D","d","d","d","D","D","d","D","d","D","D","d","d","d","D","D","D","D","d","d","D","D","D","D","D","d","D","d","d","D","D","d","D","D","d","D","d","D","D","d","d","D",2.38294474450053
94,31,20,"Aa",1,"bB",1,"Cc",1,1540,1830,-1,-1,-1,-1,-1,1,-1,-1,1,1,"D","d","d","D","D","d","d","d","D","D","D","D","D","D","d","d","d","D","D","d","d","D","D","d","d","d","D","D","d","D","d","D","d","D","d","d","d","D","D","D","D","d","D","d","d","D","D","D","d",-1.36022617054676
101,31,21,"aA",1,"BB",2,"cC",1,1590,1494,-1,-1,-1,1,1,1,-1,1,1,1,"d","D","d","D","d","d","d","D","d","D","D","D","D","d","d","D","D","D","D","d","d","d","D","d","D","d","d","D","d","D","d","D","d","D","D","D","d","D","d","D","d","D","d","D","d","d","d","d","D",-0.722690825517978
97,31,22,"Aa",1,"BB",2,"Cc",1,1591,1344,-1,-1,1,-1,1,1,1,-1,-1,-1,"D","d","D","d","d","D","d","D","D","D","d","D","d","D","D","D","d","d","D","d","D","D","D","d","d","d","d","d","d","d","D","d","d","d","D","D","d","d","D","D","D","D","d","d","d","d","d","d","d",-0.924644322538028
103,31,23,"aA",1,"bb",0,"CC",2,1543,1637,-1,1,1,1,1,-1,1,-1,-1,1,"D","D","d","d","d","d","D","D","D","D","D","d","d","D","D","D","d","d","d","D","d","d","D","d","d","d","d","d","D","D","D","d","D","D","D","d","d","d","d","D","d","D","d","d","d","d","d","d","d",1.08998573962458
100,31,24,"aa",0,"Bb",1,"Cc",1,1544,1247,-1,-1,1,-1,1,1,-1,-1,1,1,"d","D","D","D","D","D","D","D","d","D","d","d","D","D","D","D","D","d","d","D","D","D","d","d","d","d","d","D","D","D","d","d","d","D","D","D","d","d","d","d","d","d","D","D","D","D","d","D","d",0.447302744263373
95,31,25,"aa",0,"bB",1,"Cc",1,1543,1590,-1,-1,1,-1,1,1,-1,-1,-1,1,"D","D","d","D","D","d","d","d","D","d","D","d","D","D","d","D","d","d","D","d","d","D","d","d","d","d","d","D","D","D","D","d","D","D","D","d","D","d","D","D","D","d","D","d","D","D","d","d","d",-2.20584119560174
104,31,26,"aa",0,"BB",2,"Cc",1,1594,1634,-1,1,1,-1,1,-1,-1,1,1,1,"D","d","d","d","d","d","d","d","d","D","d","d","D","d","D","D","d","d","D","d","D","D","d","d","D","d","d","D","D","D","d","D","d","D","D","d","D","d","D","d","D","d","D","D","d","d","d","D","d",2.47584583330237
103,31,27,"aa",0,"bb",0,"Cc",1,1596,1351,1,-1,1,-1,-1,1,1,1,-1,1,"d","D","d","d","d","d","D","d","d","D","d","D","d","d","d","D","D","D","D","D","d","D","d","D","D","d","d","d","d","d","D","D","d","d","D","D","d","D","D","d","D","D","d","d","d","d","d","D","d",1.52630915049364
103,31,28,"Aa",1,"bb",0,"cc",0,1598,29,-1,-1,1,1,-1,1,1,1,1,1,"D","d","d","D","D","d","d","D","d","D","D","D","D","D","d","d","D","D","d","d","d","D","D","d","d","d","d","D","D","d","D","d","d","D","D","D","d","D","d","D","d","d","d","d","d","d","d","D","d",-0.257459680229586
101,31,29,"aA",1,"Bb",1,"cC",1,1548,1252,-1,-1,1,1,-1,-1,1,1,1,1,"D","D","D","D","D","d","d","D","D","D","d","D","d","D","D","d","d","d","D","d","d","D","d","D","d","d","D","D","D","d","d","D","D","D","d","d","D","D","D","d","d","d","D","D","d","d","d","d","d",-0.018633040133863
101,31,30,"aA",1,"BB",2,"cc",0,31,1356,-1,1,1,1,1,-1,-1,-1,1,1,"d","D","d","D","D","D","D","D","D","D","D","d","D","D","D","D","d","D","d","D","D","D","D","d","d","D","D","d","D","d","D","d","d","d","d","d","D","D","D","D","D","D","d","d","d","d","D","D","d",-0.542020845808389
101,31,32,"Aa",1,"BB",2,"Cc",1,1453,1795,-1,1,1,-1,1,-1,-1,-1,1,1,"d","D","D","d","D","D","d","D","d","d","d","D","d","D","d","d","d","D","d","D","d","D","d","D","D","d","d","D","D","D","d","d","d","D","D","D","d","D","D","d","D","d","D","D","d","d","d","D","d",1.18023438757495
96,31,33,"aA",1,"bb",0,"CC",2,1552,1406,-1,-1,-1,-1,1,-1,-1,1,1,1,"d","D","d","D","d","d","D","D","d","d","d","D","d","d","D","d","d","d","D","D","d","D","D","d","d","D","d","D","D","d","D","D","d","D","D","D","d","D","D","d","D","d","D","D","d","d","D","d","d",-1.1178332388059
93,31,34,"aa",0,"bb",0,"cc",0,1505,1459,-1,-1,-1,1,-1,-1,-1,-1,-1,-1,"d","D","d","d","d","D","D","d","D","d","D","d","D","d","D","D","D","d","d","D","D","D","D","D","D","d","d","d","d","d","D","d","d","d","d","d","D","D","d","d","d","d","d","D","D","D","d","D","D",1.7637445039196
96,31,35,"AA",2,"bB",1,"cc",0,1505,1359,-1,-1,1,1,-1,1,-1,-1,-1,-1,"D","d","D","D","d","d","d","d","D","D","d","D","D","D","d","D","D","d","d","D","D","D","D","D","d","d","d","d","D","D","D","d","D","D","D","d","D","D","d","d","D","D","D","D","D","D","d","D","D",0.128827084127623
98,31,36,"aa",0,"Bb",1,"Cc",1,1605,1660,1,-1,1,-1,1,-1,-1,-1,1,-1,"d","d","d","d","D","d","D","D","d","D","d","d","d","D","D","D","D","D","d","d","d","D","d","D","D","d","D","D","D","d","d","D","d","D","D","D","d","D","D","d","d","D","d","D","D","d","d","d","D",0.441655050154019
98,31,37,"aa",0,"bB",1,"CC",2,1556,1565,-1,1,1,-1,1,1,-1,1,-1,-1,"D","d","d","D","d","d","D","D","D","d","d","D","D","d","d","D","d","d","d","d","D","D","D","D","D","D","D","d","D","D","D","D","d","D","D","d","D","d","D","d","D","d","D","D","d","d","d","D","D",-1.71250714594868
98,31,38,"Aa",1,"Bb",1,"cc",0,1507,1504,-1,1,-1,-1,-1,-1,-1,1,1,1,"D","D","D","d","D","d","D","d","d","D","d","d","d","D","D","d","D","d","d","D","D","D","D","d","D","d","D","D","d","D","D","d","d","D","d","D","d","D","D","d","D","d","D","D","d","d","D","d","d",0.989397565566677
94,31,39,"aa",0,"BB",2,"CC",2,1558,1656,-1,-1,-1,-1,-1,-1,-1,-1,1,1,"d","d","D","d","D","D","d","d","D","D","d","D","d","D","D","D","D","D","D","D","d","D","D","D","d","d","D","d","d","d","D","D","d","D","d","d","D","D","D","d","D","d","D","d","d","d","D","d","D",0.0288829582256839
102,31,40,"aa",0,"BB",2,"CC",2,1658,1961,-1,1,1,1,1,-1,1,1,1,1,"D","d","d","d","D","D","D","D","D","d","D","d","d","D","D","D","D","d","D","d","d","D","D","D","d","d","d","d","D","d","D","D","d","D","d","d","D","d","D","D","D","D","D","D","D","d","d","D","D",-3.00628787442434
103,31,41,"aa",0,"bb",0,"cc",0,1510,1310,1,-1,1,1,-1,-1,1,-1,1,1,"d","d","d","d","d","D","d","D","D","d","d","D","D","d","d","d","D","D","d","D","D","d","d","D","d","d","D","d","D","D","d","d","d","d","D","d","d","D","d","D","d","D","D","D","D","d","D","D","D",1.96493067251138
101,31,42,"AA",2,"bB",1,"cc",0,1561,1606,-1,-1,-1,-1,1,1,1,-1,1,1,"D","D","d","D","d","d","D","d","D","d","D","d","D","d","D","d","d","d","d","D","d","d","D","d","d","D","D","D","d","D","D","D","d","D","d","d","d","D","d","D","d","D","d","D","d","d","d","D","D",1.26059336667437
105,31,43,"aA",1,"bb",0,"cC",1,1512,1513,-1,-1,1,1,1,1,1,1,-1,1,"d","d","D","d","D","D","D","D","d","D","D","d","d","d","d","D","d","d","d","D","D","d","D","D","D","d","d","d","D","d","d","d","d","d","d","D","d","D","d","d","d","d","d","D","d","d","D","D","D",1.19041913729403
95,31,44,"aa",0,"bb",0,"CC",2,1614,1610,-1,1,-1,1,-1,-1,-1,1,1,1,"D","D","d","d","D","D","d","d","D","D","D","D","D","D","D","D","d","D","d","D","D","D","D","D","D","D","d","D","D","D","d","d","d","D","d","d","d","d","D","d","d","d","D","d","D","D","D","d","d",-4.0253727375656
105,31,45,"AA",2,"bb",0,"Cc",1,1562,1706,1,-1,1,1,1,1,1,-1,1,1,"d","D","d","d","D","D","d","D","d","D","d","D","D","D","d","d","d","D","d","D","D","D","D","D","d","d","d","D","d","d","D","d","D","d","D","D","D","D","D","D","D","d","d","d","D","D","D","D","d",-0.00312730538987064
98,31,46,"Aa",1,"Bb",1,"CC",2,1515,1611,-1,-1,1,-1,-1,1,-1,-1,1,1,"d","D","d","D","d","d","d","D","d","D","D","d","d","D","D","D","D","d","D","d","D","d","D","d","D","D","D","D","d","D","D","D","d","d","D","d","d","d","D","D","D","d","D","d","d","d","d","D","d",0.441282596453827
102,31,47,"aa",0,"bB",1,"CC",2,1565,1516,-1,-1,-1,1,1,-1,1,1,1,1,"D","d","d","d","D","D","d","d","D","d","d","D","d","D","d","d","d","d","D","D","d","D","D","D","d","D","d","d","D","D","d","d","D","D","d","D","D","D","D","D","d","d","d","d","d","d","d","d","d",0.540734840538743
96,31,48,"AA",2,"Bb",1,"cc",0,1616,1711,1,1,-1,1,-1,-1,-1,-1,1,-1,"d","d","D","d","D","D","D","D","D","d","D","D","d","D","D","d","d","d","d","d","d","d","D","D","D","d","D","D","D","d","D","D","D","D","D","d","d","D","D","d","D","D","D","D","d","d","D","D","d",-1.14534847675221
109,31,49,"aa",0,"bB",1,"CC",2,1568,1568,1,1,1,1,1,1,-1,-1,1,1,"D","d","d","d","d","D","D","D","D","d","d","D","D","D","D","d","d","D","D","D","D","d","d","D","d","d","d","d","D","D","d","D","d","D","d","D","D","d","D","d","d","d","d","d","D","d","d","d","D",3.12467699260089
99,31,50,"aa",0,"BB",2,"CC",2,1569,1315,-1,-1,1,-1,-1,-1,-1,1,1,1,"D","d","d","D","d","d","D","D","D","D","D","D","d","d","D","D","d","D","D","D","D","D","D","d","d","d","D","d","D","D","d","D","D","d","d","d","D","D","d","D","D","d","D","d","D","d","D","d","d",1.28542744386385
98,32,1,"aA",1,"Bb",1,"cc",0,1620,1719,1,-1,1,-1,-1,-1,1,1,1,-1,"D","D","D","d","d","d","D","d","D","D","D","d","d","D","d","d","D","D","d","d","d","D","D","D","d","d","d","d","D","D","D","d","D","D","D","d","d","D","D","d","D","D","d","D","D","d","D","D","d",-1.43852080538332
103,32,2,"AA",2,"Bb",1,"CC",2,1570,1377,-1,-1,1,1,1,-1,-1,1,1,1,"d","D","D","d","d","D","d","d","D","D","d","d","D","d","D","D","D","D","d","D","d","D","D","d","d","d","D","d","D","D","D","d","D","D","D","d","D","D","d","D","D","D","d","d","d","D","d","D","d",1.37055632341842
97,32,3,"Aa",1,"BB",2,"cC",1,1473,1476,-1,1,-1,-1,-1,1,1,1,1,-1,"D","D","D","D","d","d","D","d","d","D","D","D","d","d","d","D","d","D","D","D","D","D","d","D","D","d","D","D","D","d","d","D","d","D","d","D","D","D","D","d","d","d","d","d","D","d","d","d","D",-2.22589047225431
104,32,4,"Aa",1,"Bb",1,"cc",0,1573,1531,-1,-1,1,1,1,1,1,-1,1,1,"D","d","d","d","d","D","d","d","d","d","D","D","D","d","d","D","d","d","d","d","D","d","d","D","D","D","D","d","D","D","d","d","D","d","D","d","d","D","D","D","d","D","d","D","D","d","d","D","d",0.50302339863739
97,32,5,"aa",0,"BB",2,"cc",0,1574,1573,-1,-1,-1,-1,1,1,-1,-1,-1,1,"d","d","D","d","d","d","D","D","D","D","d","d","d","d","d","d","D","d","D","D","d","D","d","d","D","D","D","D","d","D","D","d","d","D","d","D","D","D","D","D","D","d","D","D","D","d","D","d","D",1.86872900418271
98,32,6,"AA",2,"BB",2,"Cc",1,1575,1822,1,-1,1,-1,1,-1,-1,-1,1,1,"d","D","D","D","D","D","d","D","d","D","D","D","D","d","d","D","d","d","d","d","D","d","d","d","d","D","d","D","D","D","d","D","D","D","D","d","d","D","D","d","d","d","D","D","d","d","d","d","d",-1.02102770118892
95,32,7,"aA",1,"BB",2,"cc",0,1574,1723,-1,1,-1,-1,-1,-1,-1,1,-1,-1,"D","d","D","D","d","d","d","D","D","D","D","d","D","d","D","d","d","d","D","D","d","D","D","d","D","d","D","D","D","D","d","d","D","D","D","D","d","D","D","d","d","d","d","D","D","D","D","d","D",1.53976970024345
98,32,8,"Aa",1,"bB",1,"cC",1,1577,1336,-1,-1,1,-1,1,1,1,-1,-1,-1,"d","D","d","D","D","d","D","d","D","D","d","D","D","D","D","D","D","d","D","d","D","d","D","d","d","D","D","d","d","d","D","D","d","D","D","d","d","d","D","d","d","d","d","d","d","D","d","D","D",0.324249245384834
98,32,9,"aA",1,"BB",2,"cc",0,1578,1425,-1,-1,1,-1,1,-1,1,-1,1,-1,"d","D","d","d","D","D","d","d","D","D","D","D","D","D","d","d","D","D","d","d","D","D","d","d","d","d","d","d","d","D","D","d","D","D","d","D","D","D","d","d","D","D","d","D","D","D","D","D","D",0.534380565385824
96,32,10,"aa",0,"Bb",1,"cC",1,1579,1485,-1,-1,-1,-1,-1,1,1,-1,-1,1,"d","D","d","d","D","D","D","d","d","d","d","d","d","d","d","d","d","d","d","d","D","D","d","d","D","D","d","D","d","d","d","d","d","D","d","D","D","D","D","D","d","d","d","d","D","D","D","d","d",0.512914912079509
99,32,11,"aa",0,"bB",1,"Cc",1,1580,1962,-1,-1,1,-1,-1,-1,1,1,1,-1,"d","D","D","d","D","d","d","d","D","d","d","D","D","D","D","D","d","d","d","D","D","d","D","D","D","d","d","d","D","d","D","d","D","d","d","d","D","d","D","D","d","D","D","D","d","d","D","d","d",1.78156355115571
101,32,12,"Aa",1,"bB",1,"cc",0,1581,952,-1,-1,1,1,1,1,-1,1,-1,1,"D","D","D","d","d","D","d","d","D","D","d","D","d","D","D","D","D","d","d","D","D","D","D","D","D","D","D","D","d","D","d","d","d","D","D","d","d","D","d","d","d","d","D","D","d","d","D","d","d",-0.911268683605661
97,32,13,"Aa",1,"Bb",1,"Cc",1,1582,1837,1,1,-1,-1,1,-1,-1,-1,1,-1,"D","d","d","d","D","d","D","D","D","d","D","d","d","D","d","D","D","D","D","d","d","d","d","d","d","d","D","d","D","d","d","d","d","D","D","D","d","D","D","d","D","d","d","d","d","d","d","d","D",-0.682032419109392
100,32,14,"Aa",1,"bB",1,"Cc",1,1632,1676,1,-1,1,-1,1,-1,-1,1,1,1,"D","D","d","D","d","d","d","d","D","d","d","D","d","D","D","D","d","D","d","d","d","d","d","d","D","D","d","D","d","d","D","d","d","d","D","D","d","D","d","D","d","D","d","d","d","D","D","D","d",-1.31189955753747
101,32,15,"Aa",1,"BB",2,"CC",2,1584,2017,-1,1,1,1,-1,1,1,1,-1,-1,"d","D","d","d","d","d","D","D","d","D","D","D","d","d","D","d","D","D","D","D","d","D","d","d","d","D","D","D","D","D","d","d","D","D","D","D","D","D","d","D","D","D","D","d","D","D","D","D","D",-0.854546357592522
94,32,16,"AA",2,"BB",2,"Cc",1,1683,1486,-1,-1,-1,-1,-1,1,-1,-1,1,1,"D","D","D","d","D","d","D","D","d","D","D","D","D","d","d","D","d","D","D","D","D","D","d","D","D","d","D","D","d","D","D","d","d","D","d","d","d","d","D","d","D","d","D","d","D","d","D","D","D",-1.21211524046113
98,32,17,"Aa",1,"Bb",1,"cC",1,1586,1092,-1,-1,-1,1,-1,1,1,-1,1,1,"d","D","d","d","d","d","D","D","d","d","D","D","D","D","d","d","d","D","d","d","D","D","D","d","d","D","d","D","d","d","d","D","d","D","D","D","D","D","D","D","D","D","d","d","D","d","D","D","d",-1.84452578257156
96,32,18,"Aa",1,"bB",1,"Cc",1,1587,1447,1,-1,1,-1,-1,1,-1,-1,1,-1,"d","d","d","D","D","D","d","d","d","D","D","D","D","D","D","d","D","D","D","D","D","d","D","d","d","d","d","D","d","D","d","d","d","D","D","D","D","D","d","D","D","D","D","D","d","d","d","d","D",-1.08016525280985
101,32,19,"AA",2,"bb",0,"cC",1,1588,1384,1,-1,1,-1,1,1,-1,-1,1,1,"D","d","D","D","d","d","D","D","D","d","d","d","d","d","d","d","d","D","D","D","D","D","D","d","D","D","D","d","d","d","d","D","d","d","d","D","D","D","D","d","d","d","d","d","d","d","D","D","D",-0.000712863696188058
97,32,20,"AA",2,"bb",0,"Cc",1,1589,1581,-1,-1,-1,1,1,-1,-1,1,1,-1,"d","d","D","D","d","d","d","D","d","d","D","d","d","D","D","D","D","D","d","D","d","D","D","D","D","d","D","D","D","D","D","d","d","d","d","d","d","d","D","d","d","D","d","d","D","D","d","D","d",-0.335501367105944
95,32,21,"AA",2,"BB",2,"CC",2,1590,1972,-1,-1,-1,1,-1,-1,-1,-1,1,1,"D","d","D","d","d","d","d","D","D","D","d","D","d","d","d","D","D","D","d","d","d","d","D","d","d","d","d","D","D","D","d","d","d","D","d","D","D","D","D","D","d","D","D","d","d","d","d","d","d",-0.595742725008063
96,32,22,"aa",0,"bB",1,"CC",2,1543,1493,-1,-1,1,1,1,-1,1,-1,-1,-1,"D","D","D","D","D","d","D","D","D","D","D","d","d","D","D","D","d","d","d","D","D","D","D","D","d","D","d","D","d","D","D","d","D","D","D","D","D","d","d","d","D","D","D","d","D","D","d","d","D",-1.02974519812548
90,32,23,"Aa",1,"bB",1,"cC",1,1592,1595,1,-1,-1,-1,-1,-1,-1,1,-1,-1,"d","D","D","d","d","D","D","d","d","D","d","D","D","D","D","D","D","d","D","D","d","d","D","d","D","d","D","D","d","D","d","D","d","d","D","D","D","d","d","D","d","D","d","d","D","D","d","D","D",-3.12897461936507
93,32,24,"Aa",1,"bb",0,"cC",1,1592,1638,1,-1,1,-1,-1,-1,-1,-1,-1,1,"D","D","d","d","D","d","D","d","d","d","D","d","d","D","d","D","D","d","d","D","D","d","D","d","d","d","d","D","D","D","d","D","d","d","d","D","D","D","D","D","d","D","d","d","D","D","d","D","d",-2.11565486837114
103,32,25,"AA",2,"Bb",1,"CC",2,1498,1401,-1,-1,-1,1,1,-1,1,1,1,1,"d","d","D","d","d","d","d","d","D","d","D","D","d","D","D","D","d","d","d","D","d","d","d","D","D","D","D","D","d","d","D","d","d","d","d","D","D","D","D","D","d","d","d","D","d","D","d","D","d",1.54169772667418
99,32,26,"aA",1,"BB",2,"cc",0,1597,1849,-1,-1,1,-1,-1,-1,1,1,-1,1,"d","d","D","D","d","d","d","D","d","D","D","D","d","D","D","D","d","d","D","d","D","D","D","D","D","D","D","D","D","d","d","d","d","d","D","d","d","d","d","d","d","d","d","d","d","d","d","D","d",1.13756838583979
102,32,27,"aa",0,"bB",1,"cC",1,1596,1896,-1,-1,1,1,-1,1,1,1,-1,1,"d","D","d","d","d","D","D","d","D","d","d","D","D","d","d","D","d","D","d","D","D","D","d","d","D","d","D","d","D","d","d","d","D","d","D","D","d","D","D","d","D","d","d","d","d","d","d","D","d",0.903951343352772
96,32,28,"aa",0,"Bb",1,"cC",1,1597,1702,-1,-1,-1,-1,-1,-1,1,1,-1,1,"d","d","d","D","D","d","D","D","D","D","D","D","d","D","D","D","D","d","D","d","D","D","D","D","d","D","d","D","d","d","D","D","D","d","D","d","D","d","D","d","d","D","d","d","D","d","D","D","d",0.0537255402049399
93,32,29,"aa",0,"BB",2,"Cc",1,1598,1739,-1,-1,1,-1,-1,1,-1,-1,1,-1,"D","D","D","d","D","D","d","d","d","D","d","D","d","D","d","d","D","d","D","D","d","D","d","d","D","d","D","D","D","D","D","d","d","D","D","D","d","D","d","D","D","d","d","d","d","d","d","D","d",-2.3652061149299
96,32,30,"aA",1,"BB",2,"cc",0,30,1112,-1,-1,-1,1,1,-1,-1,-1,1,-1,"d","d","D","D","D","d","D","d","D","D","D","D","d","D","D","d","D","d","D","D","D","d","d","d","D","d","d","D","D","D","D","D","D","d","d","D","D","d","D","d","d","D","d","D","d","d","D","D","d",0.621153744147839
103,32,31,"aa",0,"bB",1,"Cc",1,1600,1456,-1,-1,1,1,1,1,1,-1,1,1,"d","d","d","d","D","D","d","d","d","D","D","D","D","d","D","d","d","d","d","D","D","D","d","d","d","D","d","D","d","d","D","d","d","D","D","D","d","D","D","D","D","d","D","d","d","d","d","D","d",-0.538567016834278
103,32,33,"Aa",1,"Bb",1,"Cc",1,33,1601,1,-1,1,1,-1,1,1,-1,1,1,"D","D","d","d","D","d","d","D","d","d","D","D","D","D","D","d","d","d","d","D","d","d","d","d","d","d","d","D","D","d","D","d","D","d","d","d","d","D","d","d","d","d","d","D","d","d","d","d","d",-0.0300310640379356
96,32,34,"aa",0,"Bb",1,"Cc",1,1554,1313,1,-1,-1,1,1,1,-1,-1,-1,-1,"D","D","D","d","D","D","D","D","D","d","D","d","d","d","D","D","d","d","d","D","D","D","D","D","D","d","d","D","d","d","d","D","D","d","D","D","d","D","D","d","d","d","d","d","D","d","d","D","d",-1.77982490785115
102,32,35,"aa",0,"bb",0,"cc",0,1602,1598,-1,-1,1,1,-1,1,-1,1,1,1,"d","D","d","D","d","d","D","D","d","D","d","d","D","D","D","D","d","d","D","D","D","D","D","D","d","D","d","D","D","D","d","D","d","D","D","D","D","d","D","d","D","d","d","d","d","D","d","D","D",0.937114163562931
99,32,36,"aa",0,"BB",2,"cc",0,1554,1509,-1,-1,-1,1,1,1,1,-1,-1,1,"d","D","D","d","d","D","D","D","d","d","d","d","d","d","D","D","d","d","d","D","D","D","d","D","d","d","d","d","D","d","D","D","D","D","D","D","D","D","D","D","D","d","d","D","d","d","D","D","d",-0.649325426212333
102,32,37,"aA",1,"Bb",1,"cC",1,1605,1459,1,-1,1,1,1,1,1,-1,1,-1,"D","D","d","d","D","d","D","D","D","d","D","D","D","d","d","D","D","D","D","d","D","D","D","D","D","d","D","D","d","D","d","D","d","D","d","D","D","d","D","d","d","D","d","D","D","d","D","d","d",-1.12343728899544
100,32,38,"aA",1,"BB",2,"cc",0,1606,1704,-1,1,-1,-1,1,1,-1,-1,-1,1,"D","d","d","d","D","D","D","d","D","D","d","d","d","D","D","d","D","d","D","D","D","d","d","D","D","D","d","d","D","D","D","d","D","d","d","D","D","d","D","d","D","d","D","d","D","D","D","D","D",2.43093890234895
100,32,39,"AA",2,"BB",2,"cc",0,1606,1804,-1,-1,-1,1,1,1,-1,1,1,-1,"d","d","D","d","D","D","D","D","d","D","d","D","D","D","D","d","d","d","d","D","D","d","D","d","D","D","D","d","D","D","d","d","d","d","d","D","D","d","d","d","d","D","d","d","D","D","d","D","D",0.0027529508068114
95,32,40,"aa",0,"Bb",1,"Cc",1,1608,1706,-1,-1,-1,-1,-1,1,-1,-1,-1,1,"d","d","D","D","D","D","d","d","D","D","D","D","d","D","d","D","d","D","d","d","D","d","d","D","d","d","d","D","d","D","d","d","D","D","d","D","D","d","D","d","D","d","d","d","D","d","D","D","d",1.27002604317903
97,32,41,"Aa",1,"bB",1,"cC",1,1609,1707,-1,-1,1,1,-1,1,-1,-1,1,-1,"D","D","d","d","D","D","D","D","d","d","d","d","d","D","D","D","D","d","d","d","D","d","D","d","D","d","d","d","D","D","D","D","d","D","D","d","D","D","d","d","d","D","D","d","D","d","D","D","d",-0.922341034204745
98,32,42,"aA",1,"bb",0,"Cc",1,1611,1612,-1,-1,-1,-1,1,1,-1,-1,1,1,"d","d","d","D","D","D","d","d","D","D","D","D","D","D","D","d","d","d","d","D","d","D","D","D","D","D","D","d","D","D","D","d","D","d","D","D","D","D","D","d","d","d","D","d","D","d","D","d","d",0.744341631219098
94,32,43,"aA",1,"bb",0,"cC",1,1512,1561,-1,-1,-1,-1,-1,1,-1,-1,-1,1,"d","d","d","d","d","d","d","D","D","d","d","d","D","d","d","D","d","d","d","D","D","d","D","d","d","d","D","d","D","d","d","D","D","d","d","D","d","D","D","d","D","D","d","D","D","d","d","D","D",0.809805753447908
96,32,44,"aa",0,"bB",1,"cC",1,1563,1511,-1,-1,1,1,1,-1,-1,-1,1,1,"D","D","D","D","D","d","D","D","D","D","D","D","D","D","D","D","d","d","d","D","D","D","D","d","D","d","D","D","D","D","d","d","d","d","d","D","d","d","D","d","D","d","D","d","d","d","D","D","d",-3.07862506897798
93,32,45,"aa",0,"Bb",1,"Cc",1,1613,1563,-1,-1,1,1,-1,-1,1,-1,-1,-1,"d","D","d","d","D","d","d","D","D","d","d","d","D","d","d","d","D","d","d","d","d","D","D","D","d","d","d","d","D","D","D","d","d","D","d","D","D","d","D","D","d","d","d","D","D","d","D","d","D",-2.49016962368223
101,32,46,"aa",0,"bb",0,"CC",2,1565,1566,1,-1,-1,-1,1,1,1,1,-1,1,"d","d","D","D","D","D","D","d","D","d","D","D","D","d","D","d","d","D","D","d","d","D","D","D","d","d","D","D","D","D","d","d","D","D","D","d","d","D","d","D","d","D","D","d","D","d","d","d","D",-0.178728578051163
98,32,47,"aa",0,"BB",2,"Cc",1,1615,1764,-1,-1,1,1,1,1,-1,-1,-1,-1,"D","d","D","d","d","D","D","D","d","d","d","D","d","d","D","d","d","D","D","d","d","d","D","d","d","d","d","D","d","d","D","D","d","D","D","D","D","d","D","d","d","D","D","d","D","d","d","D","d",0.131235014761653
101,32,48,"Aa",1,"Bb",1,"cC",1,1616,1568,1,1,-1,1,-1,1,-1,-1,1,1,"D","d","d","d","d","D","D","D","D","d","D","D","D","D","D","d","d","d","D","D","D","D","d","D","D","d","d","D","d","D","D","D","d","D","D","D","D","D","D","d","d","D","d","D","d","D","d","D","D",-0.398820908550026
102,32,49,"aA",1,"BB",2,"cc",0,1617,1716,1,-1,1,1,-1,1,-1,1,1,-1,"d","d","D","d","d","D","d","D","d","D","D","D","D","D","D","d","D","d","d","d","D","d","D","d","D","D","D","D","D","d","D","D","D","D","D","d","D","d","D","d","D","D","d","D","D","d","d","D","D",0.626447648082667
97,32,50,"AA",2,"BB",2,"Cc",1,1618,1760,-1,-1,-1,1,1,1,-1,-1,1,-1,"D","d","D","D","D","D","d","D","d","D","d","d","d","d","d","D","d","D","D","d","D","d","D","d","D","D","d","D","d","D","d","D","d","D","d","d","D","d","D","D","D","d","d","d","d","d","d","d","d",-0.848542574406231
98,33,1,"aa",0,"BB",2,"Cc",1,1668,1717,1,-1,-1,1,-1,1,1,-1,1,-1,"D","d","D","d","d","d","D","D","d","D","D","d","d","d","d","D","d","D","D","D","D","D","D","D","d","D","d","d","d","D","d","D","d","D","D","d","d","d","D","D","D","d","D","d","D","d","D","D","d",-1.54514564058976
104,33,2,"aa",0,"BB",2,"cC",1,1620,1967,1,-1,1,1,-1,-1,1,1,1,1,"d","D","d","d","d","d","D","d","D","D","D","d","d","D","d","d","D","d","d","d","d","D","d","d","D","d","d","d","d","D","d","d","d","D","D","d","d","D","d","d","D","D","D","D","D","d","D","D","D",0.64518076459364
99,33,3,"aa",0,"bB",1,"CC",2,1621,1088,-1,-1,1,-1,-1,1,1,1,1,-1,"d","D","D","d","D","D","d","D","d","d","d","D","D","D","D","d","D","D","D","D","d","D","D","d","d","d","d","D","d","D","D","D","D","D","d","D","D","D","D","D","d","D","d","D","D","D","D","D","d",-0.731782944945453
101,33,4,"Aa",1,"Bb",1,"cc",0,1720,1385,-1,1,1,-1,1,1,-1,1,-1,1,"D","D","d","D","D","D","d","D","D","d","d","d","d","D","d","d","d","d","D","d","D","D","D","d","d","d","d","d","d","D","D","D","d","D","d","d","d","d","D","D","D","D","d","d","D","d","D","d","d",-0.259858719190493
98,33,5,"aa",0,"bb",0,"Cc",1,1622,1815,-1,1,1,-1,1,1,-1,1,-1,-1,"d","D","d","d","D","D","d","d","d","D","d","D","d","d","D","d","d","d","D","d","D","D","D","d","D","d","d","d","d","D","d","D","D","D","D","d","D","D","D","D","D","D","D","D","D","D","D","D","D",-1.56857329142901
96,33,6,"AA",2,"bB",1,"cC",1,1624,1683,-1,-1,-1,-1,1,-1,-1,-1,1,-1,"D","D","D","D","d","d","d","D","d","D","D","D","D","D","D","d","d","d","D","D","D","d","D","D","D","d","d","d","D","d","d","D","d","D","D","d","D","D","d","d","d","D","d","D","D","d","d","d","D",2.54529234530403
101,33,7,"AA",2,"Bb",1,"cC",1,1625,1821,-1,1,-1,1,1,-1,1,1,1,-1,"d","D","d","D","d","d","d","d","d","D","D","D","D","d","D","d","d","D","D","D","D","D","D","D","d","d","d","d","D","d","D","D","d","D","D","d","D","d","d","d","D","d","D","D","d","D","D","d","d",-0.708116945512619
100,33,8,"aA",1,"Bb",1,"cc",0,1626,1431,-1,-1,1,-1,1,-1,-1,1,1,-1,"D","D","d","D","D","D","d","d","D","D","D","D","D","d","d","d","D","D","d","d","D","d","d","D","D","D","D","d","D","d","d","D","d","D","d","d","D","d","d","d","D","D","d","d","D","D","D","d","D",2.01643130466912
89,33,9,"Aa",1,"Bb",1,"cc",0,1822,1349,-1,-1,-1,-1,-1,-1,-1,-1,-1,1,"D","D","d","D","D","d","d","D","D","D","D","D","D","d","D","D","d","d","d","d","D","d","D","D","d","d","D","D","d","d","D","D","D","d","D","D","D","D","d","d","d","D","d","d","d","d","D","d","D",-2.75635769660235
92,33,10,"AA",2,"BB",2,"CC",2,1627,1627,-1,-1,-1,-1,-1,-1,-1,-1,1,-1,"d","D","D","D","D","d","d","D","D","D","D","d","D","D","D","d","d","D","D","d","d","D","D","d","d","d","D","d","D","d","d","d","D","d","d","D","d","D","d","D","D","d","d","d","d","D","d","d","d",0.543704415261146
99,33,11,"aA",1,"bB",1,"CC",2,1629,1728,-1,-1,-1,1,1,-1,-1,1,1,-1,"D","D","D","d","d","D","d","d","d","D","d","D","d","d","d","d","D","d","D","D","d","d","D","d","d","d","d","d","D","d","d","d","D","D","D","D","D","D","D","D","d","D","d","d","D","d","D","d","D",1.57892484834823
102,33,12,"Aa",1,"bB",1,"cc",0,1581,1531,-1,-1,1,-1,1,1,1,-1,1,1,"D","D","d","D","d","D","d","d","d","d","d","D","D","D","D","D","d","d","d","D","d","D","d","D","d","D","D","D","D","d","d","d","d","D","D","d","d","D","D","d","d","d","d","D","D","d","d","d","d",0.450856967991654
99,33,13,"aA",1,"bB",1,"cC",1,1629,1535,1,1,-1,-1,1,-1,1,-1,1,-1,"D","d","D","d","D","D","D","d","D","D","d","D","d","d","d","d","D","d","d","D","D","D","d","d","d","d","d","D","D","d","D","d","d","D","d","D","D","d","D","d","D","d","d","D","D","d","D","d","D",-0.0227612516035349
101,33,14,"aA",1,"bb",0,"CC",2,1632,1484,1,1,1,-1,1,-1,-1,1,1,-1,"D","D","d","D","D","d","D","d","D","D","D","D","d","D","d","d","D","D","d","d","d","D","D","d","D","d","D","D","d","d","d","d","D","d","d","D","d","D","d","D","D","d","d","D","D","D","d","D","D",-0.896096312454508
95,33,15,"aA",1,"Bb",1,"Cc",1,1633,1730,-1,-1,-1,1,-1,-1,-1,-1,1,1,"D","D","D","D","D","D","D","D","D","d","D","D","d","D","D","d","D","d","D","d","D","D","d","d","d","D","D","D","D","d","D","D","D","D","D","D","D","D","D","d","d","d","d","d","D","D","d","D","d",-0.546608255097205
104,33,16,"aA",1,"BB",2,"cC",1,1634,1684,1,-1,-1,-1,1,1,1,1,1,1,"D","d","d","d","D","d","d","d","D","D","d","D","d","D","D","d","d","d","d","d","D","d","D","D","d","D","D","D","d","D","d","d","d","D","d","D","d","D","d","D","d","D","D","d","D","d","D","d","d",0.920102415524649
105,33,17,"aA",1,"bB",1,"Cc",1,1635,24,1,1,-1,1,1,-1,1,1,1,1,"D","d","d","D","D","d","d","d","d","D","d","d","D","d","D","D","d","d","D","D","D","D","d","d","d","D","d","D","d","d","D","D","d","D","d","D","d","D","d","D","D","D","D","d","D","d","d","D","D",-0.475051440585136
100,33,18,"Aa",1,"bB",1,"CC",2,1540,1195,-1,1,-1,-1,1,1,-1,-1,1,1,"D","d","D","d","d","d","d","d","D","d","D","d","D","D","d","d","D","D","d","D","D","D","D","d","d","D","d","D","D","D","D","D","D","D","d","D","D","D","d","D","d","d","d","d","D","D","D","D","D",0.878965678080764
96,33,19,"AA",2,"bb",0,"cC",1,1637,1786,1,-1,1,1,-1,-1,-1,-1,-1,-1,"D","D","d","d","d","D","d","d","D","d","d","d","d","D","d","d","d","d","d","d","D","D","D","D","d","d","D","D","d","D","D","d","D","D","d","d","D","d","d","d","d","d","d","d","d","d","d","d","d",0.516786663165429
95,33,20,"AA",2,"bB",1,"Cc",1,1638,1834,-1,-1,-1,-1,1,1,-1,-1,1,1,"d","d","d","d","D","D","D","d","D","D","D","d","D","D","D","D","d","d","D","d","D","D","D","d","d","d","d","D","D","d","d","d","D","d","d","D","D","d","D","d","D","d","d","D","d","d","D","d","d",-2.32138041452158
95,33,21,"AA",2,"BB",2,"CC",2,1493,1494,-1,-1,-1,1,-1,1,-1,-1,-1,1,"D","d","D","D","d","D","d","D","D","D","D","D","D","D","D","d","d","d","D","D","D","D","D","d","D","d","d","d","d","D","d","d","d","D","d","d","d","d","d","D","D","D","d","d","d","D","d","D","d",-0.542097794313187
105,33,22,"aa",0,"Bb",1,"CC",2,1641,1599,1,1,1,-1,1,-1,1,1,-1,1,"d","D","D","d","D","D","D","d","D","D","d","D","D","d","D","D","d","D","d","D","D","d","d","d","d","d","d","D","D","D","d","d","d","D","D","d","d","d","D","d","d","D","d","D","d","d","d","d","D",1.53114145514192
95,33,23,"aA",1,"bB",1,"cc",0,1690,1930,-1,-1,-1,1,1,-1,-1,-1,1,-1,"D","D","D","D","D","d","d","d","D","D","d","D","d","d","D","D","D","d","D","D","d","d","D","D","d","d","D","d","D","D","D","d","D","D","d","D","D","d","d","d","D","d","d","d","D","d","d","d","d",-0.240712326315511
101,33,24,"Aa",1,"bb",0,"cc",0,1642,1699,1,1,-1,-1,1,1,-1,-1,-1,1,"d","d","d","D","D","d","d","d","D","D","D","D","D","D","d","d","d","d","d","d","D","D","d","D","D","d","D","D","D","D","D","D","d","d","d","D","d","D","D","D","d","d","d","d","D","D","D","d","D",1.01602914985154
99,33,25,"Aa",1,"bb",0,"cc",0,1642,1446,1,-1,-1,1,1,-1,-1,-1,-1,1,"d","d","D","d","D","d","d","d","d","D","D","D","d","D","d","d","D","D","d","d","D","D","D","D","D","d","D","D","d","D","d","D","D","d","D","D","D","D","d","D","d","D","D","d","D","D","D","D","D",1.73869102473132
104,33,26,"aa",0,"Bb",1,"Cc",1,1644,1447,1,-1,1,1,1,1,-1,-1,1,-1,"d","D","d","d","d","d","D","d","D","D","D","D","D","d","D","D","D","D","D","D","D","D","D","D","d","d","d","D","d","d","d","D","d","d","D","d","d","d","d","d","d","d","D","D","D","d","d","D","D",2.32845795794421
103,33,27,"Aa",1,"BB",2,"CC",2,1645,1846,-1,-1,1,1,-1,-1,1,1,1,1,"D","d","D","D","d","d","D","D","d","d","d","D","d","d","D","D","d","d","D","D","d","D","D","d","d","d","d","D","d","d","d","d","d","D","D","D","D","D","D","d","d","d","d","d","D","D","D","d","d",1.1824061712341
96,33,28,"aA",1,"bb",0,"cc",0,1597,1746,-1,-1,-1,1,-1,-1,1,1,-1,1,"D","D","D","D","D","D","d","d","d","D","d","D","D","d","D","D","D","d","D","d","D","d","d","D","d","d","D","D","d","d","D","D","D","d","D","d","d","d","D","d","D","d","D","D","D","d","D","D","D",-1.90673555766782
102,33,29,"aA",1,"bB",1,"CC",2,1599,1649,1,-1,1,-1,-1,1,1,1,1,1,"D","D","d","d","d","d","D","D","D","D","D","D","d","d","D","d","d","d","d","D","D","d","D","d","D","d","d","D","d","d","D","d","d","D","D","D","d","D","d","d","D","d","D","d","D","d","d","D","d",-1.92551452370283
99,33,30,"AA",2,"Bb",1,"Cc",1,1598,1746,-1,1,1,1,-1,-1,-1,-1,1,1,"D","d","D","d","D","d","d","D","d","D","d","D","D","D","D","D","D","d","d","d","D","D","d","d","d","d","d","D","D","d","D","d","D","d","d","D","d","D","D","D","D","d","D","d","D","d","d","D","D",-0.742326086273707
94,33,31,"aa",0,"bb",0,"cC",1,1650,1451,-1,-1,-1,-1,-1,1,-1,-1,-1,-1,"D","d","D","d","D","D","d","D","D","d","d","D","D","d","D","D","D","d","d","d","D","D","D","d","D","D","d","d","d","d","D","D","D","d","D","D","d","D","D","D","d","d","D","d","D","d","d","D","d",2.21503897720028
89,33,32,"aa",0,"bb",0,"cc",0,1650,1650,-1,-1,-1,-1,-1,-1,-1,-1,-1,-1,"d","d","d","d","d","D","D","D","D","d","D","D","D","D","d","d","D","d","d","d","d","D","D","d","D","d","d","d","D","d","d","d","D","d","d","D","D","D","D","d","d","d","d","d","d","D","d","D","d",-0.911850301201842
104,33,34,"aa",0,"Bb",1,"cc",0,1651,1603,1,-1,-1,1,-1,1,1,-1,1,1,"d","d","d","d","D","D","d","D","D","D","D","d","D","d","d","d","d","d","d","D","d","D","D","D","D","D","d","d","D","D","D","D","D","d","d","d","d","d","d","d","d","d","D","D","D","d","d","D","D",2.25502430245667
105,33,35,"aa",0,"Bb",1,"Cc",1,1652,1847,1,1,1,-1,1,1,-1,1,1,-1,"d","d","d","d","D","D","D","D","d","D","d","D","d","D","D","D","d","D","D","D","D","D","d","D","D","D","D","D","D","D","d","D","D","D","D","d","D","D","D","d","D","d","d","d","d","d","D","D","d",1.35382832677957
99,33,36,"aa",0,"BB",2,"cC",1,1604,1411,1,-1,1,1,1,-1,-1,-1,1,-1,"d","d","D","d","D","D","D","D","d","D","D","D","D","D","D","d","D","D","d","D","d","D","d","d","D","d","D","d","d","D","D","d","d","D","D","D","d","D","D","d","d","D","d","D","D","d","d","D","D",-0.434900859066464
101,33,37,"AA",2,"BB",2,"CC",2,1704,1420,-1,-1,1,1,1,1,-1,1,1,1,"D","d","d","D","D","D","D","D","D","d","D","d","d","D","D","D","d","D","D","d","D","D","D","D","d","d","d","D","d","D","D","D","D","d","D","d","d","D","D","D","d","D","d","d","D","d","d","d","D",-2.16571703713576
98,33,38,"AA",2,"Bb",1,"cc",0,1655,35,-1,1,-1,1,1,1,-1,-1,-1,1,"d","d","d","D","d","d","d","D","D","d","d","d","d","D","D","d","d","d","d","d","D","D","D","D","d","D","d","D","d","d","d","D","D","D","d","d","d","d","d","d","D","d","d","D","D","D","d","D","d",-1.57436740286557
98,33,39,"aa",0,"BB",2,"cc",0,1655,1656,1,-1,-1,-1,1,-1,-1,-1,1,1,"d","D","d","D","D","d","D","d","D","D","D","d","d","D","D","D","D","d","d","d","d","D","D","D","d","d","d","D","d","d","d","D","d","D","d","d","D","d","D","d","d","d","D","D","d","D","D","D","D",0.52307041534834
98,33,40,"Aa",1,"Bb",1,"cc",0,1657,1460,-1,-1,-1,1,-1,1,-1,-1,1,1,"d","d","d","D","D","d","d","d","D","d","D","D","D","D","d","D","D","D","d","d","D","d","D","D","d","D","d","D","D","D","d","D","D","D","d","D","D","D","D","d","d","d","d","D","d","d","d","d","D",0.721571955246474
108,33,41,"aa",0,"BB",2,"cC",1,1658,1610,1,1,1,1,1,-1,-1,1,1,1,"D","D","d","d","D","D","d","D","D","d","D","d","D","D","d","D","d","D","d","D","D","D","D","d","D","d","d","d","d","d","d","d","d","D","D","d","d","d","D","D","D","D","d","D","d","D","d","D","d",2.64263009046176
96,33,42,"aa",0,"bB",1,"cC",1,1660,1610,-1,-1,-1,1,-1,-1,1,-1,-1,1,"D","d","d","D","D","D","d","d","D","D","D","D","D","D","D","D","d","d","d","d","D","D","D","d","D","d","d","d","d","d","d","d","d","D","D","d","d","D","D","D","D","d","D","d","D","d","d","D","d",0.87226117122805
105,33,43,"aA",1,"bB",1,"Cc",1,1708,1564,1,-1,-1,1,1,1,1,1,1,-1,"D","d","d","d","d","d","D","D","D","D","d","D","d","D","d","d","D","d","D","d","D","D","d","d","D","d","d","D","d","d","D","D","d","D","D","d","d","D","d","D","d","d","D","D","d","d","d","D","d",1.23591382746906
102,33,44,"aA",1,"BB",2,"cC",1,1710,1761,-1,-1,-1,1,1,1,1,-1,1,1,"d","d","d","D","D","d","D","d","D","D","d","D","d","D","D","d","d","d","D","d","d","d","D","d","D","d","D","D","D","D","D","d","d","D","D","D","d","d","D","D","d","d","D","D","d","d","D","d","D",0.833260484593755
101,33,45,"aa",0,"bB",1,"cc",0,1711,1514,1,-1,1,1,-1,1,-1,1,1,-1,"D","d","d","D","d","D","D","D","D","D","d","d","D","D","D","d","d","D","d","d","d","D","D","d","d","D","d","d","d","D","D","D","D","D","d","d","d","D","D","D","d","d","D","d","d","D","d","d","D",-0.874613718091849
101,33,46,"AA",2,"bb",0,"cc",0,1613,1659,-1,1,1,1,-1,1,-1,-1,1,1,"D","d","D","d","D","d","d","D","D","d","D","d","D","d","d","d","D","d","d","d","d","d","d","d","D","d","D","d","d","D","D","d","d","D","D","D","d","d","D","d","d","D","d","D","D","d","d","d","D",-0.356889729265112
101,33,47,"Aa",1,"Bb",1,"Cc",1,1712,1711,-1,1,1,1,-1,-1,-1,-1,1,-1,"d","d","d","D","D","D","D","D","D","d","D","D","d","d","D","D","d","D","d","d","d","D","D","d","d","D","D","D","d","D","D","D","D","D","d","d","d","D","D","d","d","D","D","D","D","d","D","D","d",3.9941135141812
99,33,48,"AA",2,"Bb",1,"cc",0,1616,1713,1,-1,-1,1,-1,-1,-1,-1,1,1,"d","d","D","d","D","D","d","D","D","d","D","D","d","D","D","d","d","d","d","d","D","D","d","D","d","d","d","D","D","D","d","D","D","D","D","d","d","D","d","d","D","D","d","D","D","d","D","d","D",1.57006929502078
103,33,49,"aA",1,"Bb",1,"CC",2,1666,2251,1,1,1,1,1,1,-1,1,1,-1,"d","D","D","d","d","D","D","d","D","D","D","D","D","D","D","d","d","D","D","d","d","D","D","d","D","D","D","d","D","d","d","d","D","D","d","d","d","D","d","D","D","d","d","d","D","d","d","D","d",-2.34986927227613
99,33,50,"aA",1,"bb",0,"cc",0,1469,1470,1,-1,-1,-1,1,-1,1,1,1,-1,"d","D","D","d","d","d","d","D","d","D","D","D","D","D","d","d","D","d","d","D","d","d","D","d","D","d","D","d","d","D","D","d","D","D","D","D","D","d","D","D","d","D","D","d","D","d","D","D","d",-0.310159061136766
102,34,1,"aa",0,"Bb",1,"cc",0,1668,1719,1,-1,1,-1,-1,-1,1,1,1,1,"D","d","d","D","d","d","D","d","D","D","D","d","d","d","d","D","D","D","d","D","d","D","d","D","D","D","d","D","D","D","d","D","D","D","D","D","d","d","D","D","d","d","D","d","d","d","D","d","d",0.951722130833229
97,34,2,"Aa",1,"BB",2,"Cc",1,1571,1866,-1,-1,1,1,-1,-1,1,-1,1,-1,"D","D","D","d","D","d","D","d","D","D","D","d","d","D","D","d","D","D","D","D","D","D","d","D","d","d","d","D","D","D","D","d","d","D","D","d","d","D","d","d","D","D","d","D","D","d","d","D","D",-0.404901789601847
97,34,3,"aa",0,"Bb",1,"cc",0,1670,1676,1,1,-1,-1,-1,-1,1,1,1,-1,"D","d","D","D","d","D","D","D","d","d","D","d","d","d","D","D","D","d","d","d","d","D","d","D","D","d","d","D","d","D","D","d","d","D","D","d","d","d","d","d","D","d","D","d","d","D","D","d","d",-2.07588522474941
99,34,4,"AA",2,"BB",2,"CC",2,1671,1671,-1,1,-1,1,-1,-1,1,-1,-1,-1,"D","d","d","D","D","d","d","d","D","d","d","D","D","D","D","D","D","D","D","D","D","D","D","D","D","d","d","D","D","d","d","D","D","d","d","D","D","d","D","D","D","d","d","d","d","d","D","d","d",3.60401482683004
102,34,5,"aa",0,"Bb",1,"cc",0,1573,1475,-1,1,1,1,1,-1,-1,-1,1,1,"D","D","d","D","D","d","d","d","d","d","d","D","d","d","D","d","d","D","d","d","D","d","D","D","d","D","d","d","d","D","D","D","D","D","D","d","D","D","d","D","d","D","D","D","D","D","D","d","D",0.181028312283463
99,34,6,"aA",1,"Bb",1,"cC",1,1577,1431,-1,-1,1,-1,1,-1,1,1,-1,-1,"d","d","D","D","d","d","D","D","d","D","d","D","D","D","D","d","d","d","d","D","d","d","d","D","D","D","D","d","D","d","d","D","d","D","D","d","D","d","d","d","D","D","d","d","D","D","d","D","d",1.76151235502167
96,34,7,"AA",2,"BB",2,"cc",0,1674,1823,-1,-1,-1,1,-1,-1,1,-1,1,-1,"d","D","d","D","d","d","D","D","d","D","D","D","D","d","D","D","D","D","D","D","d","D","D","d","d","D","d","d","D","d","d","D","D","d","D","D","D","d","d","D","d","d","D","D","D","D","D","d","d",0.979124742786705
101,34,8,"Aa",1,"BB",2,"Cc",1,1578,1529,-1,1,-1,1,1,1,1,1,1,-1,"D","d","d","d","D","D","d","D","d","D","D","D","D","d","d","d","d","d","d","d","D","D","d","d","D","d","d","D","D","d","d","D","D","D","D","D","D","D","D","d","D","d","D","D","d","D","D","D","D",-2.18373278780549
100,34,9,"aa",0,"bB",1,"cc",0,1626,1770,-1,1,1,-1,1,1,-1,-1,-1,-1,"D","D","D","d","D","D","d","d","D","D","D","d","D","d","d","D","D","d","D","d","D","d","D","d","D","D","d","d","D","d","d","D","d","D","d","D","D","d","d","d","d","D","d","d","D","D","D","d","D",2.34684173452206
95,34,10,"aa",0,"Bb",1,"Cc",1,1726,2072,-1,-1,1,-1,-1,1,-1,-1,1,1,"D","d","d","d","D","d","D","d","D","D","d","d","D","d","d","D","d","d","D","d","D","D","D","d","d","d","d","D","D","d","d","d","d","D","d","d","d","d","d","D","d","d","D","D","d","D","D","d","D",-2.14727639498504
94,34,11,"aA",1,"BB",2,"Cc",1,1678,1823,-1,-1,-1,-1,-1,-1,-1,-1,1,-1,"d","d","d","D","d","d","D","D","d","d","D","d","d","d","D","d","D","D","D","D","d","d","D","D","D","D","D","D","d","d","d","D","D","d","D","d","D","d","d","d","d","d","D","d","D","d","D","d","d",2.48284072107093
100,34,12,"AA",2,"Bb",1,"cC",1,1680,1728,-1,-1,-1,1,1,1,1,1,1,-1,"d","d","d","d","D","d","d","d","d","D","D","d","d","D","d","D","D","D","D","d","D","D","d","D","D","d","d","d","D","d","d","d","D","D","D","d","D","D","D","D","d","d","d","D","D","d","d","d","D",-1.35245959845972
99,34,13,"Aa",1,"BB",2,"cC",1,1729,1923,-1,-1,1,1,-1,1,-1,-1,1,1,"D","d","d","D","D","d","d","d","d","d","d","D","d","D","D","D","d","D","d","D","d","d","d","d","d","D","D","D","D","d","D","d","D","D","d","d","D","D","D","d","d","D","D","D","D","d","d","D","d",-0.932688370313601
94,34,14,"Aa",1,"bb",0,"cc",0,1681,1734,-1,1,-1,-1,-1,1,-1,-1,-1,-1,"d","d","D","d","d","D","d","d","d","D","D","D","D","D","D","d","D","D","D","d","D","D","d","D","D","D","d","D","D","d","D","D","D","d","d","D","D","D","d","D","D","d","D","D","d","D","d","D","D",0.364249423391838
99,34,15,"Aa",1,"bb",0,"CC",2,1682,1681,1,1,-1,-1,1,-1,-1,-1,1,1,"d","d","d","d","d","D","D","D","d","D","D","d","d","d","D","D","d","d","D","d","d","d","D","d","D","d","D","d","D","d","d","D","D","D","d","d","D","D","D","D","D","D","d","D","D","d","d","D","D",-0.199702084007094
103,34,16,"AA",2,"Bb",1,"Cc",1,1584,1580,1,1,1,1,-1,-1,1,1,-1,1,"D","D","D","D","d","D","d","D","D","D","d","D","D","D","d","d","D","D","d","d","D","D","d","d","D","D","d","D","d","D","d","d","d","D","d","D","D","D","d","D","D","D","d","d","D","D","d","D","d",-0.282799731705615
102,34,17,"aa",0,"Bb",1,"cc",0,1733,1288,-1,1,1,-1,-1,1,1,-1,1,1,"d","d","D","D","D","d","d","d","D","D","d","d","d","D","d","D","D","D","D","D","d","D","d","d","D","d","d","d","d","d","D","d","D","d","D","d","D","d","D","D","d","D","d","D","d","D","D","d","D",0.203748899434038
97,34,18,"aa",0,"Bb",1,"CC",2,1735,1784,-1,1,1,1,1,-1,-1,-1,1,-1,"d","d","d","d","D","d","D","d","D","d","D","D","D","D","D","D","d","d","D","D","D","D","d","D","D","d","D","D","d","D","D","d","D","D","D","D","d","d","D","D","D","d","d","d","d","D","D","d","D",-2.92065834700121
96,34,19,"aA",1,"Bb",1,"CC",2,1684,1401,-1,-1,-1,1,1,-1,1,-1,1,1,"d","d","D","D","d","d","D","D","D","d","D","d","d","D","D","d","D","d","d","D","d","D","d","d","D","D","D","d","d","d","D","d","d","D","d","d","D","d","D","d","d","D","d","D","d","D","d","d","d",-3.16327666277107
96,34,20,"aA",1,"Bb",1,"cC",1,1539,1589,-1,-1,-1,-1,1,1,-1,1,-1,1,"D","D","d","d","D","d","d","D","D","d","d","D","d","d","d","D","D","D","D","d","D","D","D","d","d","d","D","D","D","d","D","D","D","d","D","D","d","d","d","d","d","d","D","d","d","d","d","D","D",-1.28688797401725
100,34,21,"Aa",1,"bB",1,"Cc",1,1689,1449,-1,1,1,1,-1,1,-1,-1,1,-1,"d","D","D","D","d","d","D","D","d","d","D","d","D","D","D","d","d","D","D","D","D","d","D","d","D","D","d","D","D","D","d","d","d","D","d","d","D","d","d","D","D","d","D","d","D","d","d","d","d",0.137622081568149
93,34,22,"AA",2,"Bb",1,"cC",1,1640,1589,-1,-1,-1,-1,-1,-1,-1,-1,1,1,"D","D","d","D","D","d","d","D","d","D","d","D","d","d","D","d","D","D","d","D","D","d","D","d","D","d","d","D","D","D","D","d","d","d","D","D","d","D","d","d","d","D","D","D","d","d","D","d","d",-0.771628992811636
99,34,23,"AA",2,"bB",1,"cc",0,1689,1549,-1,1,-1,1,-1,1,-1,-1,1,1,"D","D","d","D","D","d","D","d","D","d","D","d","d","D","d","d","D","D","d","D","D","d","D","d","d","d","D","D","D","D","d","d","d","D","D","d","d","D","d","D","D","D","d","D","d","D","D","D","D",-0.602363803744618
98,34,24,"Aa",1,"Bb",1,"Cc",1,1691,1745,-1,1,-1,-1,-1,-1,1,-1,-1,1,"D","d","d","D","D","d","d","d","D","D","d","d","d","D","D","d","D","d","D","d","d","d","D","d","D","d","D","d","D","D","d","D","d","D","d","D","D","d","D","d","d","d","D","D","d","d","d","D","d",2.02008119782668
104,34,25,"aA",1,"bB",1,"cC",1,1741,1641,1,1,-1,1,-1,1,1,1,1,1,"D","D","d","D","d","D","d","d","d","D","D","D","D","d","d","d","D","D","D","d","D","D","d","d","d","d","D","d","D","d","D","D","d","D","D","D","d","d","d","D","d","D","D","D","D","D","d","D","d",-1.50973483976096
100,34,26,"aa",0,"bb",0,"cC",1,1693,1543,-1,-1,-1,1,1,1,-1,1,1,-1,"D","D","D","D","D","d","d","d","D","d","d","D","d","D","D","d","D","d","d","D","D","D","d","d","d","d","D","D","D","D","D","D","d","d","D","d","d","D","d","d","D","D","d","d","d","d","D","D","d",0.781625914976837
99,34,27,"AA",2,"Bb",1,"cc",0,1694,1742,-1,-1,1,-1,1,1,1,-1,-1,1,"d","D","d","D","d","d","d","D","d","d","D","D","D","d","d","d","D","d","d","D","d","D","D","d","d","D","D","D","D","D","d","d","D","d","d","d","D","d","D","d","D","d","d","d","d","D","d","d","D",-0.157512166507641
103,34,28,"aa",0,"bB",1,"Cc",1,1696,1794,1,-1,-1,1,1,1,1,1,1,1,"D","d","d","d","d","d","d","D","D","d","D","d","D","D","D","d","d","D","d","D","D","d","D","d","d","d","d","D","d","d","d","D","D","d","d","d","d","D","D","D","D","d","d","D","d","d","D","D","D",-2.82773998680995
103,34,29,"aa",0,"bB",1,"Cc",1,1696,1944,1,1,-1,1,1,1,-1,-1,1,1,"d","d","d","d","D","D","d","d","D","D","d","d","D","D","D","d","d","d","d","D","D","D","D","d","D","d","D","d","d","d","D","D","D","d","D","d","D","D","D","d","d","d","D","D","D","d","D","D","D",-0.144871060445483
102,34,30,"aa",0,"bb",0,"Cc",1,1697,1747,1,1,-1,-1,1,1,-1,1,-1,1,"d","D","d","d","D","d","d","D","D","D","D","d","d","d","D","d","d","d","d","D","d","D","d","D","D","D","d","d","d","d","D","d","d","d","d","D","D","d","D","d","D","d","d","D","D","d","d","d","d",0.273924397134802
97,34,31,"Aa",1,"bb",0,"cC",1,1746,1989,-1,-1,1,-1,-1,-1,-1,-1,1,1,"D","D","D","D","D","d","d","d","d","d","d","D","d","D","D","D","d","D","D","D","d","d","D","d","d","d","d","D","D","D","D","D","D","D","d","d","D","D","D","D","d","D","D","D","d","d","D","D","d",1.90080724343749
97,34,32,"aa",0,"bb",0,"cc",0,1650,1900,-1,-1,-1,1,1,1,-1,-1,-1,1,"d","d","D","d","D","D","D","D","D","d","D","D","d","d","D","d","d","d","d","d","D","d","d","d","d","D","d","d","d","d","d","d","d","d","D","D","D","D","D","d","d","d","d","d","d","D","d","D","D",-0.204830365216207
106,34,33,"aa",0,"bb",0,"cc",0,33,2138,1,-1,1,1,1,1,1,-1,1,1,"D","D","D","D","D","d","D","D","d","d","d","D","d","d","d","D","D","d","D","D","d","d","d","D","D","d","D","D","D","d","D","d","D","d","d","d","d","D","D","d","d","d","D","d","D","d","D","D","D",0.521370636728737
98,34,35,"aA",1,"bB",1,"cc",0,1701,1803,-1,-1,-1,1,1,1,1,1,1,-1,"d","d","d","D","D","D","D","D","d","D","D","d","d","d","D","d","d","D","D","d","d","D","D","d","D","D","d","D","D","d","d","d","D","d","d","d","d","D","D","D","D","d","d","D","D","d","d","D","D",-3.54559369021019
100,34,36,"aa",0,"bb",0,"Cc",1,1702,1612,-1,-1,1,1,-1,1,1,-1,1,-1,"d","D","d","D","D","D","d","D","D","d","D","d","d","D","D","d","D","d","d","D","d","d","D","d","D","d","D","D","D","d","D","D","D","D","D","D","D","D","D","d","d","d","d","d","d","D","d","D","D",0.894248706226454
97,34,37,"aa",0,"bB",1,"CC",2,1753,2198,-1,-1,-1,-1,1,1,-1,-1,1,1,"D","D","d","D","D","D","D","d","d","D","d","d","D","D","d","d","d","D","d","d","D","D","d","d","d","D","D","D","D","d","d","d","d","d","d","d","d","D","D","d","d","D","d","D","d","D","d","D","d",-0.302271965279387
92,34,38,"aA",1,"BB",2,"cc",0,1655,1606,-1,-1,-1,-1,1,1,-1,-1,-1,-1,"D","d","D","D","d","d","D","d","d","D","D","d","D","D","D","d","d","d","d","d","D","d","D","D","d","d","D","D","D","d","D","D","d","d","d","d","D","d","d","d","d","d","d","d","d","d","d","D","D",-1.69509736769985
100,34,39,"aA",1,"bB",1,"CC",2,1705,1709,1,-1,1,-1,1,1,-1,-1,1,-1,"D","D","D","D","D","D","d","d","d","D","D","d","d","D","D","d","D","d","D","D","d","D","D","D","d","D","d","D","D","D","d","D","D","d","D","D","d","D","d","d","D","D","D","d","D","D","D","D","D",0.258632916589352
102,34,40,"Aa",1,"bB",1,"cc",0,1706,1608,1,-1,1,-1,1,1,-1,-1,1,1,"d","D","D","D","d","D","d","D","d","d","D","d","D","d","D","d","D","d","D","D","d","D","D","D","D","D","d","D","D","D","d","D","d","D","D","D","D","D","d","D","d","d","d","d","d","D","D","d","d",0.797839185525498
101,34,41,"Aa",1,"Bb",1,"cc",0,1803,1460,-1,-1,1,1,-1,1,1,1,1,-1,"D","d","d","D","d","d","d","d","D","D","D","d","D","d","d","d","D","D","d","d","D","D","D","D","d","d","d","D","D","d","d","D","d","d","d","d","D","D","D","D","D","d","d","d","d","D","D","D","D",-0.496092239972706
95,34,42,"aa",0,"BB",2,"CC",2,1707,1707,-1,-1,-1,-1,1,-1,1,1,-1,-1,"d","d","d","D","D","d","d","D","D","d","d","d","D","D","d","D","d","d","d","D","D","d","D","D","D","d","d","D","D","D","D","d","d","D","D","D","d","d","d","d","d","D","D","D","D","d","D","D","d",-0.52356689713878
101,34,43,"aA",1,"bB",1,"Cc",1,1709,1609,-1,1,-1,1,1,-1,-1,-1,-1,1,"d","D","D","D","d","d","d","d","D","d","d","d","d","d","d","d","d","d","d","d","D","D","d","d","D","d","d","d","D","d","D","D","d","D","D","d","d","d","D","d","d","d","D","D","D","d","d","D","D",3.04207607201791
96,34,44,"aa",0,"bb",0,"Cc",1,1710,1759,1,1,-1,-1,1,-1,-1,-1,1,-1,"d","d","D","D","D","D","d","d","D","D","D","D","D","D","D","d","d","d","D","d","D","D","D","d","D","d","d","d","D","d","D","d","D","d","D","D","d","D","D","d","D","d","D","D","D","d","D","d","d",-1.70767830737925
100,34,45,"AA",2,"bB",1,"cc",0,1710,1710,1,-1,-1,-1,1,1,1,-1,1,-1,"D","d","d","D","D","D","d","d","d","D","D","D","D","D","D","d","d","D","d","d","d","D","d","d","d","d","d","d","d","D","d","d","d","d","D","D","D","D","d","d","D","d","d","D","D","d","d","d","D",0.698107333661889
101,34,46,"Aa",1,"Bb",1,"CC",2,1663,1611,-1,-1,1,-1,-1,1,-1,1,1,1,"d","D","D","d","d","D","D","D","d","d","D","d","d","d","d","d","D","d","d","d","D","D","D","D","D","d","D","d","d","D","D","d","d","d","d","D","D","D","D","D","d","d","d","d","d","d","d","d","d",1.63914443852977
102,34,47,"Aa",1,"bB",1,"cc",0,1713,1615,-1,-1,1,1,-1,1,-1,1,-1,1,"d","D","d","D","d","d","D","D","D","D","d","D","D","D","D","d","D","d","d","D","d","D","D","d","D","d","d","D","D","d","d","D","D","D","D","d","d","d","D","D","d","d","D","D","D","D","d","D","d",2.14608602188531
101,34,48,"AA",2,"Bb",1,"cC",1,1713,1705,-1,1,1,1,1,1,-1,-1,-1,1,"d","D","d","D","d","d","d","d","D","D","D","D","D","D","D","d","d","d","d","d","D","D","D","d","D","d","D","D","D","d","D","D","d","D","d","D","D","d","D","D","D","d","D","D","d","d","D","D","d",-0.824108863811528
103,34,49,"aA",1,"bB",1,"cc",0,1764,1471,-1,1,1,1,1,1,-1,-1,1,-1,"D","D","d","d","d","D","d","d","d","D","D","d","d","D","d","d","d","D","D","D","D","D","D","d","D","d","d","D","D","D","D","d","D","D","D","D","d","D","D","d","D","d","D","D","d","d","d","d","d",1.98413888546255
101,34,50,"aa",0,"BB",2,"cc",0,1713,1808,-1,-1,1,1,-1,1,-1,1,1,-1,"d","D","d","D","D","d","D","d","d","D","d","d","D","D","D","d","D","D","d","d","D","d","D","d","d","d","d","D","d","d","d","D","d","D","D","D","D","d","d","D","D","d","D","D","D","D","d","D","D",1.61006965963586
99,35,1,"aA",1,"BB",2,"cC",1,1717,1668,-1,1,1,-1,1,-1,-1,-1,1,1,"D","D","d","d","d","d","d","d","d","D","D","D","d","d","d","d","D","D","D","d","D","D","D","d","D","d","D","d","D","d","D","d","d","D","D","d","D","D","d","D","D","D","D","D","d","D","D","d","d",-0.465794210679339
100,35,2,"aA",1,"bB",1,"cc",0,1721,2014,-1,1,1,1,-1,-1,1,1,1,-1,"D","D","d","d","d","d","D","D","D","D","D","d","D","D","d","D","D","D","D","d","d","d","d","d","d","d","d","d","d","d","D","D","d","D","D","d","d","d","D","d","d","D","d","D","D","D","D","d","D",-1.17104074773675
100,35,3,"AA",2,"bB",1,"cc",0,1719,1720,-1,-1,-1,1,-1,1,1,-1,1,-1,"D","D","D","D","D","D","d","D","D","d","d","d","D","d","D","D","d","d","d","d","d","D","D","d","d","d","d","D","d","d","D","D","d","D","D","d","D","d","D","d","D","D","D","D","d","D","d","d","d",2.37540169866697
92,35,4,"aa",0,"BB",2,"CC",2,1819,1822,-1,-1,-1,-1,1,-1,-1,-1,1,-1,"d","D","D","D","D","d","D","D","D","d","D","D","D","d","d","D","d","D","d","D","D","D","d","D","d","D","d","D","D","d","d","D","D","d","D","d","D","d","D","D","d","d","D","D","d","D","d","d","d",-1.06402894543144
92,35,5,"aa",0,"bb",0,"cC",1,1721,1445,-1,-1,-1,-1,-1,-1,-1,-1,1,1,"d","d","d","d","D","d","D","D","d","D","D","d","d","D","D","D","D","d","D","d","d","d","d","d","D","d","D","D","D","d","d","D","D","d","D","d","D","d","d","d","d","D","d","d","D","D","d","d","D",-1.75715435108842
104,35,6,"AA",2,"bb",0,"Cc",1,1722,1674,-1,-1,-1,1,-1,1,1,1,1,1,"d","D","D","d","D","d","d","d","D","D","D","d","D","D","d","d","D","D","D","D","D","D","d","D","d","D","D","d","d","D","d","d","D","D","D","D","d","d","d","D","d","d","d","D","D","d","d","D","d",2.90076972767386
97,35,7,"Aa",1,"Bb",1,"cC",1,1723,1919,1,-1,-1,1,-1,-1,1,1,-1,-1,"D","D","d","d","d","d","d","d","d","d","D","D","d","d","D","D","D","D","D","D","d","D","d","d","d","D","d","d","d","D","d","D","d","D","D","d","D","D","D","D","d","d","d","d","D","d","D","d","d",-0.709579491746363
100,35,8,"AA",2,"BB",2,"cc",0,1773,1528,-1,-1,-1,-1,1,1,1,1,-1,-1,"D","d","D","D","d","d","D","D","d","D","D","d","D","d","d","D","d","d","d","d","d","d","d","d","D","D","d","D","d","d","d","D","D","d","d","d","d","d","D","D","d","D","D","d","d","D","D","d","D",2.40133771419102
102,35,9,"Aa",1,"BB",2,"cC",1,1725,1680,1,1,-1,-1,1,1,1,-1,1,1,"D","D","d","d","d","D","d","D","d","d","D","D","d","d","D","d","D","d","D","d","D","d","D","D","d","D","d","d","d","d","D","d","d","D","D","d","D","D","D","D","d","d","D","d","D","d","d","D","d",-1.14286482901087
105,35,10,"aa",0,"Bb",1,"cc",0,1677,1277,-1,1,1,-1,1,1,-1,1,1,1,"d","d","D","d","D","d","d","d","D","D","D","D","d","d","D","d","D","d","D","d","d","D","D","d","d","d","d","D","D","d","d","D","d","d","D","D","D","d","D","D","D","D","d","d","d","D","D","d","D",1.3207761142634
102,35,11,"aa",0,"bb",0,"cc",0,1727,1626,-1,-1,1,1,1,1,-1,1,1,-1,"d","d","D","d","D","d","d","d","d","D","D","d","d","d","D","D","d","d","D","D","D","d","d","d","d","D","D","D","d","d","d","D","d","D","D","d","d","D","d","d","d","D","d","d","d","d","D","d","D",0.686921792851472
98,35,12,"aA",1,"Bb",1,"Cc",1,1776,1870,1,1,-1,1,-1,-1,-1,-1,-1,1,"D","D","d","D","D","d","d","D","d","D","d","d","d","d","D","D","d","D","D","D","d","d","d","D","d","d","D","D","D","d","D","d","D","D","D","d","d","D","D","D","D","d","D","d","D","d","d","d","D",0.0495523781244159
99,35,13,"Aa",1,"bB",1,"CC",2,1727,2067,-1,-1,1,-1,1,-1,1,1,1,1,"d","d","D","d","d","d","d","d","d","d","d","d","d","d","D","D","D","d","d","D","D","D","D","d","D","d","D","D","D","d","d","D","D","D","d","d","d","d","d","d","d","D","D","d","D","d","D","D","d",-2.23915171451373
99,35,14,"AA",2,"Bb",1,"CC",2,1681,1873,1,-1,-1,-1,-1,1,-1,1,1,1,"d","D","D","d","D","D","d","d","D","D","d","D","d","D","d","d","D","D","d","d","D","d","D","d","d","D","d","D","D","d","D","D","D","d","d","D","D","D","D","D","D","d","d","D","d","d","d","D","d",-0.0918013577097341
100,35,15,"aa",0,"bb",0,"CC",2,1729,1630,-1,-1,1,-1,1,-1,-1,1,1,1,"d","d","d","d","d","D","d","D","D","d","D","D","D","D","d","D","d","D","d","D","D","d","d","d","D","D","D","D","D","D","d","D","D","D","d","d","d","D","d","d","d","D","D","D","D","D","D","D","d",0.196199358836897
101,35,16,"aA",1,"Bb",1,"cC",1,1782,1580,1,1,-1,1,-1,-1,-1,1,1,1,"d","D","D","d","d","D","d","D","D","D","d","D","D","D","D","D","D","D","d","D","D","d","D","d","D","d","d","d","d","d","d","d","d","D","D","D","d","D","d","d","d","D","d","d","D","D","D","d","d",-0.224123466778011
95,35,17,"aa",0,"Bb",1,"cc",0,1683,1579,-1,-1,-1,-1,-1,1,-1,1,1,-1,"d","D","D","d","d","d","D","D","d","D","d","D","d","d","D","d","d","D","d","D","d","D","D","d","d","d","d","D","D","D","d","d","d","D","D","d","D","d","D","d","d","D","d","d","d","d","D","D","d",-0.955087683281888
102,35,18,"aa",0,"bB",1,"cC",1,1734,1493,1,-1,1,1,1,1,-1,-1,-1,1,"d","D","D","d","D","d","D","D","D","D","D","D","D","D","d","D","d","d","d","d","D","D","D","d","d","d","D","D","d","d","d","d","D","d","D","D","d","d","d","D","d","D","D","d","d","d","D","D","D",0.0823721961888514
100,35,19,"Aa",1,"BB",2,"cC",1,1685,1785,1,-1,-1,1,-1,1,1,-1,-1,1,"D","d","d","D","D","D","d","d","d","D","D","D","d","d","D","D","d","d","d","D","d","d","D","D","D","D","D","D","d","D","d","d","d","d","d","D","D","D","d","d","D","D","d","D","d","d","d","d","d",0.706005173524315
99,35,20,"AA",2,"bb",0,"cC",1,1736,2081,-1,1,1,-1,-1,-1,1,-1,1,-1,"d","d","d","d","d","D","d","D","d","D","d","d","d","D","d","D","d","D","d","d","d","d","D","d","d","d","d","D","D","D","d","d","D","d","d","D","d","D","D","d","d","d","d","D","d","d","D","D","D",1.02161527444746
96,35,21,"Aa",1,"bB",1,"Cc",1,1737,1634,-1,-1,-1,-1,-1,1,1,-1,1,1,"D","D","d","D","d","D","d","D","d","D","d","d","D","d","D","d","d","d","d","D","d","d","d","d","D","d","d","D","D","d","D","D","d","d","d","d","d","D","D","d","D","d","D","D","d","d","d","d","d",-1.04801913067807
94,35,22,"Aa",1,"bB",1,"CC",2,1786,1781,1,1,1,-1,-1,-1,-1,-1,-1,-1,"d","d","D","d","d","d","D","D","D","d","d","D","d","d","D","d","d","d","d","d","d","D","D","d","d","D","d","D","d","D","D","d","d","D","d","d","d","d","D","D","d","d","d","d","d","D","d","d","d",-1.93663442652537
94,35,23,"aa",0,"bb",0,"Cc",1,1690,1445,-1,-1,1,-1,1,-1,-1,-1,1,-1,"d","d","D","D","D","d","D","D","d","d","D","D","d","d","d","D","D","d","D","D","D","d","D","d","D","d","D","D","D","d","d","D","D","D","D","D","D","d","d","d","d","D","d","d","D","d","d","D","D",-1.06876231780362
101,35,24,"aa",0,"bb",0,"cc",0,1740,2138,-1,1,-1,1,-1,1,1,1,1,-1,"D","D","d","d","D","d","D","D","d","D","d","D","d","d","d","D","D","d","D","D","d","D","d","D","D","d","d","D","d","D","D","D","d","d","d","D","d","d","D","d","d","d","D","d","D","D","D","d","D",-0.485371651028515
97,35,25,"aA",1,"BB",2,"cc",0,1693,1945,-1,1,-1,-1,1,1,-1,1,1,-1,"D","D","D","D","d","D","d","d","D","D","d","D","D","D","d","d","d","D","D","D","D","D","d","d","d","d","d","D","d","D","d","D","D","d","d","d","D","D","D","d","d","D","d","D","D","d","d","d","D",-2.09402942832557
98,35,26,"aa",0,"Bb",1,"cC",1,1742,1776,-1,1,1,-1,-1,-1,-1,-1,1,1,"D","d","d","d","D","d","d","d","d","D","D","D","d","d","d","D","D","D","d","d","d","D","d","d","D","D","d","D","D","d","d","D","d","D","D","D","D","D","D","D","d","d","d","d","D","d","d","D","d",0.0916503830599825
104,35,27,"aa",0,"Bb",1,"cC",1,1842,1889,1,-1,1,1,1,1,1,-1,1,-1,"d","d","d","d","D","D","d","D","D","D","D","d","d","d","D","d","D","D","D","d","d","d","d","d","D","D","D","d","D","D","D","D","d","D","d","D","D","D","d","D","d","d","d","D","D","D","d","d","D",0.284581945284961
96,35,28,"aa",0,"bB",1,"Cc",1,1744,1884,-1,1,-1,-1,1,-1,-1,-1,-1,1,"d","D","d","d","d","D","d","D","D","d","D","d","D","D","d","d","D","d","d","D","D","D","D","D","D","d","d","d","D","d","d","D","D","D","d","d","d","D","D","D","D","d","d","d","D","d","d","D","D",0.137017733219814
96,35,29,"aA",1,"bb",0,"Cc",1,1697,1746,-1,-1,-1,1,1,-1,-1,1,-1,1,"D","D","D","d","D","d","d","D","d","D","d","d","D","D","D","D","D","d","D","D","D","D","d","d","d","D","d","D","D","d","D","D","D","d","D","D","d","D","D","D","D","d","D","d","D","d","D","d","D",-1.13488772568338
100,35,30,"aA",1,"bb",0,"CC",2,1696,2296,-1,1,-1,1,1,1,-1,-1,1,-1,"D","d","D","d","D","d","D","d","d","D","D","d","d","D","D","d","D","d","d","D","D","d","D","d","D","d","d","D","d","d","D","D","D","d","d","d","D","D","D","d","D","d","d","D","d","d","d","D","D",0.4351764978944
94,35,31,"AA",2,"bB",1,"cc",0,1747,1747,1,1,-1,-1,-1,-1,-1,-1,-1,1,"d","d","d","D","D","D","D","d","D","D","D","d","D","D","D","d","d","d","d","D","D","d","d","D","D","d","d","d","D","D","D","d","D","d","d","d","D","D","D","D","D","d","d","D","D","d","d","d","d",-1.03344074281327
100,35,32,"aa",0,"BB",2,"cC",1,1748,1751,-1,-1,-1,-1,1,1,1,-1,1,1,"D","D","d","d","d","d","D","D","D","d","D","d","D","d","D","d","D","d","D","D","D","D","d","D","D","d","D","D","d","D","D","d","D","d","d","d","d","D","d","D","D","D","d","D","d","d","D","D","d",0.198611828480195
99,35,33,"aa",0,"BB",2,"cC",1,1749,1555,-1,-1,1,-1,1,-1,1,1,1,-1,"D","d","d","d","d","D","d","d","d","D","d","d","D","d","d","D","D","d","D","d","d","d","d","d","d","d","d","D","D","d","D","D","d","D","D","D","d","D","d","d","D","d","d","D","D","d","d","d","D",-0.520569874925819
95,35,34,"aa",0,"BB",2,"cc",0,34,34,-1,-1,-1,-1,-1,1,-1,-1,-1,1,"D","d","D","D","D","d","d","D","D","d","D","d","d","D","d","d","d","d","d","D","D","D","D","d","d","D","D","d","D","D","D","D","D","D","D","d","d","D","D","d","d","d","d","d","d","d","d","D","D",1.91870025643372
99,35,36,"aa",0,"Bb",1,"Cc",1,1751,1651,1,1,-1,-1,-1,1,-1,-1,1,1,"d","d","d","D","d","d","D","D","D","d","D","D","d","D","d","d","d","D","d","d","D","d","D","D","D","D","D","D","D","d","D","D","D","d","D","D","D","d","d","D","D","d","D","d","D","D","D","d","D",-0.909941315684378
99,35,37,"AA",2,"bb",0,"cC",1,1752,1754,-1,-1,1,1,1,1,-1,-1,-1,-1,"D","D","D","d","D","d","d","D","d","D","d","D","D","d","d","d","D","D","D","D","D","D","d","d","d","D","D","D","d","D","d","D","d","d","D","D","D","D","d","d","d","d","D","D","d","d","D","D","D",1.15209337540508
98,35,38,"aa",0,"bb",0,"CC",2,1753,1807,-1,-1,-1,1,1,1,-1,-1,1,1,"d","D","d","d","D","d","d","D","D","D","D","d","d","D","d","d","d","d","D","d","D","D","D","D","D","D","D","D","d","d","D","D","D","d","D","d","D","D","D","d","d","D","d","D","d","d","D","d","D",-1.31521256679793
105,35,39,"aa",0,"Bb",1,"cC",1,1658,1854,-1,-1,1,1,1,1,1,-1,1,1,"D","d","D","d","D","D","d","D","d","d","D","d","d","D","D","D","D","d","d","D","d","D","D","d","d","d","D","d","D","d","d","D","d","d","D","d","d","d","D","D","d","D","d","D","d","d","D","D","d",1.37907295840262
100,35,40,"Aa",1,"BB",2,"Cc",1,1757,2055,-1,-1,-1,1,1,-1,1,1,1,-1,"D","D","D","d","D","d","D","d","D","d","D","D","d","d","D","d","D","D","D","D","d","D","d","d","D","D","d","D","D","d","D","D","D","D","D","D","d","D","D","d","d","d","d","D","D","d","d","D","D",0.6823327915452
101,35,41,"Aa",1,"bb",0,"Cc",1,1756,1508,1,1,-1,-1,1,1,-1,1,1,-1,"d","D","D","d","D","D","d","D","d","D","D","D","D","D","d","d","d","d","d","D","D","d","D","D","D","d","d","D","D","D","d","d","D","D","D","D","d","d","D","D","D","d","D","D","D","d","d","d","D",-0.232813265703699
103,35,42,"AA",2,"BB",2,"CC",2,1757,43,1,1,-1,1,-1,-1,1,1,1,1,"d","d","d","D","d","d","D","d","D","d","d","d","d","D","D","D","D","D","d","D","D","D","D","d","d","D","D","D","D","d","D","D","D","D","d","D","D","D","D","d","D","d","d","D","D","d","d","d","d",-0.608188076291186
98,35,43,"AA",2,"bb",0,"CC",2,1659,1459,-1,-1,-1,1,1,1,-1,-1,-1,-1,"D","D","d","D","D","d","D","D","D","D","D","D","D","d","D","d","D","d","D","d","D","D","D","D","d","d","d","d","d","d","D","d","d","D","d","d","D","D","D","d","d","d","d","D","D","d","D","d","D",2.26353916840389
104,35,44,"AA",2,"BB",2,"cC",1,1760,1466,1,-1,-1,1,1,1,-1,1,1,1,"d","d","d","D","D","d","d","D","d","d","d","d","D","d","D","D","d","d","d","d","d","D","D","d","D","d","D","d","d","d","D","d","d","d","d","D","d","D","d","D","d","d","D","D","D","d","d","d","d",0.386414812440851
102,35,45,"Aa",1,"bB",1,"cc",0,1760,1319,-1,-1,-1,1,1,1,-1,1,1,1,"d","D","d","D","d","D","D","d","d","d","d","D","D","D","d","D","d","d","d","d","D","D","d","d","D","d","d","d","D","d","d","d","d","D","D","D","D","D","D","D","D","d","d","D","D","d","d","d","d",0.450839130648209
102,35,46,"Aa",1,"bB",1,"cc",0,1711,1764,1,-1,-1,1,-1,-1,1,-1,1,1,"D","d","D","D","d","D","D","D","d","D","D","d","d","D","D","d","d","d","D","d","d","D","D","d","D","D","d","D","D","D","D","D","D","D","D","d","D","D","D","d","d","D","D","D","D","D","D","d","d",2.50887593088356
103,35,47,"aa",0,"Bb",1,"cc",0,1713,1708,-1,1,1,1,1,1,-1,-1,1,-1,"D","D","d","D","D","d","D","D","D","D","D","D","D","D","d","d","D","d","d","D","d","D","D","d","d","d","d","D","D","d","d","D","D","D","D","d","d","d","d","D","D","d","d","D","D","D","d","D","D",1.44475823819068
101,35,48,"Aa",1,"bb",0,"cC",1,1764,2154,-1,1,1,-1,-1,1,1,-1,1,-1,"D","D","D","d","D","D","d","D","d","d","D","d","d","D","d","d","D","D","d","D","D","D","d","D","D","d","d","D","D","D","d","d","D","D","d","D","d","D","d","d","D","d","d","D","d","d","d","d","D",1.56122718666678
99,35,49,"aa",0,"BB",2,"cc",0,1764,1859,-1,-1,1,1,-1,-1,1,-1,1,-1,"d","D","D","d","D","D","d","d","d","d","D","d","D","D","d","d","d","D","d","D","D","D","d","d","d","d","d","D","d","d","d","d","D","D","d","D","D","D","D","d","D","D","d","D","D","D","d","d","d",1.52359372766173
102,35,50,"Aa",1,"Bb",1,"cc",0,1765,1863,1,1,1,1,1,1,1,-1,-1,-1,"d","d","D","d","d","d","d","d","d","d","D","D","D","D","d","d","D","D","d","d","d","d","d","D","d","d","D","d","d","d","D","d","D","D","D","D","D","D","D","D","D","d","d","D","D","d","d","D","D",-1.28212670774614
105,36,1,"AA",2,"BB",2,"cC",1,1766,1423,1,1,1,-1,1,1,-1,1,-1,1,"D","d","d","d","d","d","d","d","D","D","D","d","d","d","d","D","d","D","D","d","d","d","D","d","D","D","d","D","d","d","D","D","d","d","d","D","D","D","d","D","D","D","D","D","D","D","D","d","d",1.3256196844681
99,36,2,"Aa",1,"bB",1,"CC",2,1767,1671,1,-1,1,-1,1,-1,-1,1,1,-1,"D","d","d","D","D","d","d","d","d","d","D","d","d","D","D","d","D","d","D","D","D","D","D","D","D","D","d","D","d","D","d","D","D","D","d","D","D","d","D","D","d","d","d","d","d","d","D","D","d",-0.366582128787716
99,36,3,"aA",1,"bB",1,"cc",0,1768,1822,-1,-1,1,-1,1,1,-1,-1,1,1,"d","d","D","D","D","d","d","d","d","d","D","D","D","d","d","D","d","d","d","d","D","d","d","D","D","d","d","d","D","d","d","D","D","D","D","d","D","D","D","d","d","D","D","d","d","d","d","d","d",-0.273173959023399
100,36,4,"aA",1,"bB",1,"Cc",1,1769,1771,1,-1,1,-1,1,-1,-1,1,-1,1,"d","D","D","D","d","D","D","D","D","d","D","D","d","d","D","d","D","D","D","D","d","d","D","D","d","d","d","D","D","d","d","d","d","D","d","D","d","D","d","D","D","d","d","D","d","d","d","d","D",0.425121148690058
99,36,5,"AA",2,"Bb",1,"cc",0,1770,1821,1,1,1,1,-1,-1,-1,1,-1,-1,"d","D","D","D","d","d","d","D","d","d","d","D","D","d","D","D","d","D","D","D","D","D","D","D","d","D","D","D","d","d","d","d","d","d","d","D","D","D","d","D","D","D","D","d","d","D","D","D","d",-0.762210750113699
103,36,6,"aA",1,"BB",2,"cc",0,1673,1573,1,-1,1,-1,1,1,-1,1,-1,1,"d","D","D","d","D","D","d","d","D","d","d","d","D","D","d","d","d","d","d","D","d","d","d","D","D","d","D","d","d","d","D","D","d","D","D","D","d","D","D","D","D","D","D","D","D","d","D","d","D",1.17799534571829
101,36,7,"Aa",1,"Bb",1,"cc",0,1723,1477,1,-1,1,1,-1,-1,1,-1,-1,1,"D","d","D","d","d","d","D","d","d","d","D","D","D","d","d","D","d","D","d","D","D","D","D","D","D","d","D","d","D","D","d","D","d","D","d","d","D","D","d","d","D","d","D","D","D","d","D","d","d",1.25641899242691
96,36,8,"Aa",1,"bB",1,"CC",2,1773,1822,-1,-1,-1,-1,1,-1,1,-1,-1,-1,"D","d","D","D","D","d","D","D","D","d","D","d","D","d","d","D","D","d","d","d","D","d","d","D","D","D","d","D","D","d","d","D","D","D","d","d","d","D","D","D","d","D","d","d","d","D","d","d","d",2.82698553506315
101,36,9,"aa",0,"Bb",1,"Cc",1,1726,1920,-1,1,1,1,-1,-1,-1,1,1,-1,"D","D","D","d","d","d","D","d","D","d","D","d","D","d","D","D","D","d","D","d","D","D","D","d","d","d","d","D","d","d","d","d","D","D","D","d","d","D","d","d","d","d","d","D","d","D","d","d","d",1.08283109660084
100,36,10,"Aa",1,"Bb",1,"Cc",1,1774,1828,1,1,-1,-1,-1,-1,1,1,1,1,"D","D","D","D","d","d","D","d","D","d","D","D","D","D","d","D","d","d","D","D","d","d","d","D","d","d","d","D","d","d","D","D","d","d","D","D","d","d","d","D","d","D","d","D","d","D","d","D","D",-1.506505859559
99,36,11,"Aa",1,"bB",1,"cC",1,1727,1831,-1,-1,-1,1,1,1,-1,-1,1,1,"D","d","d","d","d","d","D","D","D","d","d","d","d","d","D","D","D","d","D","D","d","D","D","d","d","D","d","D","D","d","d","D","D","D","d","d","d","D","d","d","D","D","d","d","d","D","d","d","D",-0.898837262952613
94,36,12,"Aa",1,"bb",0,"CC",2,1777,1924,1,1,-1,1,-1,-1,-1,-1,-1,-1,"d","D","d","d","D","D","D","d","D","D","d","d","D","D","d","D","D","d","D","d","D","d","d","d","d","D","d","D","D","D","d","D","d","d","D","D","d","D","D","D","d","d","D","D","D","d","D","D","d",-1.12865449829942
98,36,13,"Aa",1,"bb",0,"Cc",1,1777,1828,-1,1,-1,-1,-1,-1,1,1,-1,1,"D","d","D","D","d","d","D","d","d","D","D","d","d","D","d","d","d","d","D","D","d","D","d","d","d","D","d","D","d","d","D","D","d","d","D","d","d","d","d","D","d","d","d","D","d","d","d","D","D",0.286897175212302
104,36,14,"aa",0,"Bb",1,"cc",0,1829,1779,1,1,1,-1,1,1,-1,1,-1,1,"d","D","D","D","D","D","D","d","D","d","D","D","d","d","D","D","D","d","D","d","D","D","d","d","D","d","d","d","d","D","d","D","d","D","d","d","D","d","d","D","d","D","D","D","d","d","D","d","d",0.832309245925741
98,36,15,"AA",2,"bB",1,"CC",2,1780,1099,1,1,-1,-1,1,1,-1,1,-1,1,"d","D","D","D","D","d","d","D","D","d","d","D","D","D","D","d","d","D","D","D","d","D","d","d","D","D","D","d","D","D","d","d","d","d","d","d","D","d","D","d","d","d","D","d","d","D","D","D","D",-3.49233223975906
100,36,16,"aa",0,"BB",2,"CC",2,1831,2087,1,-1,-1,1,1,1,-1,1,-1,1,"D","D","D","d","D","D","D","D","d","D","d","d","d","D","d","d","D","d","D","d","D","d","d","d","D","d","D","d","d","d","D","D","d","d","D","d","d","d","D","D","d","d","d","d","D","D","d","D","d",-1.28631164844329
103,36,17,"aa",0,"BB",2,"cC",1,1782,2315,1,1,1,-1,1,1,-1,-1,1,-1,"D","D","d","d","D","D","D","D","D","D","D","D","D","D","d","D","d","D","D","D","d","d","D","d","D","d","d","d","D","d","D","d","D","D","D","D","d","D","D","d","D","d","D","d","D","D","d","d","d",1.7163241407229
99,36,18,"aa",0,"bb",0,"cc",0,1784,2083,1,-1,-1,1,-1,1,-1,1,-1,1,"D","d","D","D","D","D","d","d","d","D","D","D","D","d","d","d","D","D","d","D","d","d","D","D","d","D","d","d","d","d","d","D","D","D","d","d","d","D","D","D","d","d","D","d","d","D","d","D","D",-0.549684065992752
94,36,19,"aA",1,"bB",1,"Cc",1,1784,1836,1,-1,-1,-1,-1,-1,-1,1,1,1,"d","d","D","D","D","D","D","D","D","D","d","D","d","d","D","d","d","D","D","D","d","D","d","D","d","d","D","d","D","D","d","D","d","D","d","D","D","D","d","D","D","d","d","d","D","D","D","D","D",-3.94783906440033
99,36,20,"aA",1,"bb",0,"Cc",1,1737,1581,-1,-1,1,1,-1,-1,-1,1,1,1,"d","D","D","d","d","D","D","D","d","D","d","d","D","d","D","d","D","d","d","d","D","d","D","d","D","d","D","D","D","d","D","D","d","D","d","d","d","D","D","d","d","d","d","d","d","D","d","d","d",-0.797335666094289
94,36,21,"AA",2,"bB",1,"CC",2,1886,1584,-1,-1,1,-1,-1,-1,-1,1,-1,-1,"D","D","D","D","d","d","d","D","D","D","D","d","d","d","D","d","d","D","D","D","d","D","D","d","d","d","D","D","D","d","d","D","d","d","D","d","D","d","D","d","D","D","D","d","d","D","d","d","D",0.514545919725332
102,36,22,"Aa",1,"BB",2,"cc",0,1787,2131,-1,1,-1,-1,1,1,1,-1,1,1,"D","D","D","d","d","D","d","D","d","D","d","d","d","D","D","D","D","d","d","d","D","d","d","d","d","d","d","D","D","d","d","D","D","D","D","D","d","D","d","D","D","d","d","D","d","d","D","d","d",0.554234029490736
96,36,23,"AA",2,"bB",1,"cc",0,1788,1736,-1,-1,-1,1,-1,1,-1,-1,1,1,"D","d","D","D","d","D","D","d","d","D","D","d","d","d","D","D","D","D","d","d","d","D","D","d","D","D","d","D","D","d","D","D","d","d","d","d","D","D","D","d","d","D","d","D","d","d","D","d","d",-1.42913565292837
98,36,24,"AA",2,"bB",1,"cC",1,1740,1449,-1,1,-1,1,-1,1,1,-1,-1,-1,"d","D","d","d","d","D","D","d","D","D","D","d","D","d","D","D","d","D","d","D","D","D","d","D","d","d","d","d","D","D","d","d","d","d","d","d","d","d","D","d","D","d","D","D","D","d","d","d","d",0.642279997587017
100,36,25,"aa",0,"BB",2,"cc",0,1742,1930,-1,-1,1,1,-1,1,-1,1,1,-1,"D","d","D","d","D","d","d","d","D","D","d","D","D","d","D","D","d","d","D","d","D","D","D","d","d","D","D","D","D","D","D","D","D","D","d","D","d","D","D","D","D","d","d","d","d","D","d","d","d",0.407805558216463
98,36,26,"aA",1,"BB",2,"cC",1,1741,1743,1,-1,-1,1,-1,-1,1,1,1,1,"D","d","d","D","D","D","D","d","D","D","D","D","d","d","d","D","d","d","d","D","d","D","D","d","d","d","d","d","D","d","D","D","D","D","D","D","D","d","D","D","D","d","d","D","d","D","d","D","D",-3.90169715252528
101,36,27,"aA",1,"Bb",1,"cc",0,1792,1746,1,1,1,-1,1,-1,-1,1,1,1,"D","D","D","D","D","d","d","D","d","D","d","D","D","D","D","d","D","D","d","D","D","D","d","D","d","d","D","D","D","D","D","d","D","D","D","D","d","D","D","D","D","d","D","d","D","d","D","D","D",-2.2830438762895
101,36,28,"aa",0,"Bb",1,"cc",0,1793,1651,-1,1,1,-1,1,-1,-1,-1,-1,1,"d","d","d","d","d","D","D","d","D","d","D","D","d","d","d","d","d","D","d","D","D","D","D","d","D","d","D","d","d","d","D","D","D","d","d","d","D","d","d","D","D","d","d","D","d","D","D","d","d",3.32814630943676
100,36,29,"aA",1,"BB",2,"cc",0,1794,2044,-1,1,1,-1,1,-1,-1,-1,1,1,"d","d","D","d","d","d","d","d","D","d","d","D","d","d","D","D","D","d","d","D","d","D","D","d","d","d","d","D","d","D","D","D","d","d","d","d","d","d","D","D","d","D","d","D","D","D","d","d","d",0.391441335936948
98,36,30,"aA",1,"Bb",1,"cC",1,1796,2146,-1,-1,1,1,-1,1,-1,-1,-1,1,"d","D","D","d","D","D","d","d","D","d","D","D","D","D","D","d","D","d","D","D","D","d","D","d","d","d","D","d","D","d","D","D","d","d","d","D","d","d","d","D","d","d","d","D","D","d","d","d","d",0.196029661054305
94,36,31,"aa",0,"bb",0,"cc",0,1796,1546,-1,-1,1,-1,-1,-1,-1,-1,-1,1,"D","D","d","d","D","D","d","D","d","d","d","D","d","D","D","d","d","d","D","d","D","d","D","d","D","d","d","d","d","d","d","D","D","d","D","D","d","D","d","d","d","D","D","D","D","d","d","D","D",0.402278508790164
94,36,32,"aa",0,"Bb",1,"Cc",1,1896,1939,-1,-1,-1,-1,-1,-1,-1,-1,1,1,"D","d","D","d","d","d","d","d","d","D","D","D","D","d","D","d","D","d","D","D","d","D","d","D","D","d","D","D","d","d","D","D","D","D","D","d","D","d","D","d","D","d","d","d","d","d","d","D","D",0.178990432599384
96,36,33,"Aa",1,"bB",1,"Cc",1,1798,1895,-1,1,-1,-1,1,1,1,-1,-1,-1,"D","d","d","d","d","D","D","D","d","d","D","D","D","d","d","d","d","d","d","D","d","d","D","D","d","D","d","D","D","D","d","d","d","d","D","d","D","d","D","D","d","d","D","D","d","d","d","d","d",-1.45827430424596
94,36,34,"aa",0,"bb",0,"cc",0,1799,1166,-1,-1,-1,1,-1,-1,1,1,-1,-1,"d","d","d","D","D","d","D","D","d","d","D","D","d","D","d","D","D","D","d","d","d","D","d","d","D","D","d","D","D","d","d","D","D","d","d","D","d","d","D","d","d","d","d","D","D","d","d","d","D",-1.8106986536087
102,36,35,"Aa",1,"bB",1,"cC",1,1800,1552,1,-1,1,-1,1,1,-1,-1,1,1,"D","D","d","d","D","D","d","d","D","D","d","d","D","D","d","D","d","d","d","d","d","D","D","d","D","d","D","D","D","D","d","d","D","D","D","d","D","d","D","D","d","D","d","D","d","d","d","D","D",0.652564624011782
99,36,37,"aA",1,"Bb",1,"cC",1,1801,1756,-1,-1,1,-1,-1,1,-1,-1,1,1,"D","D","d","d","d","D","D","d","d","D","D","D","d","D","d","d","d","D","d","d","D","d","d","d","D","d","d","D","D","d","D","D","d","D","d","D","d","D","d","D","D","D","d","D","D","d","d","D","d",1.93247606155284
98,36,38,"aa",0,"BB",2,"Cc",1,1753,1903,-1,1,1,-1,1,-1,-1,-1,1,-1,"D","d","D","D","d","D","D","d","D","D","D","D","D","D","D","d","d","d","D","d","d","D","D","d","d","d","D","D","D","d","D","D","D","D","D","D","D","D","d","d","D","d","D","d","D","d","d","d","D",0.445703348990851
103,36,39,"Aa",1,"BB",2,"cc",0,1803,2482,-1,1,1,1,-1,1,1,-1,-1,1,"d","d","D","D","d","D","d","d","D","d","D","d","D","d","D","d","d","D","D","d","d","D","d","d","d","D","d","D","D","d","D","D","D","d","D","d","d","D","d","D","d","d","d","D","D","D","d","D","D",1.41951469319797
100,36,40,"AA",2,"Bb",1,"cC",1,1804,1754,-1,-1,1,-1,1,1,1,1,-1,-1,"D","D","D","D","D","D","d","d","d","d","d","D","d","D","d","D","D","D","D","D","D","D","d","D","d","D","D","D","d","d","d","d","d","d","D","d","d","D","D","d","d","d","d","D","d","d","D","D","D",0.0299104374230315
109,36,41,"Aa",1,"Bb",1,"CC",2,1805,1753,1,-1,1,1,1,1,1,-1,1,1,"d","d","d","D","D","D","d","d","d","D","D","d","d","d","D","d","d","d","d","d","d","d","D","D","D","d","d","d","D","d","d","D","D","d","D","d","D","d","D","d","d","d","d","D","D","d","D","D","d",3.60140776143563
100,36,42,"Aa",1,"bb",0,"cc",0,1806,1852,-1,-1,-1,-1,1,1,-1,-1,1,1,"D","d","d","d","d","D","d","D","d","D","D","d","d","D","d","d","D","d","D","d","D","D","d","d","D","d","d","D","D","D","d","D","d","d","D","d","D","D","D","D","d","D","d","D","D","D","D","d","D",2.6591377523096
103,36,43,"aA",1,"bb",0,"cc",0,1855,1854,1,-1,1,1,-1,1,1,-1,-1,1,"d","d","D","D","d","d","D","d","d","D","D","d","d","D","D","d","d","D","D","d","D","d","d","D","D","d","D","D","D","d","D","D","D","d","d","D","d","D","D","d","d","d","d","d","d","d","d","D","d",1.28630688132472
99,36,44,"aa",0,"Bb",1,"cc",0,1808,1711,-1,1,-1,1,1,-1,1,1,-1,1,"d","d","D","D","D","d","D","D","D","D","D","D","d","D","D","D","d","d","d","d","d","D","D","d","D","d","D","d","d","D","D","D","D","D","D","D","d","D","D","D","D","d","d","d","D","d","D","D","d",-2.71440058624378
98,36,45,"aa",0,"bb",0,"cC",1,1809,1667,-1,-1,-1,1,-1,1,1,-1,-1,1,"d","D","D","d","d","D","D","d","d","d","D","D","D","D","D","D","d","d","D","d","d","D","D","D","D","d","d","d","D","D","D","d","D","D","d","D","D","d","d","D","D","d","D","d","d","d","d","D","D",0.285453337534879
98,36,46,"aA",1,"bB",1,"cc",0,1810,1666,1,1,-1,1,-1,-1,-1,-1,1,1,"D","D","D","d","d","d","D","d","d","d","D","D","d","d","D","D","d","D","D","D","d","D","D","D","D","D","d","D","d","d","d","d","d","d","D","d","d","D","D","D","d","d","D","d","d","d","d","D","D",-1.07249082591269
98,36,47,"aA",1,"bb",0,"cC",1,1810,1860,1,-1,-1,-1,-1,-1,-1,1,1,1,"D","D","D","d","d","D","D","d","D","d","D","D","D","d","d","D","D","D","D","D","D","D","d","D","D","D","d","D","d","D","d","D","D","D","d","d","D","D","d","D","d","d","D","D","d","d","D","d","D",0.868157659404396
99,36,48,"aa",0,"bB",1,"cc",0,1860,1808,-1,1,-1,1,1,1,-1,1,1,-1,"d","d","d","d","D","D","D","D","d","D","D","D","D","d","D","d","d","D","d","d","D","d","D","d","D","d","d","D","d","d","D","D","D","d","D","D","D","d","D","d","D","D","D","d","d","d","d","D","D",-2.41601457390025
95,36,49,"aA",1,"bB",1,"cc",0,1813,1713,1,-1,-1,1,-1,-1,1,-1,-1,-1,"d","D","D","d","D","d","d","d","D","D","D","d","D","D","D","D","d","d","d","D","d","D","D","D","d","D","d","D","D","D","d","d","D","d","D","D","d","D","d","d","D","d","d","d","D","d","D","D","D",-0.833478064279331
105,36,50,"AA",2,"BB",2,"CC",2,1765,1667,1,1,1,-1,1,1,1,-1,-1,1,"D","d","D","d","d","D","D","d","D","D","D","D","D","D","D","d","d","D","D","d","d","d","D","D","D","d","d","d","d","d","D","d","D","D","d","D","d","d","D","d","d","D","D","D","d","d","d","D","D",1.00681822389398
104,37,1,"AA",2,"bb",0,"cC",1,1815,1622,1,1,-1,1,1,1,-1,-1,1,1,"D","d","D","D","d","d","D","d","d","d","D","d","d","D","d","D","d","D","d","D","d","D","D","d","d","d","d","d","d","d","D","D","D","D","D","D","d","D","D","D","D","D","D","D","D","D","D","d","D",0.156167400493978
97,37,2,"aA",1,"bb",0,"cC",1,1866,1964,-1,1,1,1,1,-1,1,-1,-1,-1,"D","D","D","D","D","D","d","d","d","D","d","D","d","d","d","D","D","D","d","d","d","d","D","d","d","D","D","D","D","D","d","d","D","d","D","d","D","d","D","D","D","d","d","D","d","D","D","D","d",-2.2677412867194
96,37,3,"aa",0,"BB",2,"CC",2,1818,2119,-1,-1,-1,1,1,1,-1,-1,-1,1,"D","d","d","d","D","d","D","D","d","d","D","D","D","d","D","D","D","D","D","D","d","d","d","D","d","d","d","d","d","d","D","D","D","D","D","D","d","D","D","d","D","D","d","d","D","D","D","D","d",-1.50128365245502
97,37,4,"Aa",1,"Bb",1,"CC",2,1818,2017,-1,1,-1,1,1,-1,-1,1,-1,-1,"d","d","D","d","d","D","D","d","d","d","D","d","d","d","D","D","D","D","d","D","D","d","d","d","d","d","d","d","D","d","d","D","d","d","d","D","D","D","D","d","D","D","D","D","D","D","D","D","D",-0.0765439751797687
106,37,5,"Aa",1,"bB",1,"cC",1,1770,1819,1,1,1,-1,1,1,1,1,-1,1,"d","D","D","d","D","d","d","D","d","D","d","d","D","d","d","D","D","D","D","D","D","d","D","D","d","D","d","D","d","d","d","D","D","d","d","d","d","D","d","d","D","D","D","d","D","d","D","D","d",0.925856536234839
99,37,6,"aa",0,"BB",2,"cc",0,1819,1774,-1,-1,1,-1,1,-1,-1,1,1,1,"D","D","D","D","D","d","d","d","D","D","D","D","d","d","d","D","D","D","d","D","d","D","d","d","d","d","d","d","D","d","d","D","D","d","d","D","D","D","D","D","D","D","d","D","d","D","D","d","D",-0.824525347702679
102,37,7,"aa",0,"bB",1,"Cc",1,1820,1717,-1,-1,-1,1,1,1,1,-1,1,-1,"D","d","D","D","d","D","D","d","d","d","D","D","d","D","d","d","d","D","d","D","d","D","D","d","d","D","d","d","d","D","d","D","d","d","d","D","d","d","D","D","D","D","D","d","D","D","D","D","d",2.09939687754719
100,37,8,"Aa",1,"BB",2,"cc",0,1774,1836,1,-1,-1,-1,-1,1,1,1,1,-1,"d","d","D","D","D","d","D","d","D","d","d","d","d","D","D","D","D","d","D","D","d","d","d","d","d","d","D","D","D","D","D","d","D","d","d","D","D","D","d","D","D","D","d","D","D","D","D","d","d",0.369001208698342
97,37,9,"Aa",1,"bB",1,"CC",2,1873,1924,-1,-1,-1,1,1,-1,-1,-1,1,-1,"d","D","d","D","d","d","d","D","D","d","d","d","D","D","d","D","D","d","D","D","d","d","d","D","d","d","d","D","D","D","d","D","D","D","D","D","D","D","D","D","d","D","d","d","D","d","D","d","d",1.674578576883
103,37,10,"AA",2,"Bb",1,"cC",1,1824,2070,1,1,-1,1,-1,-1,-1,1,1,1,"D","D","d","D","d","d","d","D","D","D","D","d","d","d","d","D","d","D","D","d","d","d","D","d","d","d","d","D","D","D","d","d","D","D","d","d","d","D","d","D","D","d","d","d","d","d","d","d","D",1.08059965939448
96,37,11,"AA",2,"bB",1,"cC",1,1825,1774,1,-1,-1,-1,-1,-1,1,-1,-1,-1,"D","d","d","D","D","D","d","D","D","D","d","d","D","d","d","D","D","d","d","D","d","D","d","d","D","d","d","D","D","D","d","d","d","D","d","d","D","d","d","D","D","D","d","D","d","D","d","D","D",2.74849397665988
101,37,12,"aA",1,"bB",1,"cc",0,1875,1733,-1,1,-1,1,1,-1,-1,1,1,1,"D","D","d","D","D","d","d","D","d","d","D","d","D","D","D","D","D","D","D","d","D","d","D","d","D","d","d","D","d","D","d","d","d","D","d","d","d","D","d","D","d","D","d","D","D","D","d","D","d",-0.271419862626005
99,37,13,"AA",2,"Bb",1,"cc",0,1827,2317,-1,1,-1,1,1,-1,-1,1,-1,1,"D","d","d","D","D","D","d","d","d","d","D","d","D","D","D","d","D","D","D","D","D","d","D","d","D","d","D","D","D","d","d","D","D","D","d","D","d","D","d","D","d","d","d","d","D","d","D","d","d",-0.323142258394745
100,37,14,"aA",1,"bB",1,"cC",1,1876,1777,1,1,1,-1,-1,-1,1,-1,1,-1,"d","D","d","d","d","d","d","d","d","D","d","d","d","d","d","D","d","d","d","D","D","d","d","d","d","D","d","D","D","D","D","D","D","D","D","d","D","d","D","D","D","d","d","D","d","d","d","D","d",0.44061036087469
95,37,15,"aA",1,"bb",0,"cc",0,1829,1730,-1,-1,-1,1,1,-1,-1,-1,-1,1,"D","d","d","D","D","D","d","D","D","D","d","D","d","D","D","D","D","D","D","D","D","D","d","D","D","d","D","D","D","d","D","D","D","D","D","d","D","d","d","D","d","d","d","D","D","d","D","d","d",-0.371859296305031
93,37,16,"AA",2,"Bb",1,"cc",0,1830,2114,-1,1,-1,-1,-1,-1,-1,-1,1,-1,"d","d","D","D","d","d","d","D","D","D","D","d","d","d","D","d","D","D","d","d","D","d","D","D","d","D","D","d","d","d","d","d","d","D","d","d","D","D","D","d","D","d","D","d","D","D","D","d","D",-0.131918092932816
94,37,17,"AA",2,"BB",2,"cC",1,1879,1481,-1,-1,-1,-1,-1,1,-1,-1,-1,1,"d","d","D","D","d","d","d","D","D","d","D","d","D","d","d","D","d","d","d","D","d","D","d","d","d","d","d","D","D","d","d","d","D","D","d","D","d","D","D","D","D","D","D","d","D","d","D","D","d",0.896453245038661
100,37,18,"AA",2,"bB",1,"cc",0,1783,1732,-1,-1,1,-1,-1,1,-1,-1,1,1,"D","D","d","D","d","D","d","d","d","d","d","d","D","D","D","d","d","D","D","D","d","D","D","d","D","d","D","D","D","d","d","D","d","D","d","d","d","d","D","d","d","d","d","d","d","D","d","d","d",2.59499312497148
105,37,19,"aA",1,"bb",0,"Cc",1,1881,1643,1,-1,1,1,-1,1,1,-1,1,1,"D","D","D","d","D","d","D","d","D","D","D","D","d","D","D","D","D","D","d","D","D","D","d","d","d","d","D","D","d","D","d","d","D","D","d","d","D","D","d","d","D","d","D","D","D","D","d","D","D",1.66767284282079
95,37,20,"Aa",1,"bb",0,"cc",0,1834,1935,-1,1,-1,-1,1,1,-1,-1,1,-1,"d","D","d","d","D","D","D","D","D","d","D","D","D","D","d","d","d","D","D","D","d","D","D","D","D","d","d","D","D","d","d","D","D","d","D","d","D","D","D","D","d","d","d","d","d","D","d","d","D",-2.25215720206973
97,37,21,"aa",0,"Bb",1,"cC",1,1835,1982,-1,-1,-1,-1,-1,1,1,-1,1,1,"D","D","d","d","d","D","D","D","D","D","D","d","D","D","d","D","D","d","d","D","D","d","D","D","D","d","d","D","d","d","d","D","d","d","D","D","D","D","d","d","d","d","d","D","D","D","d","d","d",-0.657133811275828
94,37,22,"aA",1,"BB",2,"Cc",1,1885,1879,-1,-1,1,-1,-1,-1,1,-1,1,-1,"d","D","d","d","D","d","D","D","D","D","d","d","d","D","d","D","D","d","D","d","D","D","D","d","d","d","d","D","D","d","D","d","d","D","D","D","D","d","d","d","d","d","D","D","d","d","d","D","d",-1.76794361276282
103,37,23,"aA",1,"bb",0,"Cc",1,1837,1746,1,-1,1,1,-1,-1,1,1,-1,1,"D","D","D","D","D","D","d","d","d","D","d","d","D","d","D","D","D","D","D","d","D","d","d","d","d","D","D","D","d","d","D","D","D","D","d","d","d","D","D","D","D","d","d","d","D","d","d","D","D",1.74003679466993
100,37,24,"AA",2,"BB",2,"cc",0,1838,2181,-1,1,-1,1,1,1,-1,-1,1,-1,"D","d","D","d","D","d","D","D","D","D","D","d","D","D","d","d","d","D","D","D","d","D","d","d","D","d","d","D","D","d","d","d","d","d","D","D","d","d","D","d","d","D","d","D","d","d","D","D","D",0.360314244077854
101,37,25,"aA",1,"bb",0,"Cc",1,1790,1746,-1,-1,1,1,-1,-1,1,-1,1,1,"D","D","D","d","D","d","d","d","D","D","d","d","D","d","D","d","D","D","d","d","D","D","d","d","d","d","D","D","D","D","D","d","D","d","d","D","d","D","D","d","D","d","d","d","D","d","d","D","D",1.35346549787055
100,37,26,"AA",2,"BB",2,"Cc",1,1789,1838,-1,1,1,-1,-1,1,-1,-1,1,1,"D","D","d","D","d","d","d","D","D","D","d","d","d","d","D","D","D","d","D","d","D","D","d","d","D","d","d","D","D","D","d","d","d","d","d","D","D","d","d","d","d","d","D","d","D","d","D","d","d",0.734819637052506
100,37,27,"aa",0,"Bb",1,"CC",2,1792,1790,1,-1,-1,1,1,-1,1,1,-1,1,"d","D","D","D","D","d","d","D","d","d","D","d","d","d","d","d","D","D","D","d","d","D","D","D","d","d","d","d","D","D","d","d","d","D","d","D","D","D","D","D","d","d","D","d","D","d","d","d","D",-1.81433783370789
96,37,28,"aA",1,"bb",0,"Cc",1,1939,2041,-1,-1,-1,-1,-1,-1,1,-1,1,1,"d","D","D","d","D","d","D","d","D","D","d","d","d","D","d","D","D","d","d","d","D","d","D","D","d","D","d","D","D","D","d","D","d","d","d","D","d","D","D","D","d","D","D","d","d","D","d","d","d",0.573794033302546
107,37,29,"aa",0,"bB",1,"CC",2,1843,2236,1,-1,1,1,1,1,1,1,-1,1,"D","D","d","d","d","D","D","d","D","d","d","d","d","d","d","d","d","d","D","d","d","D","d","D","d","d","d","D","d","d","d","D","D","d","D","d","D","D","d","d","D","D","D","d","d","d","d","d","D",1.30257894438924
108,37,30,"aa",0,"Bb",1,"cc",0,1845,1699,1,1,1,1,1,1,-1,-1,1,1,"d","D","d","D","D","D","d","d","d","d","D","d","d","d","d","d","d","d","d","D","D","D","D","d","D","d","d","D","D","d","D","d","d","D","d","D","d","D","D","D","D","D","D","D","D","d","D","D","D",2.9011133745814
102,37,31,"aA",1,"Bb",1,"cc",0,1845,2091,1,-1,1,-1,1,1,1,1,1,1,"D","D","d","D","D","d","d","D","D","d","D","d","D","d","D","d","D","D","D","D","D","D","D","d","D","d","d","D","D","d","D","d","D","D","d","D","d","D","D","D","d","D","D","d","D","d","d","D","D",-3.75202367401352
101,37,32,"aA",1,"bb",0,"Cc",1,1896,1948,-1,-1,1,1,-1,-1,1,1,1,-1,"D","d","D","d","d","D","d","D","d","D","D","D","D","d","d","d","d","d","D","d","D","d","D","D","d","D","d","D","d","d","d","D","D","d","D","d","d","D","D","d","d","d","d","d","D","d","d","d","d",1.67304304015325
100,37,33,"AA",2,"bB",1,"CC",2,1798,1554,-1,-1,-1,1,1,1,1,1,1,-1,"d","d","D","d","D","D","D","D","d","d","D","D","d","d","d","d","d","d","D","D","D","d","D","D","D","D","d","D","D","D","d","d","D","D","D","d","D","d","D","D","D","d","d","d","D","D","d","d","D",-1.79778592123977
102,37,34,"aa",0,"bb",0,"cc",0,1847,1939,1,-1,1,-1,-1,1,-1,1,1,1,"D","d","d","D","d","D","d","D","d","d","D","d","D","D","D","D","D","d","d","D","d","d","D","D","D","d","d","D","D","d","D","d","D","D","D","d","D","D","D","D","D","d","d","d","d","D","D","D","D",0.405460054557775
97,37,35,"aA",1,"Bb",1,"cC",1,1849,36,-1,-1,-1,-1,-1,-1,1,-1,1,1,"d","D","D","d","D","d","d","D","D","D","d","d","d","D","d","D","D","D","d","D","d","d","D","d","d","D","D","D","D","d","d","D","D","D","D","D","D","D","D","d","d","d","D","D","D","D","D","d","D",1.40848918781955
100,37,36,"Aa",1,"bB",1,"cC",1,1850,1707,-1,-1,1,1,1,1,-1,-1,1,-1,"d","d","d","d","D","d","D","d","D","D","d","D","d","d","d","D","D","D","d","D","D","D","D","D","D","d","d","D","D","d","d","d","d","D","D","D","D","D","d","D","d","D","D","D","D","D","D","d","D",0.664515600202156
102,37,38,"aa",0,"Bb",1,"CC",2,1851,1999,-1,-1,-1,1,1,-1,-1,1,1,1,"D","d","d","D","d","D","D","d","d","d","d","D","D","d","D","D","d","d","d","D","d","D","d","D","d","D","d","D","d","D","d","d","D","d","D","d","d","D","D","d","d","D","D","D","d","d","d","d","d",2.16006555023817
96,37,39,"aA",1,"BB",2,"cc",0,1802,1653,-1,-1,-1,-1,-1,1,1,-1,1,-1,"d","d","d","D","d","d","d","D","d","D","d","d","d","D","D","d","D","D","d","d","d","d","d","D","D","d","D","D","D","d","d","D","D","D","d","D","d","d","d","d","d","D","d","D","D","d","d","D","D",0.435379120494605
101,37,40,"aa",0,"bb",0,"CC",2,1851,1949,-1,-1,-1,1,1,-1,-1,1,1,1,"d","d","D","D","D","D","D","d","D","d","D","D","d","d","d","d","D","d","d","d","D","D","D","d","d","D","D","D","D","d","d","D","d","D","D","d","D","D","d","D","d","d","d","d","D","d","d","d","d",1.8807364927615
102,37,41,"Aa",1,"BB",2,"cc",0,1805,1851,-1,-1,1,-1,1,1,1,-1,1,1,"D","d","d","d","D","D","D","d","D","D","d","d","D","d","d","d","D","d","d","d","D","d","D","d","d","d","d","D","D","D","d","D","d","d","D","D","d","d","D","d","d","D","D","D","d","d","d","D","d",0.0353047693121739
93,37,42,"aa",0,"bb",0,"cc",0,1855,1903,-1,1,-1,1,-1,-1,-1,-1,-1,-1,"D","d","D","D","d","d","D","D","D","D","D","d","d","d","D","D","d","D","D","d","d","D","D","D","D","d","D","D","D","d","D","D","D","D","D","D","d","D","d","d","D","D","D","d","D","d","d","D","d",-0.194448488184784
100,37,43,"Aa",1,"bb",0,"CC",2,1807,1904,-1,-1,1,1,1,-1,-1,1,1,-1,"D","d","D","d","D","d","D","d","D","D","D","d","d","D","D","d","d","d","d","d","d","D","D","D","d","D","d","D","d","d","D","D","D","D","D","D","d","D","D","D","d","d","D","d","d","D","D","D","D",0.373399102636585
92,37,44,"AA",2,"Bb",1,"Cc",1,1858,1904,-1,-1,-1,-1,1,-1,-1,1,-1,-1,"D","d","D","d","d","D","d","D","D","d","D","D","d","d","D","D","d","D","d","d","d","d","D","D","d","d","d","d","d","d","D","D","d","D","D","d","d","d","d","D","d","d","d","D","D","d","D","D","d",-1.13971113365018
97,37,45,"Aa",1,"Bb",1,"cc",0,1858,1759,1,1,-1,-1,1,-1,-1,-1,-1,1,"d","d","D","d","D","D","d","d","D","D","D","d","d","d","d","D","d","d","d","D","D","d","D","d","D","d","d","D","D","d","D","D","D","d","D","d","d","d","D","D","D","D","d","d","d","d","D","D","D",-0.177263391610673
98,37,46,"AA",2,"bb",0,"cC",1,1859,2007,-1,-1,1,1,-1,1,-1,-1,1,1,"d","D","D","D","d","D","d","d","d","D","D","D","D","D","D","d","d","d","D","D","d","d","D","D","d","D","d","d","D","d","D","D","D","d","d","D","D","d","D","D","D","D","d","D","d","d","d","d","D",-1.73371692176603
96,37,47,"AA",2,"BB",2,"cc",0,1859,1858,-1,1,-1,-1,-1,-1,-1,-1,1,1,"D","D","d","D","d","d","D","d","D","d","D","d","d","D","D","d","D","d","D","d","d","D","d","D","D","D","d","d","d","d","d","D","D","d","d","d","d","D","d","D","D","D","d","D","D","d","D","D","D",0.968288388162913
98,37,48,"aA",1,"BB",2,"Cc",1,1860,1911,-1,-1,1,-1,-1,1,-1,1,1,-1,"D","D","D","d","D","d","d","d","D","D","D","D","D","d","D","d","d","D","D","d","d","d","D","d","D","D","D","d","d","d","D","D","D","D","d","D","D","D","D","d","d","D","D","d","d","D","D","D","D",0.705720056245232
100,37,49,"aA",1,"Bb",1,"cC",1,1862,1812,1,-1,1,1,-1,-1,-1,-1,1,1,"d","D","D","d","d","d","d","D","D","D","D","D","d","d","d","d","d","D","D","d","D","D","d","d","D","D","d","D","d","D","d","d","D","D","D","D","D","D","d","D","D","d","d","d","d","d","d","D","D",0.497118101433783
101,37,50,"aa",0,"BB",2,"cc",0,1814,1515,-1,-1,1,1,1,1,-1,-1,1,1,"d","D","D","D","D","d","d","D","D","D","d","D","d","D","D","d","D","D","D","d","d","D","d","D","d","D","d","D","D","D","D","d","D","D","d","d","d","d","D","D","D","D","D","D","d","d","d","d","D",-0.795928201971875
98,38,1,"Aa",1,"Bb",1,"Cc",1,1864,1676,-1,-1,-1,-1,1,-1,1,-1,1,1,"D","D","D","d","d","D","d","D","d","D","d","d","d","d","D","D","D","D","D","d","D","D","D","d","D","d","d","D","D","d","D","D","d","d","D","d","d","d","d","d","D","D","D","D","d","D","D","d","d",0.401668178441816
102,38,2,"aA",1,"BB",2,"Cc",1,1866,2062,-1,1,1,-1,1,1,1,1,-1,-1,"D","D","d","D","d","d","D","d","D","D","d","D","d","d","D","D","d","D","D","d","d","d","d","d","d","D","d","D","D","D","D","d","D","D","d","d","d","d","D","D","D","d","D","d","D","D","d","D","d",0.0416997606088112
102,38,3,"aA",1,"bB",1,"Cc",1,1867,1767,1,-1,1,-1,1,1,-1,-1,1,1,"D","D","d","d","D","D","d","D","d","d","d","d","d","D","d","D","d","D","D","D","D","d","D","d","d","d","d","d","D","d","D","D","D","D","D","d","d","d","d","d","d","D","d","D","d","d","d","d","D",0.354327560214377
101,38,4,"aa",0,"BB",2,"CC",2,1817,2112,1,1,1,-1,-1,-1,-1,-1,1,1,"D","d","d","d","d","D","d","D","D","D","D","D","d","d","d","D","D","d","d","d","D","D","d","d","d","d","D","D","d","d","d","D","D","D","D","D","D","d","D","D","d","d","d","D","d","D","D","D","d",1.59742084616479
99,38,5,"aa",0,"BB",2,"cc",0,1819,1621,1,-1,-1,1,-1,1,1,-1,-1,1,"d","d","d","D","d","d","d","D","D","D","d","D","D","d","d","D","d","D","D","D","D","D","D","d","D","d","d","D","d","d","d","D","d","d","D","D","D","D","D","D","D","d","D","D","D","D","D","d","D",-0.698787818148396
100,38,6,"AA",2,"BB",2,"CC",2,1919,2214,-1,1,1,-1,-1,1,1,-1,1,1,"D","D","D","d","D","d","d","d","D","D","d","d","D","d","D","d","D","D","D","D","D","d","D","d","d","d","D","d","D","D","d","d","d","d","D","d","d","D","d","D","D","D","d","D","d","D","D","d","d",-1.84434271479312
103,38,7,"AA",2,"BB",2,"Cc",1,1870,2066,1,1,1,-1,1,-1,-1,-1,1,1,"D","d","d","D","d","d","D","d","D","d","D","d","d","d","D","d","D","D","D","d","D","D","d","d","d","d","d","d","d","d","D","D","D","D","d","D","d","D","D","D","d","d","d","D","D","D","d","D","d",1.13648851455892
102,38,8,"AA",2,"BB",2,"cC",1,1871,2068,1,-1,1,1,1,-1,-1,1,1,-1,"D","d","d","D","D","d","d","d","D","d","d","d","d","D","d","d","D","D","D","D","D","d","d","d","D","d","d","d","d","d","d","d","d","d","d","D","d","d","D","d","d","D","D","d","D","D","d","d","d",0.298691446473902
95,38,9,"AA",2,"Bb",1,"Cc",1,1872,1973,-1,1,-1,1,-1,-1,1,-1,1,-1,"D","D","d","D","d","D","d","D","D","d","D","D","D","d","D","D","d","D","D","D","d","d","d","d","d","D","D","D","D","d","d","D","D","D","d","D","D","d","D","d","D","d","D","D","d","D","d","d","d",-2.22563988037611
98,38,10,"Aa",1,"BB",2,"cC",1,1874,1678,1,1,1,-1,-1,-1,1,-1,1,-1,"D","D","d","D","D","d","d","D","D","D","d","d","d","D","d","d","d","d","d","D","D","D","d","d","D","d","D","D","D","d","d","d","D","d","D","D","d","d","d","D","D","D","d","D","d","D","d","D","d",-1.44307096842956
100,38,11,"AA",2,"BB",2,"cC",1,1874,1872,1,-1,-1,-1,1,-1,1,1,1,-1,"d","D","D","D","D","d","D","D","d","d","d","d","d","D","d","d","D","d","D","d","D","D","d","d","d","d","D","D","D","d","D","d","D","d","D","d","D","d","d","D","d","D","d","D","d","D","d","d","d",0.892895842676371
101,38,12,"AA",2,"bB",1,"cc",0,1875,1970,-1,-1,-1,1,1,1,1,1,-1,-1,"D","D","d","D","D","d","d","D","d","d","d","d","D","d","d","D","D","D","d","d","d","d","D","d","D","d","d","D","d","D","d","D","D","D","d","D","D","D","d","D","D","D","d","D","d","D","D","D","d",1.9836663447395
98,38,13,"Aa",1,"BB",2,"CC",2,1876,2414,-1,-1,-1,1,-1,1,-1,-1,1,1,"D","D","D","d","D","D","d","d","d","D","d","d","D","D","D","D","D","d","d","D","d","d","D","d","D","D","d","D","D","D","d","d","D","d","d","d","d","D","D","d","d","d","D","D","d","D","D","D","d",0.179950668100736
98,38,14,"aA",1,"bB",1,"Cc",1,1925,1877,1,-1,1,-1,-1,-1,-1,1,-1,1,"d","d","D","d","d","D","D","d","D","d","d","d","d","d","D","D","D","d","D","D","d","D","d","d","d","d","d","D","d","d","D","d","D","D","D","D","d","D","D","D","D","d","d","d","d","d","d","d","D",0.601939482167754
98,38,15,"Aa",1,"bB",1,"cC",1,1827,1781,1,1,-1,-1,1,-1,-1,-1,1,-1,"d","d","D","D","d","D","D","d","D","D","d","d","D","D","D","D","d","D","D","d","d","D","D","d","d","d","d","d","D","D","D","D","d","D","d","D","d","D","d","D","d","D","d","d","d","d","d","d","d",0.0277535124509726
99,38,16,"AA",2,"bB",1,"Cc",1,1927,1876,1,1,-1,1,-1,-1,-1,-1,1,1,"d","D","D","D","d","d","D","d","d","D","D","D","d","d","d","D","D","D","D","D","D","D","d","D","d","d","d","D","D","d","D","d","d","D","d","d","d","D","d","d","D","d","d","D","D","d","d","D","D",-0.327783607002004
102,38,17,"aa",0,"Bb",1,"Cc",1,1880,1835,1,-1,1,1,1,-1,1,-1,1,1,"d","D","D","D","d","d","D","d","D","D","D","D","d","d","D","d","D","D","d","D","D","d","d","d","D","D","d","D","D","d","D","D","D","d","d","D","D","D","D","d","D","d","d","D","d","D","D","d","D",-1.17665025906693
103,38,18,"Aa",1,"bb",0,"cc",0,1881,1630,1,-1,1,1,-1,-1,1,1,1,-1,"d","D","d","d","d","d","D","d","D","D","D","D","D","D","d","D","D","D","d","d","D","d","d","d","D","d","D","D","D","D","d","d","D","D","d","d","D","D","d","d","d","D","D","D","D","D","D","D","d",1.5612378903143
106,38,19,"Aa",1,"BB",2,"Cc",1,1881,1586,1,-1,1,-1,-1,1,1,1,1,1,"d","D","d","D","d","d","D","D","d","D","D","D","D","D","D","D","d","D","d","D","d","D","D","d","d","d","d","d","D","D","d","d","d","D","D","d","D","D","D","d","d","D","D","D","D","D","d","D","D",2.40908704634853
98,38,20,"aa",0,"Bb",1,"cc",0,1883,1878,-1,1,-1,-1,-1,-1,1,-1,-1,1,"d","d","d","D","d","d","d","d","d","D","d","d","D","d","d","D","D","D","d","d","D","d","d","d","d","d","d","d","D","d","d","D","d","D","D","D","d","d","D","d","D","D","D","D","d","d","d","D","D",2.08657103434849
97,38,21,"Aa",1,"BB",2,"cc",0,1884,1785,1,-1,-1,-1,-1,-1,-1,-1,1,1,"d","D","d","d","D","d","d","d","d","D","d","d","D","d","d","D","d","D","d","d","d","D","D","d","d","D","d","D","d","d","d","D","d","d","d","d","d","D","D","D","D","d","D","D","D","d","d","D","d",1.19377519671106
97,38,22,"Aa",1,"bB",1,"cC",1,1836,1785,1,-1,-1,-1,1,-1,1,-1,-1,1,"D","D","d","D","D","D","d","D","D","d","d","d","d","D","d","D","d","D","d","d","d","d","D","d","D","d","D","D","d","d","d","d","D","d","d","D","d","d","d","D","D","d","D","D","D","D","d","d","d",-0.0173115135099308
100,38,23,"AA",2,"bb",0,"Cc",1,1886,1882,1,-1,1,-1,-1,-1,1,-1,1,1,"d","d","D","D","d","D","D","d","D","D","D","d","D","d","D","d","D","D","D","D","D","D","D","d","D","d","d","D","D","d","D","d","D","D","D","d","d","d","D","d","D","D","d","D","d","d","d","d","d",0.245740964744705
101,38,24,"aA",1,"BB",2,"cC",1,1887,1886,1,-1,1,1,1,-1,1,-1,1,-1,"D","d","D","d","D","D","D","D","D","d","D","D","d","d","d","D","d","d","d","d","D","D","D","D","d","d","d","D","D","D","d","D","d","d","d","D","d","D","d","D","d","D","D","d","d","d","d","D","d",-0.362320732918026
105,38,25,"aa",0,"bB",1,"CC",2,1888,1448,1,1,-1,1,1,1,1,-1,1,1,"d","D","d","D","D","D","d","D","d","D","d","d","d","D","D","D","D","D","D","D","d","d","d","d","d","D","d","D","d","d","d","d","D","d","d","D","D","D","D","d","d","D","D","d","d","D","d","d","D",-0.0299439594183032
96,38,26,"aa",0,"bb",0,"cC",1,1889,1799,-1,-1,1,-1,1,1,-1,-1,-1,-1,"d","d","d","D","D","d","D","D","D","D","d","D","D","D","D","D","D","D","D","d","d","d","D","d","d","d","D","D","d","D","d","d","D","D","d","D","D","D","d","d","d","d","d","d","D","d","d","d","d",0.464735956213914
93,38,27,"Aa",1,"bb",0,"Cc",1,1890,2336,-1,-1,1,-1,1,-1,-1,-1,1,-1,"d","D","D","d","d","d","D","d","D","d","D","D","D","d","D","D","D","D","D","D","D","D","d","D","D","d","D","d","D","D","d","d","D","D","d","D","d","D","D","d","D","d","D","D","d","D","d","D","D",-2.03657650540366
99,38,28,"aa",0,"Bb",1,"cC",1,1891,1599,-1,-1,1,-1,1,-1,-1,1,1,1,"d","D","d","D","D","d","D","d","D","d","D","d","D","D","D","d","d","d","d","D","D","d","D","D","d","D","d","D","D","d","d","d","d","D","D","D","D","d","D","d","D","D","D","D","d","d","d","D","D",-0.0616430986285424
104,38,29,"AA",2,"bb",0,"CC",2,1941,2387,1,-1,-1,1,1,1,-1,1,1,1,"d","d","D","D","D","D","d","D","D","d","D","d","d","d","d","d","d","D","d","D","d","d","D","d","d","D","D","d","D","d","D","D","D","D","D","D","D","d","d","D","D","d","d","d","D","d","d","D","D",0.296399315633966
101,38,30,"aa",0,"BB",2,"Cc",1,1845,1893,1,1,1,-1,1,-1,1,-1,-1,1,"d","D","d","D","D","d","D","d","d","d","d","d","d","d","d","d","d","D","D","D","D","D","D","d","d","d","D","D","d","d","d","d","d","d","d","D","D","D","d","d","D","D","D","d","D","d","D","D","d",-0.556454757364946
103,38,31,"Aa",1,"BB",2,"cc",0,1943,1887,-1,-1,1,1,-1,1,-1,1,1,1,"D","D","D","d","D","D","D","D","d","d","D","D","D","D","d","d","D","d","D","d","d","d","D","d","D","D","D","D","D","d","D","d","d","d","d","D","D","d","d","d","D","D","D","d","d","d","d","D","D",1.74146188400821
97,38,32,"aA",1,"Bb",1,"cc",0,1895,2187,1,1,-1,-1,-1,1,-1,-1,-1,-1,"D","d","D","d","D","D","D","d","D","d","D","d","D","D","D","d","d","d","d","d","d","d","d","d","d","d","d","D","D","d","d","d","d","D","d","D","D","d","d","d","D","d","D","D","d","D","d","D","d",1.94438883239425
97,38,33,"AA",2,"BB",2,"Cc",1,1946,1845,-1,1,-1,-1,-1,1,1,-1,1,-1,"d","d","D","d","D","D","d","D","d","d","d","D","d","d","d","d","d","D","d","D","D","D","D","d","d","d","d","d","D","d","d","D","d","D","D","d","D","d","D","d","d","D","D","D","D","D","d","D","d",-0.796109794087623
105,38,34,"aA",1,"bb",0,"Cc",1,1898,37,1,-1,1,1,-1,1,1,1,-1,1,"D","D","d","D","D","d","D","D","d","d","D","d","d","D","d","D","d","D","d","D","D","D","D","d","d","D","D","d","D","d","d","d","d","D","D","D","D","d","D","D","d","d","d","d","d","D","d","d","D",1.09783643055723
92,38,35,"aA",1,"bb",0,"cc",0,1996,2191,-1,-1,-1,1,-1,-1,-1,-1,-1,-1,"D","d","d","D","D","d","D","d","d","D","D","d","d","d","d","d","D","d","D","D","d","D","d","D","D","d","d","D","D","D","d","D","D","d","d","D","D","d","d","d","D","D","d","D","D","D","D","D","d",0.201532837923609
102,38,36,"AA",2,"bB",1,"Cc",1,1948,2048,-1,-1,1,-1,-1,1,1,1,1,1,"D","d","d","D","d","D","D","d","d","D","d","d","D","d","d","d","d","D","D","d","D","D","d","d","d","d","d","d","D","d","d","D","D","D","D","d","d","D","D","d","D","d","d","D","d","d","d","D","D",0.512465787816105
103,38,37,"Aa",1,"bB",1,"cc",0,1900,1557,-1,-1,1,-1,1,1,-1,1,1,1,"D","d","D","d","D","D","d","D","d","D","D","d","D","D","D","d","D","d","D","D","d","d","D","d","d","d","d","d","D","d","D","d","D","D","D","D","D","d","d","d","d","d","d","d","D","d","d","D","D",1.17009647693412
100,38,39,"aa",0,"BB",2,"cc",0,1901,1851,-1,-1,1,-1,1,1,1,-1,1,1,"D","d","d","D","D","d","D","d","D","D","d","D","D","d","d","D","d","D","d","D","D","d","D","d","D","d","d","D","D","d","d","d","d","d","D","d","D","d","D","d","D","D","d","D","D","d","d","D","d",-1.13126136893521
96,38,40,"aa",0,"bB",1,"Cc",1,1902,1808,-1,-1,-1,-1,-1,1,1,1,-1,-1,"d","d","D","d","D","D","D","D","d","D","d","D","D","d","D","d","D","d","d","d","D","D","D","D","D","d","d","D","d","D","d","D","d","d","D","D","D","D","d","d","D","d","d","D","D","D","d","D","D",0.0519833657972373
102,38,41,"aA",1,"Bb",1,"CC",2,1856,1457,-1,-1,-1,1,1,1,1,-1,-1,1,"D","D","d","d","D","D","D","D","D","d","D","D","D","D","D","d","D","D","D","d","D","D","d","D","D","D","D","D","d","d","D","D","d","D","d","d","D","d","D","d","d","d","D","D","D","d","D","d","d",2.34864615555823
96,38,42,"aa",0,"BB",2,"CC",2,1855,2000,1,-1,-1,1,-1,-1,-1,-1,-1,1,"D","d","D","D","D","d","D","d","D","D","D","d","D","D","D","d","D","D","d","d","D","D","d","d","d","D","D","D","D","d","D","d","D","d","D","D","D","D","d","d","D","D","d","d","D","d","D","D","D",0.448235941760787
95,38,43,"aa",0,"bB",1,"Cc",1,1904,1954,1,-1,-1,-1,-1,1,1,1,-1,-1,"d","D","D","D","D","d","D","D","d","D","D","d","D","D","d","d","d","d","d","d","D","D","D","d","D","d","d","d","d","D","D","D","D","D","D","d","d","D","D","d","d","D","d","D","D","D","D","d","D",-2.11887927317206
99,38,44,"AA",2,"bb",0,"cC",1,1906,2340,1,-1,1,-1,1,1,-1,-1,1,-1,"D","D","D","D","D","d","d","D","d","D","D","d","D","D","D","d","d","D","D","d","D","d","d","d","d","D","D","D","D","d","d","d","D","D","d","D","d","D","d","D","d","d","d","D","D","d","d","D","D",-0.824012489516074
102,38,45,"AA",2,"BB",2,"CC",2,1907,1907,1,1,1,1,-1,-1,-1,-1,1,1,"D","d","d","d","d","d","d","D","D","D","D","D","d","d","d","D","D","D","D","d","d","D","D","d","d","D","d","D","D","d","d","d","d","D","d","D","d","D","D","D","D","D","D","d","D","d","d","d","d",0.18907953452592
99,38,46,"aA",1,"BB",2,"Cc",1,1910,1849,1,-1,-1,-1,-1,-1,-1,1,1,1,"d","d","D","d","d","D","d","D","d","d","D","d","d","D","D","d","d","D","D","D","d","D","d","D","d","d","D","d","D","d","d","D","d","D","D","d","d","D","d","d","D","d","d","D","d","d","d","d","d",1.64026683309915
98,38,47,"aA",1,"bB",1,"Cc",1,1909,1662,-1,1,-1,-1,-1,1,1,-1,1,1,"d","d","d","D","D","d","d","D","D","D","d","d","D","d","D","D","d","d","d","D","d","D","D","D","D","d","D","d","d","D","d","D","D","d","d","d","D","D","D","D","d","D","D","d","D","d","d","d","d",-1.1111029854007
99,38,48,"aA",1,"bB",1,"CC",2,1910,1667,1,1,-1,1,-1,-1,-1,1,-1,1,"D","d","D","D","D","d","D","D","d","d","d","d","D","D","d","d","d","d","D","d","d","D","D","D","D","d","d","D","D","d","D","D","D","D","d","d","d","D","D","d","D","d","D","D","d","d","d","d","D",-0.132179678674761
102,38,49,"AA",2,"Bb",1,"cc",0,1911,1715,1,1,-1,1,-1,1,1,-1,-1,-1,"D","D","D","D","d","D","D","D","D","D","d","D","d","D","D","d","d","D","d","d","d","d","D","D","D","d","d","D","D","D","D","D","d","d","D","D","D","D","D","D","D","d","d","d","D","D","d","D","d",2.04877089681091
103,38,50,"AA",2,"bB",1,"cC",1,1912,1961,1,-1,1,1,-1,-1,-1,1,1,1,"D","d","D","D","d","D","d","D","d","d","D","D","d","d","D","D","D","D","d","D","d","D","D","d","D","D","d","D","D","D","D","d","D","d","D","D","d","D","D","d","D","d","d","d","D","d","d","D","D",1.74221744888933
105,39,1,"aa",0,"bB",1,"cc",0,1865,1525,1,1,-1,1,-1,1,-1,1,1,1,"d","d","d","d","d","D","d","D","D","D","D","d","d","d","d","D","d","D","D","d","D","d","d","D","D","D","D","D","D","d","D","D","d","d","D","d","d","D","d","D","D","d","D","d","D","d","d","d","D",1.59459961941407
101,39,2,"AA",2,"bb",0,"Cc",1,1914,2264,-1,1,-1,1,-1,1,-1,1,1,1,"d","d","d","d","d","D","d","D","d","D","D","d","d","d","D","d","D","D","D","D","d","D","D","d","d","D","d","D","d","d","d","d","d","D","d","D","d","D","D","D","D","D","D","D","D","D","d","D","d",-0.549260573042835
97,39,3,"AA",2,"Bb",1,"Cc",1,1916,2110,-1,1,-1,1,1,-1,-1,-1,1,-1,"d","d","d","d","D","d","D","d","D","d","d","d","d","d","d","d","D","D","D","D","d","D","d","d","D","D","d","d","d","D","D","D","D","D","d","d","d","D","D","d","D","D","d","d","d","D","D","d","d",-0.92201399496611
101,39,4,"aA",1,"Bb",1,"cc",0,1915,2116,-1,1,1,1,1,-1,1,1,-1,-1,"d","D","D","D","D","D","d","D","D","D","d","d","d","d","d","D","D","D","D","d","D","D","D","D","d","d","D","D","d","d","d","D","d","D","D","D","d","D","D","D","d","D","D","D","d","D","d","d","D",-0.517318465803893
101,39,5,"AA",2,"bB",1,"Cc",1,1917,1779,-1,-1,1,-1,-1,1,-1,1,1,1,"D","d","d","d","d","D","D","d","D","d","D","d","d","d","D","d","d","D","d","D","d","D","D","d","D","D","d","D","d","d","D","d","d","D","d","d","D","D","d","d","d","d","d","D","D","D","D","D","d",1.3027701385244
99,39,6,"AA",2,"BB",2,"cc",0,1820,1970,-1,-1,-1,-1,-1,1,1,-1,-1,1,"D","d","d","D","D","D","d","d","D","D","d","D","D","d","D","D","D","D","d","D","d","D","D","d","D","D","D","d","d","D","D","D","d","d","d","D","D","d","d","d","D","D","d","D","D","D","D","D","D",3.04493438041912
98,39,7,"aA",1,"BB",2,"Cc",1,1919,1478,-1,1,1,-1,-1,-1,1,1,-1,1,"D","D","d","d","d","d","D","d","d","D","D","d","d","D","d","D","d","D","D","d","D","d","d","d","d","d","D","D","D","D","d","d","d","d","d","D","d","D","D","D","D","d","d","d","d","D","d","d","d",-1.60023266543725
95,39,8,"AA",2,"BB",2,"Cc",1,1824,1775,1,-1,-1,-1,-1,-1,-1,-1,1,1,"d","D","d","d","D","d","d","D","d","D","D","d","D","d","D","d","d","D","D","d","D","d","D","d","d","D","d","D","d","D","d","d","D","D","d","D","d","D","D","D","D","d","D","d","d","d","d","d","D",-0.794144069558121
100,39,9,"Aa",1,"BB",2,"cc",0,1921,1531,-1,-1,-1,-1,1,1,1,-1,1,1,"d","d","d","D","d","D","d","d","d","d","D","D","D","D","d","D","d","d","d","d","d","d","d","D","D","D","D","d","D","D","D","d","d","d","D","d","d","d","D","D","d","d","D","d","D","D","d","d","d",0.512603209940369
99,39,10,"aa",0,"Bb",1,"CC",2,1924,1924,-1,1,1,-1,-1,-1,1,1,1,-1,"d","d","d","d","D","d","D","D","D","d","d","D","d","d","d","D","D","D","D","D","D","d","d","d","D","d","d","D","D","d","d","d","D","D","D","D","D","D","D","d","d","D","D","D","D","D","D","d","d",-0.389343519392798
97,39,11,"aA",1,"Bb",1,"Cc",1,1924,1877,-1,-1,-1,-1,1,-1,-1,1,1,1,"d","d","D","d","d","D","D","D","d","D","d","d","d","d","D","D","D","D","D","D","d","d","d","d","d","d","D","D","D","d","d","D","D","d","D","D","d","D","D","d","d","d","d","D","d","D","d","d","D",-0.479239835921787
96,39,12,"AA",2,"BB",2,"CC",2,1972,1876,-1,1,-1,-1,-1,-1,-1,-1,-1,1,"d","d","D","D","D","d","D","D","d","D","D","d","d","d","D","D","D","d","D","D","D","D","d","d","d","D","d","D","d","d","D","d","d","d","d","D","d","D","d","d","D","d","d","d","D","D","d","d","D",2.01158531637243
94,39,13,"aA",1,"Bb",1,"Cc",1,1924,1623,-1,-1,-1,1,-1,-1,-1,-1,-1,1,"D","d","d","D","D","D","d","D","D","d","D","D","D","d","d","D","D","D","d","d","D","d","d","D","d","d","D","D","D","d","d","d","D","D","d","D","d","D","D","d","d","d","d","D","d","D","D","d","d",0.649816257510613
100,39,14,"aa",0,"bB",1,"cC",1,1926,1769,-1,1,1,1,-1,1,-1,1,1,-1,"d","d","D","d","D","D","D","d","D","D","d","d","D","D","d","D","d","D","D","D","d","D","D","D","d","d","D","D","D","d","d","D","d","d","d","D","D","D","D","D","D","d","d","d","d","d","d","d","d",-1.15459798659867
96,39,15,"aa",0,"BB",2,"cC",1,1878,1885,-1,-1,-1,1,-1,-1,-1,1,1,-1,"D","d","D","d","D","d","d","d","d","d","D","D","d","D","D","D","D","d","d","D","d","d","d","d","d","D","d","D","D","d","d","d","d","D","d","d","D","D","d","D","d","D","D","d","d","d","d","d","D",0.0445437273456396
99,39,16,"aA",1,"Bb",1,"cc",0,1927,2025,1,1,-1,-1,-1,-1,1,-1,1,1,"d","D","D","D","D","d","D","d","D","d","D","d","D","D","d","D","D","D","D","D","D","D","D","d","d","d","d","D","D","d","D","d","D","d","D","d","d","d","D","d","d","d","d","D","D","d","D","d","D",-0.81661030986822
104,39,17,"Aa",1,"BB",2,"Cc",1,1929,1980,1,1,1,1,-1,1,-1,-1,1,1,"D","D","D","D","d","d","d","d","d","D","D","D","D","D","D","D","D","d","d","D","d","D","d","d","D","d","d","D","d","d","d","d","d","D","D","d","D","d","d","D","D","d","d","d","D","d","D","d","D",0.326866266343443
95,39,18,"Aa",1,"BB",2,"Cc",1,1930,2174,-1,-1,-1,1,-1,-1,1,-1,-1,-1,"d","D","D","D","D","d","D","D","d","d","d","D","D","D","d","d","d","D","D","d","d","d","D","d","d","D","d","D","d","D","d","D","D","d","d","d","d","d","D","d","d","D","d","D","d","d","d","d","d",1.56449688563859
94,39,19,"aa",0,"Bb",1,"CC",2,1932,1932,1,1,-1,1,-1,-1,-1,1,-1,-1,"D","d","d","d","D","d","d","D","D","d","d","d","d","d","d","D","d","d","d","d","d","D","d","d","D","d","d","D","D","D","d","d","d","D","D","d","d","D","D","d","d","d","d","D","d","d","d","d","d",-3.23566912388159
92,39,20,"aA",1,"Bb",1,"cC",1,1933,1886,-1,-1,1,1,-1,-1,-1,1,-1,-1,"D","D","D","d","D","D","d","d","D","d","D","d","d","D","D","d","D","d","d","d","d","d","D","D","d","D","d","D","D","D","d","D","D","D","d","D","d","d","d","d","d","D","D","d","D","D","D","D","d",-3.5992226547404
94,39,21,"aa",0,"bB",1,"cC",1,1983,1985,-1,-1,-1,-1,-1,-1,-1,-1,1,1,"D","D","D","d","D","d","d","D","D","D","d","d","D","D","D","d","d","D","D","D","d","d","D","D","d","d","D","D","D","d","d","D","D","d","d","D","D","D","d","d","D","d","D","D","d","D","D","D","d",0.955054965974447
94,39,22,"AA",2,"bB",1,"CC",2,1935,2329,-1,-1,-1,-1,-1,-1,-1,1,-1,1,"d","d","D","D","d","D","D","D","d","D","D","d","d","d","d","D","d","d","D","d","d","D","D","D","d","d","d","D","d","d","D","d","d","D","d","D","d","D","D","d","D","D","D","d","D","d","d","D","D",0.306344061939812
101,39,23,"aa",0,"bB",1,"CC",2,1935,1885,-1,1,-1,1,1,-1,-1,1,1,-1,"d","d","D","D","d","D","d","D","D","D","d","d","d","d","D","d","d","d","d","d","d","D","d","D","d","d","d","D","D","d","d","d","d","d","d","D","D","D","d","d","D","D","D","d","d","d","d","D","D",1.5178631643786
97,39,24,"aa",0,"BB",2,"cC",1,2034,2137,-1,-1,-1,-1,1,1,-1,1,-1,1,"D","D","d","D","D","D","D","d","d","d","D","D","D","D","d","d","D","d","D","d","D","D","D","d","d","d","d","D","D","d","D","D","d","d","d","d","D","D","D","D","D","d","d","d","D","d","d","D","d",-0.700730585214216
97,39,25,"aa",0,"BB",2,"cC",1,1986,2233,-1,-1,-1,1,-1,1,-1,-1,1,1,"d","D","d","d","D","d","d","d","d","D","D","D","d","D","D","D","D","d","d","D","d","D","d","D","d","D","d","D","d","D","d","D","d","d","d","D","D","d","D","D","D","d","d","d","d","d","d","D","D",-0.623915607530035
97,39,26,"Aa",1,"BB",2,"cc",0,1987,1986,1,-1,-1,-1,1,-1,-1,-1,1,1,"D","d","D","D","d","d","d","D","d","d","d","D","D","D","D","d","D","D","d","d","D","D","D","D","D","d","D","d","D","d","D","d","D","D","d","D","D","D","d","d","D","d","d","D","D","D","d","D","D",-0.799252361443464
100,39,27,"aA",1,"bb",0,"CC",2,1939,2036,-1,-1,1,-1,1,1,-1,-1,1,1,"D","D","D","d","d","d","d","D","D","D","D","D","D","D","d","D","D","D","D","d","D","D","d","D","d","d","d","D","D","d","D","D","d","d","d","D","d","D","d","D","d","D","D","d","d","D","d","d","D",0.3700843127451
100,39,28,"aA",1,"Bb",1,"cC",1,1940,2038,-1,-1,-1,1,-1,1,1,1,-1,1,"d","D","d","D","D","d","d","d","d","d","d","D","D","D","d","d","D","d","d","D","d","D","D","d","d","d","d","D","d","D","d","d","d","d","d","d","D","D","d","d","D","D","d","d","D","d","D","d","d",0.197117498121984
95,39,29,"aA",1,"Bb",1,"cc",0,1941,1997,-1,-1,-1,-1,-1,1,-1,1,-1,-1,"d","d","d","D","d","d","d","D","D","d","d","d","D","d","d","d","d","d","D","D","d","d","d","d","d","D","D","d","d","d","D","D","D","D","D","D","d","d","D","D","D","d","D","D","D","d","D","D","D",1.0050210851489
98,39,30,"AA",2,"bb",0,"cc",0,1990,1407,1,-1,1,1,1,-1,-1,-1,-1,1,"D","D","D","D","D","d","d","d","d","d","D","d","d","d","D","d","D","d","D","D","D","D","D","d","D","d","D","d","D","D","d","D","D","D","d","d","d","D","D","d","d","D","D","D","d","d","d","D","d",-1.86258493245193
105,39,31,"aA",1,"Bb",1,"cc",0,1892,1797,1,1,1,1,1,1,-1,1,1,-1,"D","D","d","d","D","d","d","d","D","d","d","D","d","d","D","d","d","d","D","d","d","D","d","d","d","D","d","D","d","d","D","d","D","d","d","D","d","D","d","D","d","D","D","D","D","d","D","d","D",-0.136059349101756
102,39,32,"aa",0,"Bb",1,"cc",0,1944,2140,1,1,-1,1,-1,-1,-1,1,1,-1,"D","D","D","D","D","d","D","D","D","D","d","D","d","D","D","d","D","d","d","d","D","D","D","D","D","d","d","d","D","d","d","D","D","D","D","D","d","D","D","d","d","D","D","d","D","D","d","D","d",2.74671179470264
101,39,33,"Aa",1,"bB",1,"cc",0,2041,2132,-1,-1,-1,1,1,-1,1,1,1,1,"d","D","D","d","D","D","D","D","D","d","d","d","d","D","D","d","D","d","d","D","D","D","D","d","d","d","d","D","d","d","d","D","D","d","d","D","D","D","D","d","d","D","D","d","d","D","d","d","D",-0.626942327635209
97,39,34,"Aa",1,"bB",1,"CC",2,1946,1896,-1,-1,-1,-1,-1,-1,1,1,1,1,"D","d","d","D","d","D","D","D","D","d","D","D","D","D","d","d","d","D","d","d","d","d","d","D","D","d","D","D","D","d","d","D","D","D","d","D","d","D","d","D","d","D","d","D","d","D","d","d","d",-0.897005364247188
89,39,35,"AA",2,"bb",0,"cc",0,1996,2041,-1,-1,-1,-1,-1,-1,-1,-1,-1,1,"d","d","D","D","d","d","D","d","d","d","D","d","d","d","d","d","d","d","d","d","d","D","D","D","d","d","d","D","D","d","d","D","d","d","D","d","D","d","D","D","d","D","D","D","d","d","D","D","d",-2.2067856669718
93,39,36,"AA",2,"bb",0,"CC",2,1946,1946,-1,-1,1,-1,-1,-1,1,1,-1,-1,"d","d","d","D","D","d","D","D","D","d","d","D","D","D","d","D","d","D","D","d","D","D","D","d","D","d","d","D","d","d","D","D","D","D","D","d","D","D","D","D","d","D","D","D","D","D","D","D","d",-2.76887596277501
97,39,37,"aA",1,"bb",0,"CC",2,1949,2244,-1,-1,1,-1,-1,-1,1,1,-1,-1,"D","D","D","D","D","D","D","D","D","D","d","d","d","d","d","D","d","D","D","D","d","D","d","d","d","D","d","d","d","d","D","D","D","d","d","D","D","d","D","d","d","d","D","D","d","d","d","d","d",1.9756814153462
103,39,38,"aa",0,"BB",2,"cc",0,1950,2096,-1,-1,1,1,1,-1,-1,1,1,1,"d","d","D","D","D","D","D","D","D","d","D","D","d","D","D","d","D","D","d","D","D","d","d","d","D","D","d","D","D","d","D","D","D","D","D","D","D","d","d","d","d","D","d","d","D","d","d","d","d",1.66957322756064
101,39,40,"Aa",1,"BB",2,"CC",2,1951,1851,-1,-1,-1,-1,1,1,1,-1,1,1,"d","D","D","D","D","d","D","d","d","D","d","d","D","d","D","d","d","D","d","D","d","D","D","D","d","d","D","d","D","d","d","D","d","d","d","d","D","D","D","d","D","d","d","d","d","D","d","d","D",1.82506314639997
103,39,41,"aa",0,"Bb",1,"cC",1,1952,2148,-1,1,-1,1,1,1,1,-1,1,-1,"D","d","d","D","d","D","D","d","D","d","D","D","D","D","D","D","D","d","D","d","d","D","d","D","d","d","d","d","D","d","d","d","d","d","D","d","D","d","d","d","D","d","D","D","D","d","D","D","d",1.44477663935136
97,39,42,"Aa",1,"bb",0,"Cc",1,1953,1903,-1,1,1,1,-1,-1,1,-1,1,-1,"D","D","d","d","d","d","D","D","D","D","d","D","D","D","D","d","d","D","d","d","d","d","D","d","D","d","D","d","D","d","D","D","D","d","D","d","d","d","d","d","D","D","D","D","D","D","d","D","D",-2.54788423216718
97,39,43,"Aa",1,"bB",1,"CC",2,1953,1707,-1,-1,1,1,-1,-1,-1,1,1,-1,"d","d","d","d","D","D","D","D","d","d","d","d","D","D","D","d","D","D","d","d","D","d","D","d","D","d","d","d","D","d","D","D","d","d","D","d","D","D","d","d","d","D","D","D","d","D","D","D","D",-0.599656123804109
102,39,44,"AA",2,"BB",2,"CC",2,1954,1957,-1,1,-1,1,1,1,1,1,-1,-1,"D","D","D","D","d","d","d","D","d","D","d","D","D","d","D","D","D","d","d","D","D","D","D","D","d","d","d","d","D","d","D","d","d","D","d","d","D","d","D","d","d","d","D","D","D","D","d","d","D",0.745854404613636
105,39,45,"Aa",1,"Bb",1,"CC",2,1907,1568,1,1,1,1,-1,1,-1,-1,1,1,"D","d","d","d","d","D","D","D","D","D","D","d","D","d","D","D","d","d","D","d","D","D","d","d","d","D","d","d","D","d","D","d","D","d","d","d","D","D","d","d","d","D","d","d","d","D","d","d","d",1.91897126050271
100,39,46,"AA",2,"BB",2,"Cc",1,2006,1713,-1,-1,1,1,1,1,1,-1,-1,-1,"d","D","D","D","D","d","d","D","D","D","D","D","D","D","D","D","d","d","D","d","D","D","D","d","d","D","d","D","D","D","d","D","D","d","D","d","D","D","d","d","D","D","d","d","D","D","d","d","D",0.65712403998306
106,39,47,"aa",0,"Bb",1,"cc",0,1957,1906,1,1,1,1,1,1,1,-1,1,1,"D","D","d","d","D","d","d","d","d","d","D","D","d","D","D","d","d","d","D","D","D","D","d","d","d","d","d","D","d","d","D","D","D","d","D","d","D","D","d","d","D","D","d","D","D","d","d","D","d",-1.76049984139721
101,39,48,"aa",0,"bb",0,"cc",0,1910,2003,-1,-1,-1,-1,-1,1,1,1,1,1,"D","d","D","D","d","D","D","D","D","d","d","d","D","D","D","d","d","d","D","D","d","D","D","D","D","d","d","d","d","d","d","D","d","D","D","D","d","D","d","d","d","d","d","D","D","d","d","d","D",1.14116074339706
99,39,49,"Aa",1,"bb",0,"CC",2,1861,2304,-1,-1,1,-1,1,-1,-1,-1,1,1,"d","d","D","d","D","D","D","D","d","d","D","d","d","d","D","d","D","D","D","D","d","D","D","D","D","D","d","d","d","d","d","D","D","d","d","D","d","D","D","d","d","D","D","d","D","D","D","D","D",1.29732064479982
102,39,50,"aA",1,"Bb",1,"CC",2,1961,2007,-1,-1,1,1,-1,-1,-1,1,1,1,"d","D","d","d","d","D","d","d","d","D","D","d","D","D","D","d","d","d","D","d","d","D","d","d","D","d","d","D","D","D","d","D","D","d","d","d","D","d","D","d","D","D","d","D","d","d","d","D","D",2.0624801457816
94,40,1,"aA",1,"BB",2,"cC",1,1962,1916,-1,-1,-1,1,-1,-1,-1,-1,-1,-1,"d","d","d","d","D","d","d","D","d","d","d","D","d","D","d","d","d","d","D","D","d","D","D","D","D","d","D","D","D","D","D","D","D","d","D","D","d","D","D","d","d","d","D","d","D","D","D","d","d",2.60901866772504
105,40,2,"AA",2,"Bb",1,"CC",2,1963,1917,1,1,-1,1,1,1,-1,-1,-1,1,"d","D","d","D","d","D","d","D","d","d","d","D","d","D","d","d","d","D","D","d","D","d","D","D","D","D","D","D","D","d","d","D","d","d","D","d","D","D","D","d","D","D","d","d","D","D","D","D","D",3.0094127662334
103,40,3,"Aa",1,"Bb",1,"cC",1,2014,2267,1,1,1,-1,-1,-1,1,1,1,1,"D","d","D","d","D","D","d","D","d","D","d","D","d","D","D","D","d","D","d","d","d","d","D","d","D","d","d","d","d","D","d","D","D","D","D","d","d","D","d","d","D","d","d","D","d","D","D","D","d",-0.822825264152529
99,40,4,"Aa",1,"BB",2,"CC",2,1967,1476,-1,-1,1,-1,-1,1,1,-1,1,1,"d","d","D","d","D","D","D","d","d","D","D","d","D","d","d","D","D","d","D","d","D","d","d","D","d","d","D","D","d","D","d","d","d","D","d","d","D","d","D","D","d","D","d","D","D","D","d","D","d",-0.878261756379693
94,40,5,"AA",2,"Bb",1,"CC",2,1917,1964,-1,-1,1,-1,-1,-1,-1,-1,1,-1,"d","d","D","d","D","d","d","D","d","D","D","d","D","d","d","d","d","D","d","D","D","D","D","d","d","D","d","D","D","d","d","d","D","D","D","d","D","D","D","D","D","d","d","D","D","D","D","d","d",0.464304756951627
99,40,6,"aa",0,"BB",2,"Cc",1,1918,2256,-1,-1,1,1,-1,-1,-1,1,1,1,"D","D","d","D","d","d","d","d","D","d","d","d","d","D","D","d","d","d","d","D","d","d","d","d","D","d","d","D","d","d","d","d","d","D","D","D","d","D","D","D","D","d","D","d","D","D","D","D","d",-0.920541557039923
103,40,7,"AA",2,"bB",1,"cc",0,1968,1866,-1,-1,1,1,1,1,1,1,1,-1,"d","D","d","d","D","D","D","d","d","d","D","D","D","d","d","D","D","D","D","D","d","d","D","d","d","d","d","D","D","d","D","D","d","d","d","D","d","d","d","d","D","D","d","D","d","D","d","d","D",-0.736366758885231
105,40,8,"aA",1,"BB",2,"Cc",1,2068,1968,1,-1,-1,1,1,1,1,1,-1,1,"D","d","D","D","d","d","D","D","d","d","d","d","D","d","d","D","D","D","d","d","D","d","d","d","d","D","d","d","D","d","D","d","d","d","D","d","d","D","d","d","d","D","D","D","d","d","D","d","d",1.36125096563746
99,40,9,"AA",2,"BB",2,"cc",0,2018,2066,-1,1,1,1,-1,-1,-1,-1,-1,1,"D","D","d","d","D","D","d","D","D","D","d","d","d","D","D","d","d","d","D","D","d","d","d","d","d","D","D","D","D","D","D","D","d","D","d","d","D","D","D","D","D","D","d","D","D","d","d","D","d",1.96099367909572
100,40,10,"aa",0,"Bb",1,"cC",1,1971,2122,1,-1,-1,-1,1,1,1,1,1,-1,"D","D","d","d","D","d","d","d","D","D","d","D","D","D","d","d","d","D","D","D","d","D","d","D","d","d","d","D","D","d","d","d","D","d","d","d","d","d","D","d","D","d","d","D","D","D","d","d","D",-1.84223762528345
96,40,11,"AA",2,"BB",2,"CC",2,1972,1678,-1,-1,-1,-1,-1,-1,1,-1,1,-1,"d","D","d","d","d","d","d","D","D","D","D","d","d","d","d","D","D","d","D","D","D","D","d","d","D","d","d","D","D","D","d","d","D","d","d","D","d","D","d","D","d","D","D","d","d","d","d","d","d",2.02437549104777
97,40,12,"aa",0,"BB",2,"CC",2,1973,2417,1,-1,-1,1,-1,-1,1,1,-1,1,"d","D","D","d","D","d","D","D","D","D","D","D","D","D","d","D","D","D","D","d","D","d","d","d","D","D","d","D","D","D","D","d","D","d","D","D","D","D","D","D","d","D","d","d","d","d","D","d","d",-2.89006824914639
101,40,13,"aA",1,"Bb",1,"cc",0,1974,2225,-1,-1,1,1,-1,1,-1,-1,1,1,"D","D","D","D","D","D","d","D","d","d","D","D","D","d","D","d","d","D","d","D","d","d","D","d","d","d","d","d","D","d","D","d","d","D","d","D","d","d","D","D","D","d","D","d","D","D","d","D","D",1.00320581546795
105,40,14,"aa",0,"BB",2,"cc",0,2026,2131,-1,1,-1,-1,1,1,1,1,1,1,"D","D","D","D","D","d","d","d","d","d","D","D","d","d","D","D","D","d","d","d","d","d","d","d","d","d","d","D","D","d","d","d","D","d","D","D","d","D","d","d","D","D","d","d","d","D","D","d","d",1.38949279020372
96,40,15,"aA",1,"bB",1,"cc",0,2025,2026,1,-1,-1,-1,-1,-1,1,-1,1,1,"d","D","D","D","d","D","d","d","d","d","d","D","d","D","D","D","d","D","d","D","D","d","d","d","d","d","d","D","D","D","d","D","d","d","d","D","D","D","D","d","D","D","d","D","d","D","d","D","d",-1.00942634458659
104,40,16,"aA",1,"BB",2,"Cc",1,2077,1738,1,-1,1,1,-1,1,1,1,-1,1,"D","D","D","D","D","d","d","D","d","d","d","D","D","D","d","D","D","D","D","d","D","d","D","d","d","d","D","d","D","d","d","d","D","d","d","D","d","d","D","D","D","d","D","d","d","d","D","D","d",0.837069583642892
103,40,17,"AA",2,"Bb",1,"cc",0,1978,2126,-1,-1,1,1,-1,1,1,1,1,-1,"d","D","d","D","d","D","D","d","d","d","D","d","d","D","d","d","d","d","d","D","D","d","D","d","d","d","d","d","D","D","d","d","D","D","d","D","D","d","D","d","D","d","D","D","d","d","d","d","D",1.48287111414566
92,40,18,"aa",0,"Bb",1,"cC",1,1979,2180,-1,-1,-1,-1,-1,1,-1,-1,1,-1,"d","D","D","D","D","d","D","D","D","d","d","d","d","D","D","d","d","d","D","d","d","D","d","d","D","d","D","D","D","D","d","D","d","d","D","D","D","d","D","d","d","d","d","D","d","d","D","d","D",-1.64236388821335
102,40,19,"aA",1,"BB",2,"Cc",1,1980,2074,1,-1,1,-1,-1,1,1,1,1,1,"d","D","D","D","d","d","D","d","d","D","d","d","D","D","d","D","D","d","d","d","D","D","d","d","d","d","d","d","D","d","d","d","D","d","D","D","D","D","D","D","D","d","D","D","d","D","d","D","d",-1.15556612393999
105,40,20,"aA",1,"BB",2,"Cc",1,1981,1787,-1,-1,1,-1,1,1,1,1,1,1,"d","D","D","D","D","d","D","D","D","d","D","d","d","D","d","D","D","d","d","d","d","D","D","D","D","d","d","D","D","d","D","D","D","D","D","d","D","d","D","d","D","d","d","D","D","d","d","D","d",1.50713930843185
101,40,21,"aA",1,"bB",1,"Cc",1,1982,1933,1,-1,-1,1,1,-1,1,-1,1,1,"D","d","d","d","d","d","d","d","D","D","d","d","d","d","D","d","d","d","d","D","d","D","D","D","D","d","D","D","d","d","D","D","d","D","D","D","D","d","D","d","d","d","d","D","d","d","D","d","D",-0.590217136018059
98,40,22,"aa",0,"Bb",1,"cC",1,2032,1989,-1,1,-1,-1,-1,1,-1,-1,1,1,"D","d","D","d","D","D","d","D","d","D","d","D","d","d","d","d","d","D","D","D","d","D","D","d","D","d","d","d","D","d","D","d","D","D","D","d","D","D","D","d","D","D","D","D","d","D","d","D","d",0.424252540411631
95,40,23,"aa",0,"bB",1,"cc",0,1984,2034,1,-1,-1,-1,1,1,-1,-1,-1,-1,"d","d","D","D","D","D","d","d","d","d","D","D","d","D","D","d","D","D","D","d","d","d","D","D","d","D","D","d","D","d","d","d","D","D","d","d","d","D","D","D","d","D","d","d","d","D","d","d","D",-0.268330648729452
104,40,24,"aA",1,"bB",1,"Cc",1,1985,2175,1,-1,1,1,1,1,-1,-1,1,1,"d","d","d","d","D","d","d","D","D","D","D","d","d","D","D","d","D","D","d","d","D","d","D","d","D","D","d","D","d","d","d","D","d","D","d","D","d","D","D","D","d","d","D","d","d","D","d","d","d",0.0592276883443348
105,40,25,"aa",0,"BB",2,"cC",1,1937,1504,1,1,1,-1,-1,1,-1,1,1,1,"d","d","D","d","d","D","d","D","d","D","d","d","d","d","D","d","d","d","D","d","D","D","D","d","d","d","d","d","D","D","d","d","d","d","D","D","d","d","D","D","d","d","D","D","d","D","d","D","d",1.91219645619222
96,40,26,"AA",2,"Bb",1,"cC",1,1987,2081,1,1,-1,-1,1,-1,-1,-1,1,-1,"d","d","D","D","d","d","D","D","d","d","d","D","d","D","d","d","d","D","d","d","d","D","D","d","d","d","d","d","D","D","d","d","D","D","d","D","d","D","d","d","D","d","d","D","d","d","D","D","D",-1.03977382743524
96,40,27,"aa",0,"bb",0,"cc",0,1939,2138,-1,-1,-1,-1,-1,1,-1,-1,1,1,"D","D","D","d","D","d","D","D","d","D","d","D","d","D","D","D","D","D","D","d","d","d","d","D","d","D","D","D","D","D","D","D","D","d","d","D","d","D","D","D","d","d","d","d","D","D","D","d","D",0.157375689514695
96,40,28,"aa",0,"bB",1,"Cc",1,1989,2336,1,-1,-1,-1,1,-1,-1,-1,1,-1,"d","D","D","D","d","d","d","d","d","d","D","d","D","D","D","d","D","D","D","d","d","d","d","D","D","D","D","D","D","d","d","D","D","D","d","D","d","D","D","D","D","d","D","d","d","D","d","d","D",0.635303460954594
106,40,29,"aA",1,"bb",0,"cC",1,1990,2038,1,-1,1,1,1,1,1,-1,1,1,"d","D","d","D","d","D","D","d","d","d","D","d","D","d","d","d","d","d","D","D","D","D","D","d","d","d","d","d","D","d","d","D","d","D","d","d","d","D","d","d","d","D","d","d","D","d","d","D","D",0.950843160321337
95,40,30,"aa",0,"bb",0,"cc",0,1991,2035,-1,-1,-1,-1,1,-1,-1,-1,1,-1,"D","d","D","d","d","d","d","d","d","D","D","d","d","D","D","d","d","d","D","D","d","D","d","d","d","D","D","D","D","D","d","D","d","d","d","D","d","D","d","d","D","d","D","d","d","D","d","D","D",1.54520083108352
96,40,31,"Aa",1,"bb",0,"cc",0,2041,1990,-1,-1,-1,1,-1,1,-1,-1,1,1,"D","D","d","D","D","D","D","D","d","D","d","d","d","d","d","d","d","d","d","d","D","D","D","d","d","d","d","D","d","d","d","d","D","D","D","D","d","D","D","d","d","D","D","d","d","d","d","d","D",-1.43396960136112
109,40,32,"aA",1,"bB",1,"cc",0,1993,2044,1,1,1,1,1,1,1,-1,1,1,"d","D","d","D","d","d","d","D","D","D","D","d","d","d","D","D","d","d","D","d","D","d","D","d","d","d","D","d","D","d","D","D","d","D","D","D","d","D","D","D","d","d","d","D","d","d","d","d","d",1.97496509280515
108,40,33,"aa",0,"Bb",1,"cc",0,1944,1993,1,-1,-1,1,1,1,1,1,1,1,"D","d","D","D","d","d","d","D","D","d","D","D","d","D","d","d","D","d","d","D","D","D","d","D","D","D","d","D","d","D","d","D","D","D","D","D","D","D","D","d","d","D","d","D","D","D","d","D","d",2.15699757051652
99,40,34,"Aa",1,"BB",2,"cC",1,1945,1844,1,-1,-1,1,1,-1,1,-1,1,-1,"d","d","d","d","d","d","d","D","d","d","d","d","D","d","d","d","D","D","D","D","d","d","D","d","D","d","D","d","D","d","d","D","d","d","d","D","d","D","d","D","D","d","d","D","d","d","d","D","d",-0.782954131518945
97,40,35,"Aa",1,"bB",1,"CC",2,1996,2243,-1,-1,-1,1,-1,1,-1,-1,1,1,"d","d","D","D","D","d","D","d","D","D","D","d","d","D","d","d","D","d","D","d","d","D","D","d","D","D","D","D","d","d","D","D","d","d","D","D","d","D","d","d","d","d","d","D","d","D","D","D","d",-0.995603608664748
107,40,36,"Aa",1,"bB",1,"cC",1,1997,1901,-1,1,1,1,1,1,1,1,-1,1,"D","d","d","d","d","D","d","D","d","D","D","D","d","d","d","d","d","D","D","d","D","d","d","d","D","d","D","d","D","d","d","D","d","D","d","D","d","D","d","d","d","D","D","D","D","D","d","D","d",1.6645155273163
103,40,37,"aa",0,"bb",0,"Cc",1,1998,2088,-1,-1,1,1,1,1,-1,1,-1,1,"D","d","d","D","d","D","d","d","d","d","d","D","d","D","D","d","d","d","D","d","d","D","d","D","d","D","d","d","d","d","D","D","D","d","D","d","D","D","D","d","d","d","D","D","D","D","D","d","D",1.68344667194573
98,40,38,"Aa",1,"Bb",1,"Cc",1,1999,2289,-1,-1,1,1,1,-1,-1,-1,-1,1,"d","d","D","d","D","D","D","d","D","d","D","D","D","D","D","D","d","D","D","d","d","d","D","D","D","d","d","d","d","d","d","D","d","D","D","D","D","D","D","d","d","d","D","d","d","D","d","d","D",0.310208113953088
96,40,39,"aa",0,"bb",0,"cC",1,2001,2098,-1,-1,1,1,-1,1,-1,-1,-1,1,"D","D","d","D","D","D","D","d","D","D","D","D","D","D","d","d","d","d","d","D","d","d","D","D","d","d","D","D","d","D","d","d","D","d","d","D","D","d","D","d","d","D","d","D","D","d","d","D","d",-1.24464938081944
102,40,41,"Aa",1,"Bb",1,"CC",2,2001,40,-1,-1,-1,1,-1,1,1,1,1,-1,"D","D","D","d","d","D","D","d","D","D","d","D","D","D","D","D","D","d","D","D","d","d","d","d","d","d","d","D","D","D","d","D","D","d","D","D","d","D","d","D","D","d","d","D","d","d","D","d","d",2.11416001827154
106,40,42,"aA",1,"bb",0,"cc",0,2003,2431,1,-1,-1,-1,1,1,1,-1,1,1,"d","D","d","d","d","D","d","D","D","d","d","D","d","D","d","d","D","d","d","d","d","D","D","D","d","D","d","D","d","d","D","D","d","D","d","D","d","D","D","d","D","d","d","D","D","d","d","D","D",4.15774770547139
97,40,43,"AA",2,"BB",2,"cC",1,2004,1709,-1,-1,1,-1,1,1,-1,-1,-1,-1,"D","D","D","D","d","D","d","d","d","d","D","d","d","D","D","d","D","D","D","d","d","D","D","D","d","D","d","D","d","d","D","d","D","D","D","D","d","d","d","D","d","d","D","d","D","D","d","d","D",1.44715325761811
103,40,44,"aA",1,"Bb",1,"CC",2,2004,2008,1,1,-1,-1,1,1,1,-1,1,1,"D","d","d","D","D","D","d","d","d","d","D","D","d","d","D","d","d","D","D","d","d","D","d","d","D","D","d","d","d","d","D","d","d","D","d","D","D","d","d","D","D","D","D","d","D","d","d","d","D",-0.455660262328917
101,40,45,"aa",0,"BB",2,"CC",2,1955,2148,-1,1,-1,1,-1,1,-1,1,1,-1,"D","D","d","D","d","D","D","d","D","D","D","D","D","D","D","d","D","d","D","d","d","d","d","D","D","d","d","d","d","D","d","d","d","D","D","D","D","d","d","d","D","D","D","d","D","d","D","D","d",1.65576351058085
96,40,46,"AA",2,"Bb",1,"CC",2,2006,2059,-1,-1,1,-1,1,1,-1,-1,-1,1,"D","D","D","D","d","d","D","D","D","d","d","d","D","D","d","D","d","d","D","d","D","D","D","d","d","D","d","d","D","D","d","D","d","d","D","d","d","D","D","D","d","D","d","d","D","D","D","d","D",-1.20829192352589
101,40,47,"AA",2,"Bb",1,"Cc",1,2006,2052,-1,-1,1,1,1,1,-1,1,-1,-1,"d","D","d","D","D","D","d","D","D","d","d","d","d","D","D","D","d","d","D","d","d","D","D","d","d","D","d","D","D","D","D","D","d","d","D","d","D","D","d","D","D","d","d","d","d","d","D","d","d",1.37216161154441
99,40,48,"aa",0,"bb",0,"Cc",1,2007,2003,-1,1,1,-1,-1,-1,-1,1,1,1,"d","D","D","D","d","d","D","d","D","d","d","D","D","D","D","d","d","D","d","D","d","D","D","d","D","d","D","D","D","d","D","D","D","d","D","D","D","D","D","D","d","d","d","d","D","D","d","D","D",-0.36897970101545
94,40,49,"aa",0,"bB",1,"cc",0,2056,1910,1,1,-1,-1,1,-1,-1,-1,-1,-1,"d","D","d","D","D","d","d","d","D","D","D","d","d","D","D","D","d","D","d","d","d","d","D","D","D","d","d","d","D","d","d","d","D","d","D","d","d","d","D","d","d","d","d","d","D","D","d","d","d",-1.44462727803156
100,40,50,"Aa",1,"bb",0,"cc",0,2010,2155,-1,-1,1,-1,1,-1,1,1,1,1,"D","d","D","d","D","D","d","D","D","D","d","D","D","d","d","d","D","D","D","D","d","D","D","d","D","D","d","D","D","D","d","d","D","D","d","D","D","D","d","D","d","d","d","d","D","d","d","d","D",-1.52195028135051
93,41,1,"aA",1,"BB",2,"cc",0,2011,1770,-1,1,1,-1,-1,-1,-1,-1,-1,-1,"D","d","D","d","d","D","d","D","D","d","D","d","D","d","d","D","d","D","D","D","D","D","d","d","D","D","D","d","D","d","d","D","D","d","d","D","d","D","D","D","D","D","d","D","D","D","d","D","D",-0.991899927756249
103,41,2,"aa",0,"BB",2,"Cc",1,2012,2158,1,-1,1,1,-1,1,1,-1,1,1,"D","D","D","d","D","d","d","D","D","D","d","D","D","D","d","D","D","d","D","d","d","D","D","d","d","d","d","D","D","d","d","d","D","D","d","d","d","d","D","d","d","d","d","D","D","d","D","d","d",-0.204296315290266
100,41,3,"AA",2,"bB",1,"cC",1,2014,1969,1,-1,1,-1,-1,1,-1,1,-1,1,"D","D","D","D","D","D","d","D","D","D","D","D","d","D","D","D","d","D","D","d","d","d","d","d","D","d","d","d","D","d","d","d","d","D","D","d","d","D","d","d","D","d","D","d","d","D","D","D","D",0.221903606535397
92,41,4,"aa",0,"bB",1,"CC",2,1964,1869,-1,-1,-1,1,-1,-1,-1,1,-1,-1,"D","D","d","D","D","d","D","d","D","D","d","D","D","d","d","D","d","d","d","D","d","D","D","d","D","D","d","D","d","d","d","D","D","d","d","D","d","D","d","D","d","d","D","d","D","D","d","d","d",-1.02942874751238
95,41,5,"aA",1,"bb",0,"Cc",1,2015,1921,-1,-1,-1,-1,1,1,-1,-1,1,-1,"d","d","d","d","D","d","d","d","d","d","d","d","D","D","d","d","d","D","d","d","D","D","d","D","D","D","D","D","d","d","D","D","d","D","D","D","d","D","d","d","d","d","d","D","d","D","D","d","d",-0.919676998599985
106,41,6,"aA",1,"Bb",1,"cC",1,2016,2017,1,1,1,1,-1,1,1,1,1,-1,"d","d","D","d","d","d","D","d","d","D","D","d","d","d","D","d","D","d","D","d","D","d","D","D","d","D","d","d","D","d","d","d","d","D","D","d","D","D","d","D","D","D","D","D","d","D","d","D","D",0.916184197015669
102,41,7,"Aa",1,"bB",1,"CC",2,2017,1920,1,-1,1,1,1,-1,1,-1,-1,1,"d","d","D","d","D","D","D","d","D","D","d","d","d","D","d","D","D","d","D","d","D","D","D","d","d","d","d","D","d","D","d","D","D","D","D","D","d","D","d","D","D","D","d","d","D","D","d","D","d",0.038886346826078
100,41,8,"AA",2,"Bb",1,"cC",1,1970,1381,-1,-1,-1,-1,1,-1,1,1,1,-1,"D","d","d","D","d","d","d","D","D","d","d","d","d","d","d","D","D","D","d","d","D","d","D","d","d","d","d","D","D","d","d","D","D","d","d","D","d","d","d","D","D","d","D","d","D","D","d","d","D",2.6342281237055
96,41,9,"aa",0,"bb",0,"CC",2,2019,2411,1,1,1,-1,-1,-1,-1,1,-1,-1,"d","d","D","d","d","D","D","D","D","D","d","d","d","D","D","D","D","D","D","D","D","D","d","d","D","d","D","D","D","d","d","D","d","d","D","D","d","D","d","D","D","D","d","d","d","D","D","D","d",-1.45775677378874
108,41,10,"AA",2,"bb",0,"Cc",1,2021,1971,1,1,1,1,1,1,1,-1,1,1,"d","d","D","D","d","D","d","D","d","D","D","d","d","d","D","d","D","d","D","D","d","D","D","d","d","d","d","D","D","d","d","d","D","D","d","D","d","D","d","d","d","D","d","D","D","D","d","d","d",0.585199981153911
93,41,11,"Aa",1,"BB",2,"cc",0,2022,1926,-1,-1,-1,1,-1,-1,-1,-1,1,-1,"d","d","d","D","d","d","D","d","d","D","D","d","d","d","d","D","D","d","d","D","D","D","D","D","d","D","d","D","D","d","d","D","D","d","D","d","d","D","D","D","D","D","D","D","d","d","d","d","D",-0.663256684406918
92,41,12,"Aa",1,"Bb",1,"cc",0,2022,2023,-1,-1,-1,-1,-1,-1,-1,-1,-1,1,"d","d","D","D","D","d","D","D","d","D","d","D","D","d","D","D","D","D","D","D","D","D","D","d","d","D","D","d","D","d","D","D","D","d","d","d","D","D","D","D","D","D","D","d","D","d","d","d","d",0.954795864670983
100,41,13,"aa",0,"bB",1,"cc",0,2023,1885,-1,-1,-1,1,-1,1,-1,1,1,-1,"d","D","D","D","D","d","d","d","d","D","d","D","d","D","D","D","d","d","d","D","d","d","D","d","d","d","d","D","D","D","d","D","d","d","D","D","d","D","d","D","D","d","d","D","d","d","d","D","D",2.0795673007194
103,41,14,"aA",1,"bb",0,"Cc",1,2024,1728,-1,-1,-1,1,1,1,1,1,1,-1,"D","D","D","D","d","D","d","D","d","d","d","D","d","d","d","D","D","D","D","D","d","D","D","d","d","d","d","D","D","d","d","D","D","d","D","D","D","D","D","D","D","d","d","d","D","d","D","D","d",1.28280535412655
99,41,15,"aA",1,"bb",0,"cc",0,2025,2074,-1,-1,-1,-1,-1,1,-1,1,1,1,"d","D","D","D","d","D","D","d","D","D","D","D","D","d","d","D","D","D","D","D","D","d","d","d","d","d","d","D","D","D","d","D","D","d","D","D","D","D","D","D","D","d","D","D","d","D","d","D","d",1.50135855152214
100,41,16,"Aa",1,"BB",2,"cc",0,2026,2078,-1,1,-1,1,-1,-1,1,-1,1,1,"d","D","D","d","d","D","D","d","d","d","D","d","d","d","D","D","D","d","d","d","d","d","d","d","d","d","d","D","d","d","D","d","D","d","d","D","d","D","D","d","d","d","D","D","d","D","D","D","d",0.526819162631307
105,41,17,"aa",0,"bB",1,"cc",0,2076,2367,1,1,-1,1,1,1,-1,1,1,1,"d","D","D","D","D","d","D","d","D","D","D","d","D","d","d","D","D","D","D","D","D","D","D","d","d","D","d","d","D","D","D","d","D","D","d","d","d","D","D","D","d","d","d","D","d","d","D","D","D",-0.207333187752172
101,41,18,"aA",1,"BB",2,"cc",0,2028,2379,-1,1,1,-1,-1,1,-1,-1,1,1,"D","D","D","D","d","d","D","d","D","D","D","D","d","D","d","D","d","D","d","d","d","D","d","d","d","D","d","d","D","D","D","D","d","D","D","D","D","D","d","D","D","D","d","d","D","D","d","d","d",1.32716097203348
95,41,19,"Aa",1,"bB",1,"cc",0,2029,2080,-1,-1,-1,1,1,-1,-1,-1,-1,1,"D","d","D","d","d","d","d","D","d","D","D","d","d","d","D","d","D","D","D","d","d","d","d","D","d","d","D","D","d","d","D","d","d","d","D","D","d","D","D","D","D","D","d","D","d","D","D","d","d",-0.525443833123556
102,41,20,"aA",1,"bb",0,"cC",1,2030,1931,1,-1,1,1,-1,1,-1,-1,1,1,"d","d","d","d","D","d","D","d","D","D","d","d","d","d","D","D","d","d","D","d","D","D","d","d","D","D","D","D","D","D","D","D","d","d","d","D","D","D","d","D","d","D","d","d","D","D","d","d","d",0.439989702044354
98,41,21,"aA",1,"BB",2,"cc",0,2030,1922,1,-1,1,1,-1,-1,-1,-1,1,-1,"d","D","d","d","d","d","d","d","D","D","d","d","d","d","D","D","D","d","d","d","d","d","D","d","d","D","D","D","d","D","D","D","d","d","D","D","D","D","D","D","D","D","d","d","d","D","d","D","d",0.650803791679847
95,41,22,"aa",0,"BB",2,"cc",0,2032,2029,-1,-1,-1,-1,-1,1,-1,-1,1,-1,"d","d","d","d","d","D","d","D","d","d","D","D","d","d","d","D","D","D","D","d","d","D","d","d","D","d","d","D","D","d","d","d","d","D","D","d","D","D","D","d","D","d","D","D","D","D","D","D","d",1.34210958361588
102,41,23,"aa",0,"bB",1,"cc",0,2083,2421,1,1,1,1,1,-1,-1,1,1,1,"d","D","D","d","D","d","d","D","D","d","d","D","d","d","D","D","d","d","D","D","D","D","D","d","D","d","d","d","d","D","D","D","D","d","D","D","d","d","d","d","d","d","D","d","d","d","d","D","D",-3.57493970334708
95,41,24,"aa",0,"bB",1,"cc",0,2035,2236,-1,-1,-1,1,-1,-1,-1,-1,-1,1,"D","D","D","d","d","d","D","d","D","d","D","d","d","D","d","d","d","D","D","D","d","D","d","d","d","D","d","D","d","d","d","D","D","d","D","D","d","d","d","d","D","D","d","d","d","D","d","D","D",1.14199919723726
104,41,25,"Aa",1,"BB",2,"cC",1,1987,2078,1,1,-1,1,1,-1,-1,1,1,1,"d","d","D","D","d","d","D","D","d","D","d","d","d","D","d","d","D","D","D","d","d","D","D","d","d","d","D","d","D","D","d","D","D","d","d","D","d","D","D","d","d","d","D","D","D","D","D","d","d",0.131979576342078
103,41,26,"aa",0,"bB",1,"cC",1,2037,2039,1,-1,1,1,1,-1,-1,-1,1,1,"D","D","d","D","d","D","D","D","d","d","d","D","D","d","D","d","D","D","d","d","D","d","D","D","d","d","d","d","D","d","D","D","D","d","d","D","D","d","D","D","d","D","d","d","D","d","D","D","D",1.64636342447639
103,41,27,"aa",0,"bb",0,"Cc",1,2037,2229,-1,1,1,-1,1,1,-1,-1,1,1,"d","D","D","D","d","D","D","D","d","d","d","D","D","d","d","d","d","d","D","D","D","d","D","d","d","d","D","D","D","d","D","d","D","D","d","d","D","d","D","D","D","D","D","d","D","d","d","d","d",1.46134128807615
101,41,28,"aa",0,"bB",1,"Cc",1,1989,1987,1,1,-1,-1,1,1,-1,-1,1,1,"d","D","d","D","d","d","d","d","D","d","d","d","D","D","D","d","d","D","d","d","d","d","D","d","D","D","d","D","d","D","d","D","d","d","d","D","D","D","D","d","d","d","d","D","D","D","D","d","d",-0.516089754228999
100,41,29,"aa",0,"BB",2,"Cc",1,2039,2297,-1,1,1,-1,-1,1,1,1,-1,1,"d","d","D","d","D","D","D","D","d","D","D","D","d","d","d","D","D","d","d","D","d","D","D","d","D","d","D","D","D","d","d","D","D","D","D","D","d","D","D","d","d","d","D","d","d","D","D","D","D",-1.6059022463657
101,41,30,"aa",0,"bb",0,"cC",1,2089,2286,1,-1,1,-1,1,-1,1,1,1,1,"d","d","d","d","d","d","d","D","D","D","D","d","D","D","d","D","D","d","d","d","D","D","D","d","d","D","d","d","D","D","D","d","d","D","D","D","d","d","d","d","D","D","d","D","D","D","d","d","D",-2.45645475192415
98,41,31,"aA",1,"bb",0,"cc",0,1993,2091,1,-1,-1,-1,1,1,1,-1,-1,1,"D","D","D","D","D","d","d","D","D","D","d","d","D","d","D","d","D","d","D","D","D","d","D","D","D","d","d","D","D","d","D","d","D","D","D","D","d","D","D","d","d","d","d","D","d","d","d","d","D",-1.30629113055859
95,41,32,"aA",1,"BB",2,"Cc",1,2043,1837,-1,-1,1,-1,1,-1,-1,1,-1,-1,"d","d","d","D","D","D","D","d","D","D","D","d","d","D","d","D","D","D","D","d","d","D","d","d","d","d","d","d","D","D","d","D","d","d","D","D","d","D","D","d","d","d","d","d","d","d","d","D","D",-0.889910707602199
104,41,33,"aA",1,"Bb",1,"cC",1,2043,1843,1,-1,1,1,1,1,1,1,-1,-1,"d","D","D","D","D","D","D","D","D","D","d","d","D","D","d","D","d","D","d","d","d","D","D","d","d","d","d","d","d","D","d","D","D","d","d","D","d","D","D","d","d","d","D","d","D","D","d","D","D",0.263343327381266
99,41,34,"AA",2,"Bb",1,"cc",0,2044,2038,1,-1,-1,1,1,1,-1,1,-1,-1,"d","d","d","d","d","d","d","D","D","d","d","d","d","D","d","D","D","d","D","d","D","D","D","d","d","d","d","d","D","D","d","d","d","d","d","d","d","D","d","d","d","d","d","D","D","d","D","d","D",-0.288180884751173
98,41,35,"aA",1,"bb",0,"cC",1,2045,1513,1,-1,-1,1,1,1,-1,-1,-1,1,"d","D","D","d","d","d","D","d","D","D","D","D","D","d","d","D","d","d","D","D","D","d","D","D","D","d","d","d","d","D","d","D","D","D","d","D","d","D","d","d","d","d","d","d","d","d","D","D","D",-1.3961775710874
100,41,36,"aa",0,"Bb",1,"cC",1,2047,2079,-1,-1,-1,-1,-1,1,1,1,1,1,"d","D","d","D","D","D","d","D","d","D","D","d","d","D","d","d","D","D","D","D","d","D","D","d","D","d","d","d","D","d","D","D","d","D","D","D","d","D","D","D","d","d","d","D","D","d","d","D","d",0.646562439549669
101,41,37,"Aa",1,"Bb",1,"cc",0,2096,2009,-1,-1,1,-1,1,-1,1,-1,1,1,"D","d","D","d","D","d","d","D","d","D","d","d","d","D","D","D","d","D","d","D","d","d","d","D","d","d","d","D","d","D","d","D","D","d","d","d","d","D","D","d","d","d","d","D","d","d","D","d","D",1.5389805946809
101,41,38,"aA",1,"bb",0,"cc",0,2100,42,1,-1,1,1,1,1,1,-1,-1,1,"D","d","d","D","D","d","d","D","D","D","D","d","d","d","D","D","d","d","D","D","d","D","D","d","d","D","D","D","d","D","d","d","d","d","D","d","d","D","d","D","D","D","d","D","D","d","D","D","d",-2.83444676424278
97,41,39,"aa",0,"bb",0,"cC",1,2049,1996,1,-1,-1,-1,1,-1,-1,-1,1,1,"d","d","d","D","D","d","d","d","d","D","d","D","d","D","d","d","d","D","d","D","D","D","D","D","d","D","D","D","D","d","D","d","D","d","d","d","d","D","D","d","D","D","D","d","D","D","D","D","D",-0.622560608944047
104,41,40,"Aa",1,"bb",0,"CC",2,2001,2146,-1,1,1,1,-1,1,-1,1,1,1,"D","D","D","d","D","D","d","d","D","D","D","D","D","D","d","D","d","d","d","d","D","d","D","d","d","d","D","d","D","d","d","D","d","D","d","D","d","d","d","d","d","d","D","D","D","d","d","D","d",0.319666798495891
100,41,42,"aA",1,"bB",1,"cc",0,2003,1353,1,1,-1,-1,-1,1,1,-1,1,-1,"D","D","d","d","D","D","D","D","d","d","D","D","D","D","D","d","d","D","D","d","D","D","D","D","d","d","d","D","D","D","d","d","d","D","D","d","D","d","d","d","D","d","d","D","D","d","D","D","d",0.00493001584647291
99,41,43,"Aa",1,"bb",0,"cc",0,2052,2009,-1,-1,1,-1,1,-1,1,-1,-1,1,"D","d","D","D","D","d","d","D","D","D","d","d","d","D","D","d","d","D","d","d","d","D","d","d","d","d","d","D","d","d","d","d","D","D","D","D","D","D","d","d","d","d","d","d","d","D","D","d","D",1.64033743561021
99,41,44,"AA",2,"bB",1,"cC",1,2005,2153,-1,1,1,1,-1,-1,1,-1,-1,1,"D","D","D","d","d","D","D","d","d","d","D","D","d","D","d","D","D","d","d","d","d","D","D","D","D","d","D","D","D","d","d","d","d","d","D","d","D","D","d","d","D","d","D","d","d","D","d","D","D",-0.4965486747955
102,41,45,"Aa",1,"bb",0,"Cc",1,2054,1954,-1,1,-1,-1,1,1,1,1,1,-1,"d","d","D","d","D","D","d","d","d","d","D","d","D","D","d","d","D","d","d","d","d","d","D","d","D","d","d","d","d","D","d","D","D","d","d","d","d","d","D","D","d","D","d","d","d","d","D","D","d",0.857738072827986
95,41,46,"Aa",1,"BB",2,"CC",2,2004,2142,-1,-1,-1,1,1,-1,-1,1,1,-1,"D","d","D","D","D","D","D","d","D","d","d","D","d","d","d","d","d","D","d","d","D","D","D","d","d","D","d","D","d","D","d","d","D","d","D","D","D","d","D","d","d","d","D","d","D","D","d","d","d",-2.57689867297368
101,41,47,"aa",0,"BB",2,"cC",1,2057,2447,-1,-1,1,-1,1,1,1,1,-1,1,"D","D","d","d","d","d","D","D","d","d","D","d","D","d","d","d","D","D","D","d","D","D","d","d","D","d","D","D","D","d","d","D","D","d","d","D","d","D","d","d","D","d","D","D","D","D","D","D","D",-0.0866970029662561
108,41,48,"aA",1,"bB",1,"cC",1,2058,2006,-1,-1,1,1,1,1,1,1,1,-1,"D","D","D","d","D","D","D","D","D","d","d","D","D","d","D","d","D","D","d","D","d","D","D","d","d","d","D","d","D","D","D","D","D","d","d","D","d","D","D","d","D","d","D","d","d","d","d","D","d",4.25538821952625
105,41,49,"aA",1,"bb",0,"cc",0,2058,2254,-1,1,1,-1,1,1,1,-1,1,1,"D","D","d","D","D","d","D","D","D","d","D","d","d","d","D","d","D","D","D","D","d","D","d","d","D","D","D","d","D","D","d","D","D","d","d","D","D","D","D","D","d","d","d","d","d","d","d","D","d",1.42455788768745
105,41,50,"Aa",1,"Bb",1,"cc",0,2106,2402,-1,1,1,-1,1,1,1,1,-1,1,"D","D","D","d","d","D","D","d","D","d","D","d","d","d","D","D","d","D","d","D","D","D","D","D","D","d","d","D","D","d","d","d","D","D","D","D","d","D","d","D","D","d","d","D","d","D","d","d","D",1.26082925753376
93,42,1,"aA",1,"bB",1,"Cc",1,2060,2014,-1,-1,-1,1,-1,-1,1,-1,1,-1,"D","d","D","d","d","D","D","D","D","D","D","D","D","d","d","D","D","d","D","D","d","D","d","d","d","d","d","d","d","d","d","D","D","D","D","D","d","D","D","d","d","D","D","d","D","d","D","D","D",-2.56828315528256
101,42,2,"aA",1,"Bb",1,"cC",1,2061,2062,1,1,-1,1,-1,-1,1,1,1,1,"D","d","d","d","d","d","d","D","D","d","d","d","D","d","D","D","D","D","d","D","d","D","d","D","d","D","d","d","D","D","D","D","D","d","D","d","D","D","d","d","D","d","d","D","D","D","d","D","D",-2.50844693849913
103,42,3,"Aa",1,"Bb",1,"cc",0,2062,2159,1,1,1,1,1,1,1,-1,-1,-1,"d","D","D","D","D","D","D","D","d","d","d","d","D","D","D","d","d","D","D","D","D","d","D","d","D","d","D","D","D","d","d","D","d","D","d","D","d","D","D","d","d","d","d","D","D","d","d","D","d",-0.837531289249873
104,42,4,"Aa",1,"bB",1,"cc",0,2063,1881,1,1,-1,1,1,-1,-1,-1,1,1,"D","d","D","D","D","D","d","D","D","D","D","d","D","D","D","D","D","d","D","d","d","d","D","D","d","D","d","D","d","D","D","D","d","D","d","d","D","D","D","d","d","d","D","d","D","D","D","d","D",2.00122987853298
101,42,5,"aa",0,"bB",1,"cc",0,2064,1864,-1,-1,1,-1,1,1,1,1,-1,1,"d","d","D","d","d","d","D","D","D","D","D","d","d","d","d","d","D","d","D","D","d","d","D","d","d","d","D","D","D","d","d","d","D","D","d","D","D","D","d","D","d","d","D","D","D","D","D","D","d",-0.206112160751162
93,42,6,"aa",0,"bB",1,"Cc",1,1964,1915,1,-1,-1,-1,-1,1,-1,-1,-1,-1,"D","D","D","d","D","d","D","d","D","D","D","D","D","D","D","d","d","d","D","d","d","D","D","d","d","d","d","D","D","D","d","D","D","d","D","D","D","D","D","D","D","d","d","D","d","D","d","d","d",-0.777615338850225
98,42,7,"Aa",1,"Bb",1,"cC",1,2065,2162,-1,-1,1,1,1,-1,-1,-1,1,1,"d","d","d","D","d","d","d","d","D","d","D","D","d","d","d","D","D","d","d","d","D","d","D","D","D","d","d","d","d","D","D","d","D","D","D","d","d","D","D","D","D","d","d","D","D","d","D","D","D",-1.29091662772543
98,42,8,"Aa",1,"Bb",1,"Cc",1,2018,2162,1,-1,1,1,-1,-1,-1,-1,-1,1,"d","d","d","d","d","D","d","D","D","D","D","d","d","D","d","d","d","d","d","D","D","d","D","d","D","D","d","D","d","d","D","D","D","d","D","D","d","D","D","D","D","D","d","D","D","d","d","D","D",0.187984570379478
100,42,9,"Aa",1,"bB",1,"CC",2,2117,2260,1,-1,1,-1,-1,1,1,-1,1,-1,"d","d","D","D","D","D","D","d","D","d","d","D","d","D","D","d","D","D","d","D","D","D","D","d","d","d","D","d","D","d","d","d","D","D","d","d","d","D","D","D","d","d","D","D","d","d","d","D","d",0.70574040322734
99,42,10,"AA",2,"bB",1,"Cc",1,2069,1970,-1,-1,-1,-1,1,1,-1,1,1,1,"D","d","d","d","D","d","d","D","d","D","d","d","D","d","d","D","D","D","D","d","D","d","D","D","d","d","d","d","d","d","d","D","d","D","D","d","D","D","D","d","d","D","d","D","d","d","D","d","D",-0.985399754057123
103,42,11,"Aa",1,"bb",0,"CC",2,2070,2017,1,1,1,1,1,-1,1,1,-1,-1,"d","d","D","D","d","d","D","D","D","d","D","d","d","d","D","d","d","D","D","d","d","D","d","d","d","d","d","D","D","d","D","d","d","d","D","d","D","D","D","D","D","D","D","d","D","d","D","D","D",-0.953717949037345
102,42,12,"Aa",1,"BB",2,"cC",1,2022,1927,-1,1,-1,-1,-1,1,1,1,1,1,"d","d","D","D","D","d","d","D","d","d","d","d","d","d","D","D","D","d","d","d","D","D","D","D","D","D","d","d","d","d","d","D","d","d","D","d","d","d","D","D","D","D","d","D","D","d","d","D","D",0.242705727298011
100,42,13,"aa",0,"bB",1,"cC",1,2072,2077,1,-1,-1,-1,-1,-1,1,1,-1,1,"d","d","D","D","D","D","D","D","d","d","D","d","D","d","d","d","D","D","D","d","d","d","d","d","d","D","d","d","d","d","d","D","d","d","d","D","D","D","d","D","d","D","d","D","d","D","d","d","d",2.42116540011501
102,42,14,"Aa",1,"bb",0,"cc",0,2072,2374,1,-1,1,1,-1,1,1,1,-1,-1,"d","d","d","D","d","D","d","D","d","d","d","D","D","D","D","d","d","D","D","D","d","D","d","d","d","D","d","d","d","d","D","d","d","d","D","d","d","d","D","D","d","D","d","d","d","D","D","d","d",0.330766554401655
95,42,15,"Aa",1,"BB",2,"cC",1,2074,2321,-1,-1,-1,-1,-1,-1,1,1,1,-1,"D","D","D","d","d","D","d","d","d","D","D","D","d","d","d","D","D","D","d","D","d","d","D","d","D","d","d","D","D","d","D","D","d","D","d","D","D","D","D","D","D","D","D","d","D","d","D","d","D",-0.945274330420391
95,42,16,"AA",2,"Bb",1,"CC",2,2172,1728,1,-1,-1,-1,-1,-1,1,1,-1,-1,"d","d","d","D","d","D","d","d","d","d","d","d","d","D","d","D","D","D","D","d","d","D","D","d","D","d","d","D","D","D","d","D","D","D","D","d","D","d","D","d","d","d","d","d","d","d","D","D","d",-0.51945858124184
99,42,17,"Aa",1,"BB",2,"Cc",1,2026,1785,-1,-1,-1,1,-1,1,-1,-1,1,1,"d","D","d","d","D","D","d","d","D","d","d","D","D","d","d","D","d","d","d","D","d","d","D","D","D","d","d","D","d","d","d","d","d","d","d","D","D","D","d","d","D","D","D","d","d","d","d","d","d",1.47431838324807
95,42,18,"aa",0,"BB",2,"CC",2,2028,2179,-1,-1,1,-1,-1,1,-1,-1,1,-1,"d","D","D","D","D","d","D","d","D","D","D","d","D","D","d","D","D","d","D","d","d","D","D","d","d","D","d","d","d","d","d","D","D","D","d","d","D","D","D","d","d","D","D","d","D","D","D","d","D",-0.351061595913879
99,42,19,"aa",0,"bb",0,"cc",0,2078,2029,1,-1,-1,-1,-1,1,1,-1,1,-1,"d","D","d","d","d","D","d","d","d","D","D","d","d","D","d","D","D","d","D","d","d","D","d","d","D","D","d","d","D","D","d","D","d","d","d","D","d","D","D","d","D","D","D","d","D","D","D","D","d",1.19897260589785
99,42,20,"aa",0,"BB",2,"cc",0,2127,2224,-1,-1,1,1,1,1,-1,-1,-1,1,"D","D","d","d","D","d","D","d","D","d","d","D","D","d","d","D","D","D","D","D","D","D","d","d","d","D","d","d","D","d","d","D","d","d","D","d","d","D","D","D","D","d","D","D","D","D","D","D","d",-0.660983030377161
98,42,21,"aa",0,"bB",1,"cc",0,2080,2128,-1,-1,1,-1,-1,1,-1,-1,1,1,"D","d","d","d","d","d","d","d","D","D","d","d","D","d","D","D","D","D","d","d","D","D","d","d","d","d","d","d","d","D","d","d","d","d","D","D","d","d","D","D","d","d","D","d","d","D","d","D","d",0.327379725313867
96,42,22,"Aa",1,"Bb",1,"CC",2,2081,2219,-1,1,1,-1,-1,-1,-1,-1,-1,1,"D","D","D","d","D","d","d","d","d","d","d","d","D","d","D","D","d","d","D","d","D","D","d","d","d","d","d","D","D","d","d","D","d","d","d","d","D","d","D","d","D","d","d","d","D","D","d","D","D",0.721408054991634
98,42,23,"aa",0,"BB",2,"cC",1,2032,2087,-1,-1,-1,1,-1,1,-1,1,1,1,"d","d","D","D","D","D","D","d","d","d","d","D","D","d","d","d","D","D","D","D","D","D","D","d","d","d","d","d","d","d","d","D","d","d","D","d","D","D","D","d","d","D","d","D","D","D","d","D","D",-1.03874307299572
98,42,24,"AA",2,"BB",2,"cc",0,2034,2185,-1,1,1,1,1,1,-1,-1,-1,-1,"D","d","D","D","d","D","d","d","d","d","d","d","D","d","d","D","D","d","D","D","d","D","D","d","d","D","d","D","D","d","D","D","d","d","d","D","d","D","D","D","D","d","d","d","D","d","D","D","D",-1.39673286566635
106,42,25,"aa",0,"Bb",1,"cc",0,2131,2475,1,-1,-1,1,1,1,1,1,1,1,"d","D","d","d","D","d","d","d","D","d","D","D","D","D","D","D","d","D","d","d","D","d","d","d","D","d","d","D","D","d","D","D","D","D","D","d","d","d","D","D","D","d","d","d","D","D","d","d","d",0.330082124625557
102,42,26,"Aa",1,"bB",1,"Cc",1,2085,1842,1,1,1,1,-1,1,-1,1,-1,1,"d","d","d","D","d","d","D","d","D","D","D","d","d","d","D","D","d","d","D","d","D","D","d","D","d","d","d","D","d","D","D","D","D","d","D","D","D","D","D","d","D","D","d","d","d","d","D","d","d",-1.85925856699856
102,42,27,"aa",0,"bb",0,"cc",0,2086,2135,-1,1,-1,1,1,1,-1,1,-1,1,"d","D","d","D","d","d","d","D","d","d","D","d","D","D","d","d","d","D","d","d","d","d","d","d","d","D","d","d","D","D","D","D","D","d","d","d","d","d","d","D","d","D","D","d","D","d","D","D","D",0.204601555730139
101,42,28,"aa",0,"Bb",1,"Cc",1,2087,2085,1,1,1,-1,-1,-1,1,-1,1,-1,"d","D","D","D","D","D","d","d","D","d","D","d","d","d","d","D","D","D","D","D","D","D","D","D","d","D","d","D","D","D","d","D","D","D","d","D","D","D","D","d","d","d","D","D","d","d","d","d","d",1.87051456047661
102,42,29,"Aa",1,"bb",0,"CC",2,2087,1991,1,1,1,-1,-1,1,1,-1,1,1,"D","d","d","D","D","D","d","d","D","d","D","D","d","D","D","D","D","D","D","D","D","D","D","D","D","d","D","d","D","D","D","D","D","D","d","d","D","D","D","d","d","d","d","D","d","d","d","D","D",-1.53394601827768
100,42,30,"aa",0,"bB",1,"Cc",1,2089,1942,-1,1,1,1,1,-1,-1,-1,-1,1,"d","d","d","d","d","D","d","D","D","D","D","d","d","D","d","D","D","d","d","D","d","D","D","d","D","d","D","d","d","D","d","d","d","D","D","D","d","d","d","d","d","d","D","D","d","d","D","D","D",0.818672554979417
96,42,31,"AA",2,"bb",0,"CC",2,1992,1992,-1,1,-1,1,1,-1,1,-1,-1,-1,"d","D","D","d","d","D","D","d","D","D","D","D","D","d","d","d","d","D","D","d","d","D","D","d","D","d","d","D","D","d","d","d","d","D","D","d","d","D","D","d","d","d","d","D","D","d","d","d","D",-1.74337371158455
102,42,32,"AA",2,"Bb",1,"cC",1,2091,2097,-1,1,-1,1,1,1,-1,-1,1,1,"D","D","D","D","D","d","D","D","d","D","D","D","D","D","D","d","d","D","D","D","D","D","d","D","D","D","d","d","D","d","D","D","d","d","D","d","d","D","D","d","D","D","d","d","D","d","d","D","d",0.273146006771616
96,42,33,"aA",1,"Bb",1,"cc",0,2192,1902,1,-1,-1,-1,1,-1,1,1,-1,-1,"D","D","D","D","D","d","D","D","D","D","D","D","D","D","d","d","d","d","d","d","d","D","d","d","D","D","d","D","D","D","d","d","D","d","d","D","D","D","D","d","d","D","d","D","D","d","D","D","D",-1.42489559516199
100,42,34,"aA",1,"BB",2,"Cc",1,2142,2190,-1,-1,1,1,-1,1,1,-1,1,1,"d","D","D","D","D","D","d","D","D","d","d","d","D","D","d","d","d","d","d","D","d","D","d","d","D","d","D","d","D","d","d","D","D","D","d","D","D","d","D","d","D","D","d","d","d","D","D","D","D",-1.92402351430009
98,42,35,"Aa",1,"BB",2,"CC",2,2239,2137,-1,1,-1,-1,1,1,-1,1,-1,-1,"D","D","d","d","d","d","d","d","D","d","D","D","D","D","d","d","D","D","D","D","D","D","D","D","D","D","d","d","D","d","D","d","d","D","D","d","d","d","D","d","D","d","d","D","D","d","d","d","d",0.644733292623919
97,42,36,"Aa",1,"bb",0,"cc",0,2147,2450,1,-1,-1,-1,1,-1,1,-1,1,-1,"D","D","D","D","d","d","D","d","D","D","D","D","d","D","D","d","d","D","d","D","D","D","d","D","D","d","d","D","D","D","d","D","D","D","d","D","D","d","D","D","d","d","d","D","d","d","d","d","d",-0.400311840687069
93,42,37,"aa",0,"bB",1,"Cc",1,2047,1947,-1,-1,-1,-1,1,1,-1,1,1,-1,"d","D","d","D","d","D","D","D","D","D","d","d","d","D","D","d","D","D","d","D","D","D","D","d","d","d","d","D","d","d","d","d","D","d","d","D","d","d","D","D","d","D","d","D","d","d","d","D","d",-4.41922655592886
102,42,38,"aA",1,"bb",0,"cc",0,2049,2196,-1,1,1,-1,1,1,-1,1,-1,1,"d","d","D","D","D","d","D","d","d","d","D","d","D","D","D","D","d","D","d","d","d","d","D","D","D","D","D","D","D","d","d","D","d","d","D","d","D","D","D","d","d","D","d","d","d","d","D","d","d",0.559054382181094
105,42,39,"AA",2,"Bb",1,"Cc",1,2097,2249,1,1,1,-1,1,-1,1,1,1,-1,"d","D","D","D","D","D","D","D","d","D","d","D","D","d","D","d","D","D","d","D","d","D","d","d","D","d","D","D","D","D","d","d","d","D","d","d","D","D","d","D","D","D","D","D","d","d","d","d","D",1.2686573492376
96,42,40,"aa",0,"Bb",1,"Cc",1,2098,1999,-1,-1,1,1,1,-1,-1,-1,1,-1,"D","d","d","d","d","D","D","D","d","D","D","d","D","D","D","d","d","D","D","d","d","d","d","d","d","D","d","d","d","d","d","D","D","D","D","D","d","D","D","d","D","D","d","D","d","d","d","d","D",-1.81908895812219
102,42,41,"Aa",1,"bb",0,"cc",0,2100,2100,-1,-1,1,1,-1,-1,1,1,1,1,"D","d","d","D","D","D","d","D","D","D","D","d","d","d","d","D","D","D","d","D","D","D","D","D","d","D","D","D","D","d","d","D","d","d","D","d","d","D","d","D","D","D","D","D","D","D","d","D","D",0.861056319933212
102,42,43,"Aa",1,"bb",0,"Cc",1,2101,2346,1,-1,1,1,-1,1,-1,1,1,-1,"D","D","d","D","D","d","d","D","d","D","D","D","D","D","D","d","d","D","D","d","D","d","D","d","d","D","D","D","d","D","d","D","d","d","d","D","d","D","d","D","D","d","D","d","D","d","d","d","D",0.265136263491621
105,42,44,"aa",0,"Bb",1,"Cc",1,2053,2058,-1,-1,1,1,-1,1,1,1,-1,1,"D","d","D","D","D","d","D","D","D","D","d","D","D","D","d","d","d","d","D","d","D","D","D","D","d","D","D","D","d","D","D","D","D","D","D","D","D","D","D","D","D","d","d","d","d","D","d","d","D",3.43175386655192
97,42,45,"Aa",1,"bb",0,"Cc",1,2102,2301,-1,-1,1,-1,1,1,1,1,-1,-1,"d","d","D","D","d","d","d","d","d","D","D","D","d","D","d","d","D","D","D","d","D","d","D","d","d","d","D","d","D","D","D","d","D","D","d","d","d","D","D","D","d","d","D","D","D","D","d","d","D",-2.53957859232573
105,42,46,"aa",0,"Bb",1,"cC",1,2104,2008,-1,1,1,-1,1,1,-1,-1,1,1,"D","d","D","d","D","D","D","D","D","d","D","d","d","D","D","d","d","D","D","d","D","d","D","D","D","d","D","D","D","D","d","D","d","D","d","D","D","d","D","D","D","d","d","d","d","D","d","d","D",3.23439888481227
100,42,47,"AA",2,"Bb",1,"CC",2,2006,2008,-1,-1,1,1,1,1,1,-1,-1,1,"d","D","D","D","D","D","D","D","d","D","d","d","d","D","D","D","d","d","D","D","d","D","d","d","D","D","d","D","D","D","d","D","d","d","d","d","d","D","D","D","D","d","d","d","D","D","d","d","D",-1.26029161566674
100,42,48,"Aa",1,"bb",0,"cc",0,2106,2154,-1,1,1,1,-1,-1,1,-1,1,-1,"D","d","d","d","D","D","d","d","D","d","D","D","d","d","d","D","D","d","d","D","D","D","D","D","D","D","d","d","D","d","d","d","D","d","d","d","d","D","d","D","D","d","d","d","D","D","d","d","D",0.882350875540441
98,42,49,"aA",1,"bb",0,"cC",1,2058,2347,-1,-1,1,1,-1,-1,1,1,-1,1,"d","D","D","d","d","d","d","D","D","d","D","d","D","d","D","d","D","D","D","D","D","D","D","d","d","d","d","d","D","D","d","D","D","d","D","D","d","D","D","D","d","d","d","d","d","d","D","D","d",-1.33075088052279
102,42,50,"AA",2,"bB",1,"Cc",1,2108,2352,-1,1,-1,1,1,-1,1,1,-1,1,"d","D","D","D","d","D","d","D","d","D","D","d","d","d","d","d","D","D","D","d","D","D","D","D","D","d","D","D","D","D","d","D","d","D","d","d","D","d","D","d","D","D","D","D","d","d","d","D","d",0.209799452035039
97,43,1,"aA",1,"bb",0,"cC",1,2158,1817,-1,-1,1,1,1,-1,-1,-1,1,-1,"D","D","D","D","d","d","D","d","d","D","D","d","D","d","d","D","d","D","d","d","d","D","D","D","d","d","d","D","D","d","D","D","d","d","D","d","D","d","D","d","D","d","D","D","D","D","D","d","d",-0.0121331423656593
96,43,2,"aA",1,"BB",2,"Cc",1,2110,1965,1,-1,-1,-1,-1,1,-1,1,-1,1,"d","d","d","d","d","D","d","d","d","d","d","D","D","D","d","D","d","D","D","D","D","D","d","D","d","d","d","D","d","D","D","d","d","d","D","d","D","D","d","d","d","d","D","d","D","D","d","d","D",-1.27927394752774
98,43,3,"aA",1,"Bb",1,"Cc",1,2110,2159,-1,1,-1,1,-1,1,-1,-1,-1,1,"d","d","d","d","D","D","D","d","D","D","d","d","d","d","d","D","d","d","d","D","D","d","D","D","d","d","d","D","D","D","d","d","d","d","D","d","d","d","D","d","d","d","D","d","D","d","D","d","D",0.478597409879686
91,43,4,"aa",0,"bB",1,"cc",0,2113,2160,-1,-1,1,-1,-1,-1,-1,-1,-1,-1,"D","D","D","D","d","d","d","D","d","D","D","d","D","d","d","D","d","D","D","D","D","D","D","d","D","d","d","d","D","d","d","D","d","d","d","D","D","d","d","D","D","D","D","D","D","D","d","D","d",-0.739482981742079
97,43,5,"aa",0,"bb",0,"cc",0,2113,2404,-1,1,1,1,-1,-1,-1,-1,-1,1,"D","D","d","d","D","d","d","d","D","d","d","d","d","d","D","D","D","D","D","D","d","D","d","d","d","d","d","D","d","d","d","D","D","d","d","D","D","d","D","d","d","D","D","D","d","D","D","D","D",-0.729008442344768
102,43,6,"aa",0,"Bb",1,"cc",0,2163,2215,-1,1,1,-1,1,-1,1,1,1,-1,"D","d","D","d","D","d","D","D","D","d","D","D","D","D","d","D","D","D","D","d","d","D","d","D","d","D","d","D","D","d","d","D","d","D","d","d","d","d","d","d","D","D","d","d","D","d","D","D","D",0.293890905861769
103,43,7,"aA",1,"bB",1,"cC",1,2116,2357,1,-1,1,-1,-1,1,1,-1,1,1,"D","D","d","d","D","d","D","D","d","D","d","D","D","d","d","D","D","D","D","D","D","D","D","d","d","D","d","d","D","d","d","D","D","D","D","d","d","d","D","d","d","D","d","D","D","d","D","D","D",1.3206240860101
103,43,8,"Aa",1,"bb",0,"Cc",1,2116,2019,1,1,1,-1,-1,-1,1,1,1,-1,"D","D","D","D","d","d","D","d","D","d","D","D","d","d","D","D","D","D","D","D","d","D","D","d","D","d","d","d","D","d","D","D","D","d","d","d","D","d","D","d","D","D","D","d","d","d","D","D","D",1.10481352483913
98,43,9,"AA",2,"bB",1,"cc",0,2118,1823,1,-1,1,-1,1,-1,-1,-1,1,1,"d","d","d","d","d","d","D","d","d","d","D","D","d","D","d","D","D","d","d","d","d","D","D","d","D","d","d","D","D","d","D","d","D","D","D","d","D","d","d","d","d","d","D","D","D","D","D","d","D",-1.64473821253732
98,43,10,"Aa",1,"Bb",1,"cc",0,2118,2216,1,-1,1,1,1,1,-1,-1,1,-1,"D","D","d","D","D","d","d","d","D","d","D","D","D","d","d","D","d","d","d","d","d","d","D","d","D","d","d","D","D","d","d","d","d","D","D","D","D","D","D","d","d","d","d","D","d","D","d","D","d",-3.65363120676027
102,43,11,"aa",0,"Bb",1,"CC",2,2119,1727,-1,-1,1,-1,1,1,-1,1,-1,1,"D","d","d","D","D","D","d","d","D","D","D","D","d","D","d","D","d","D","d","d","D","d","D","d","d","d","d","d","D","D","d","D","D","D","D","d","d","D","d","D","d","d","d","D","d","D","d","d","D",2.40499939957298
101,43,12,"aA",1,"Bb",1,"cc",0,2072,1927,1,1,1,-1,1,-1,-1,-1,-1,1,"d","d","D","D","D","D","d","D","d","d","d","d","d","D","d","d","D","D","D","d","D","D","D","d","D","d","d","d","D","d","d","D","d","d","d","D","d","d","D","d","d","D","d","d","d","D","d","D","d",1.37122265720924
103,43,13,"AA",2,"Bb",1,"CC",2,2170,2170,-1,1,1,1,1,1,-1,-1,1,1,"d","D","D","d","d","d","D","D","d","D","D","d","d","d","D","D","D","D","D","D","D","D","D","d","d","d","D","d","D","d","D","D","D","D","D","D","D","D","d","D","D","D","D","D","D","d","d","D","D",-0.890884075614796
96,43,14,"aa",0,"BB",2,"cc",0,2119,2356,-1,-1,1,-1,-1,1,-1,-1,1,1,"d","d","D","D","D","D","D","d","D","D","d","d","d","D","d","d","D","D","D","d","D","d","D","d","D","d","D","d","D","d","D","D","d","d","D","d","d","D","d","d","D","d","d","D","D","d","d","d","d",-1.32096409987284
102,43,15,"aa",0,"Bb",1,"cc",0,2123,1778,1,1,1,-1,-1,-1,1,-1,1,1,"d","d","D","d","D","d","d","D","D","d","d","d","d","D","d","d","D","d","d","D","D","D","d","d","d","d","D","D","d","d","d","d","D","D","d","d","d","D","D","d","d","D","d","d","D","d","d","D","D",0.804236200937932
96,43,16,"AA",2,"Bb",1,"cc",0,2173,2124,-1,-1,-1,-1,1,-1,-1,-1,1,1,"d","d","d","D","D","d","D","d","D","D","D","d","d","D","d","d","D","d","D","D","D","d","d","d","d","d","D","d","D","d","d","D","D","d","D","d","d","D","d","d","d","D","D","d","d","d","d","d","D",0.305281873604977
102,43,17,"Aa",1,"BB",2,"cc",0,2126,1879,-1,1,1,-1,1,-1,1,-1,-1,1,"d","d","d","d","D","D","D","d","D","D","d","d","d","d","D","D","D","d","d","d","D","D","D","d","d","d","d","D","D","d","d","D","d","d","D","D","D","D","d","D","D","D","D","d","d","d","d","D","d",2.08406634143871
97,43,18,"Aa",1,"bb",0,"CC",2,2126,1737,-1,-1,-1,1,1,-1,-1,1,-1,-1,"d","D","D","D","D","D","D","d","D","d","D","d","d","D","d","D","d","d","d","d","d","D","D","d","d","d","d","D","D","d","d","D","D","d","D","D","d","D","D","D","d","D","D","d","d","D","d","D","d",1.13214302720679
101,43,19,"aA",1,"BB",2,"cC",1,2127,2028,-1,-1,1,1,1,-1,-1,-1,1,1,"d","d","D","d","D","d","d","D","d","d","D","D","d","d","d","D","D","D","d","D","D","d","D","d","D","D","D","d","d","d","D","D","D","d","D","d","d","d","D","D","D","d","D","d","d","d","D","D","d",1.97444956326965
96,43,20,"aa",0,"BB",2,"cc",0,2128,2473,-1,-1,1,1,-1,1,-1,-1,1,1,"d","d","d","d","D","d","d","D","d","d","D","D","D","D","D","D","D","d","D","D","D","d","d","d","d","d","D","d","D","d","d","d","d","d","D","D","D","D","D","d","D","D","d","d","D","d","d","d","d",-3.18484722655799
90,43,21,"Aa",1,"bB",1,"Cc",1,2129,1979,-1,-1,-1,-1,-1,-1,1,-1,-1,-1,"d","D","D","d","d","D","d","D","D","d","d","d","d","D","d","d","D","D","D","d","d","D","d","D","d","D","d","D","D","d","D","D","D","d","d","d","d","D","d","d","d","d","D","d","D","D","d","D","d",-1.6619779034652
99,43,22,"aA",1,"Bb",1,"cc",0,2131,1592,1,-1,-1,1,1,-1,1,-1,1,-1,"D","D","D","d","d","d","d","d","d","d","D","D","D","D","d","d","D","d","d","d","D","d","d","d","d","D","d","D","D","D","D","D","D","D","D","d","D","d","d","d","D","d","D","d","d","D","D","d","D",-0.48577454777658
106,43,23,"aa",0,"BB",2,"cC",1,2131,2192,1,1,-1,-1,1,1,1,1,1,-1,"d","D","D","d","D","D","d","d","D","D","D","D","D","D","D","D","d","d","d","D","d","d","d","d","d","D","D","D","D","d","d","D","D","D","d","d","D","d","D","D","D","d","D","d","d","D","d","D","d",2.84979443045677
105,43,24,"aA",1,"bB",1,"Cc",1,2132,2280,1,-1,1,1,1,1,1,-1,1,-1,"D","D","d","D","d","D","d","D","d","d","d","d","D","D","d","D","d","D","d","D","d","D","D","d","d","d","d","d","D","d","D","D","d","D","d","d","D","D","D","d","d","d","d","d","d","D","d","D","D",1.98378741726944
98,43,25,"AA",2,"bB",1,"CC",2,2180,2183,-1,1,-1,-1,1,-1,-1,-1,1,1,"d","D","D","D","d","d","D","D","d","d","D","d","D","D","d","D","d","D","d","d","d","d","D","d","D","D","d","D","d","d","d","d","d","d","d","D","d","D","D","d","d","d","D","d","D","D","d","d","D",0.930403449503506
99,43,26,"aA",1,"bb",0,"cc",0,2085,2136,1,1,-1,1,-1,-1,-1,-1,-1,1,"d","D","D","D","D","d","D","D","d","D","D","d","d","d","d","d","D","D","D","d","d","D","D","d","d","d","d","D","d","D","d","D","D","d","d","D","D","D","D","D","D","D","d","d","d","d","D","d","D",1.48215442430617
104,43,27,"aa",0,"bb",0,"Cc",1,2087,1882,1,1,1,-1,1,-1,1,-1,1,1,"d","d","D","D","d","D","D","d","D","d","D","d","D","D","D","D","D","D","D","D","D","D","D","D","D","D","d","d","D","D","d","d","d","D","D","D","d","D","D","D","D","d","d","D","d","d","d","D","D",0.528714365373499
94,43,28,"aa",0,"Bb",1,"cc",0,2137,2384,-1,-1,-1,-1,1,-1,1,1,-1,-1,"d","d","d","D","D","D","D","D","D","D","D","d","D","d","d","D","d","D","D","D","d","D","d","D","d","d","d","D","d","D","D","d","d","D","d","d","d","D","d","D","D","d","D","D","D","d","D","D","D",-1.42142686397275
100,43,29,"aA",1,"BB",2,"Cc",1,2137,1995,1,-1,-1,1,1,-1,1,-1,1,-1,"D","d","d","D","d","d","d","D","d","D","D","D","d","d","d","D","D","D","d","D","D","D","d","d","D","d","d","D","D","D","D","d","d","d","D","D","d","D","d","d","d","d","D","D","d","d","d","D","D",0.0696126283560475
102,43,30,"aa",0,"bB",1,"cc",0,2089,2131,-1,1,1,-1,1,-1,1,-1,1,1,"D","d","D","D","d","d","D","D","d","D","d","D","d","D","D","d","d","d","d","d","D","D","d","d","d","d","d","d","D","D","D","d","D","D","D","D","d","d","d","d","D","d","d","D","d","d","D","d","D",0.191125014917881
108,43,31,"AA",2,"bb",0,"cC",1,2139,1946,1,-1,1,1,1,-1,1,1,1,1,"D","D","d","d","D","D","D","D","D","D","d","d","D","d","d","d","D","d","D","D","d","D","d","D","D","d","d","D","D","d","D","D","D","d","D","D","d","D","D","d","D","d","D","D","D","d","d","D","D",2.58284329767958
106,43,32,"aA",1,"bB",1,"cc",0,2140,2490,1,1,1,1,1,1,1,-1,-1,-1,"d","D","D","d","d","D","D","D","D","d","d","D","d","d","d","D","d","d","D","D","D","D","D","D","d","d","D","D","D","d","d","D","D","d","D","D","D","d","d","d","D","d","d","D","D","d","D","D","D",2.24439433236391
102,43,33,"AA",2,"Bb",1,"cc",0,2140,2091,1,-1,1,-1,1,1,-1,-1,-1,1,"D","D","D","d","D","D","d","D","D","d","D","d","D","d","d","D","d","d","D","D","D","D","D","D","D","d","d","D","D","d","D","D","D","D","d","d","d","D","D","d","d","D","D","d","D","d","d","D","D",2.87250403726984
101,43,34,"Aa",1,"Bb",1,"CC",2,2142,2244,-1,-1,1,-1,1,-1,1,1,1,-1,"D","D","d","D","D","d","D","d","D","d","d","d","d","d","d","d","D","d","d","D","D","D","d","d","d","d","d","D","d","d","d","D","D","d","d","D","D","D","D","d","d","d","D","D","d","d","d","d","D",1.43568003308935
97,43,35,"Aa",1,"BB",2,"Cc",1,2143,34,-1,-1,1,-1,-1,1,-1,-1,1,-1,"d","D","d","D","d","D","d","d","D","D","D","D","d","D","d","D","d","D","d","d","D","D","d","d","d","D","d","d","d","d","D","D","D","d","D","d","D","d","D","d","d","d","D","d","d","D","d","D","d",1.35010477276401
93,43,36,"aA",1,"bB",1,"CC",2,2144,2344,-1,-1,-1,-1,-1,-1,1,-1,-1,1,"d","d","d","D","d","d","D","D","d","d","d","D","D","D","d","d","d","D","d","d","D","D","D","D","d","D","D","D","D","D","d","D","D","D","d","d","D","d","d","d","d","D","D","D","d","d","d","d","D",-0.436774142151207
98,43,37,"aA",1,"bB",1,"Cc",1,2144,1853,1,-1,-1,1,-1,1,1,-1,-1,-1,"D","d","D","D","D","D","d","D","d","d","D","D","D","D","D","d","d","D","d","d","d","D","D","d","d","D","d","D","d","D","d","D","D","D","d","D","D","d","D","D","D","D","D","d","d","d","d","d","D",0.785471331311219
95,43,38,"aa",0,"bB",1,"cC",1,2194,2241,-1,1,1,-1,-1,-1,1,1,-1,-1,"D","d","d","D","D","d","D","D","d","d","D","d","d","D","D","d","D","d","D","D","D","d","D","d","D","D","d","d","d","d","D","D","D","D","D","d","d","d","d","d","D","d","d","d","d","d","d","D","D",-2.18040493670437
102,43,39,"aa",0,"BB",2,"cC",1,2149,2290,-1,-1,1,1,1,1,-1,1,1,1,"d","D","d","d","D","D","d","D","d","D","D","D","d","D","d","d","d","d","d","d","D","D","D","D","D","d","d","d","D","D","D","D","D","D","d","d","D","D","d","d","D","D","D","d","d","D","d","D","d",-1.71489928308122
101,43,40,"aa",0,"bB",1,"cc",0,2050,1808,-1,-1,1,-1,-1,1,-1,1,1,1,"d","D","d","D","D","d","d","D","d","D","D","D","D","D","D","d","d","d","d","d","D","D","D","D","d","d","d","D","d","d","d","D","D","D","D","D","D","D","d","d","D","D","d","D","D","d","d","d","D",1.41132595768473
98,43,41,"Aa",1,"bB",1,"cC",1,2149,2200,-1,-1,1,1,-1,1,-1,1,1,-1,"d","D","D","d","d","D","D","D","D","D","D","d","D","D","D","d","d","d","d","d","d","D","D","D","d","d","d","D","D","d","D","D","D","D","d","d","D","d","D","d","D","d","D","d","d","D","D","d","D",-1.02941479388629
98,43,42,"aA",1,"bB",1,"cc",0,2150,1995,-1,-1,-1,1,-1,1,1,1,1,-1,"D","d","d","d","d","D","D","d","d","D","D","D","d","D","d","d","D","D","d","D","D","d","d","d","D","d","d","D","D","D","D","d","D","D","D","D","d","d","d","D","d","D","d","d","D","d","d","d","D",-1.29570801942307
102,43,44,"AA",2,"bb",0,"cc",0,2102,2102,-1,-1,1,1,-1,1,1,1,1,-1,"D","D","D","D","D","D","D","d","d","d","d","d","d","D","D","d","d","D","D","d","d","d","D","d","d","d","d","d","d","D","D","d","d","d","d","d","d","D","D","D","D","d","d","D","D","D","D","d","d",0.774987995424168
98,43,45,"AA",2,"bB",1,"cC",1,2152,45,-1,-1,1,-1,1,1,-1,-1,1,1,"D","d","d","D","D","D","D","D","D","D","d","d","D","D","D","d","d","d","d","d","D","D","d","D","D","d","D","D","d","d","d","D","D","D","d","D","D","d","D","D","d","d","D","d","D","d","D","D","d",-1.93680094194192
99,43,46,"Aa",1,"Bb",1,"Cc",1,2153,2056,-1,1,1,-1,-1,1,-1,1,1,-1,"D","D","D","d","D","D","d","d","d","d","D","d","d","d","d","d","D","D","D","d","d","D","D","D","d","D","d","D","D","d","d","d","d","D","d","D","d","D","d","D","D","d","d","d","d","D","d","D","d",-0.210529948823245
97,43,47,"aa",0,"bB",1,"cc",0,2154,2104,1,-1,1,-1,-1,1,-1,-1,-1,1,"D","D","d","D","d","d","D","d","D","D","d","d","d","D","D","D","d","d","D","D","d","d","D","D","D","d","D","D","D","d","D","D","D","d","D","D","D","d","d","D","d","d","d","D","d","d","d","D","D",-0.40996469644628
100,43,48,"AA",2,"bb",0,"cc",0,2155,2350,-1,1,-1,-1,1,1,1,1,-1,1,"D","D","d","D","D","d","D","D","d","d","D","D","d","d","D","D","d","D","D","D","d","d","D","D","D","d","D","D","D","d","d","D","d","d","D","D","d","D","D","D","d","d","D","D","D","D","d","D","d",-1.73808421650186
97,43,49,"AA",2,"Bb",1,"cC",1,2155,2104,-1,-1,-1,-1,-1,1,1,-1,-1,1,"D","D","D","D","d","d","D","D","D","d","d","D","D","d","D","D","d","D","D","D","d","d","D","D","D","d","D","D","D","d","D","D","D","d","D","D","D","d","d","d","d","d","D","D","d","d","D","D","d",1.27492240161287
95,43,50,"Aa",1,"BB",2,"cC",1,2107,2399,-1,-1,-1,1,-1,1,1,-1,-1,-1,"d","D","d","D","d","d","D","D","D","D","D","d","d","d","d","D","d","D","d","d","d","D","D","d","d","d","D","D","d","d","d","d","D","D","D","D","D","D","d","d","d","d","D","D","d","d","D","D","D",-0.455359848153754
99,44,1,"aA",1,"BB",2,"cc",0,2160,2209,-1,1,1,-1,-1,-1,1,-1,1,1,"d","D","d","d","D","d","d","d","d","D","D","D","d","d","D","d","D","D","D","d","d","D","d","d","d","d","d","D","D","d","D","d","d","d","D","d","d","d","D","d","d","D","D","D","D","D","D","d","D",-0.939194646888154
104,44,2,"aa",0,"BB",2,"cC",1,2159,2260,1,-1,1,1,1,1,-1,-1,1,-1,"d","d","D","D","D","D","d","d","D","d","d","D","d","D","D","d","d","d","d","D","d","D","D","d","d","D","d","D","D","d","d","D","D","D","d","D","d","D","D","d","D","d","D","D","d","d","d","d","d",2.1353594999055
98,44,3,"Aa",1,"BB",2,"CC",2,2111,2067,1,1,-1,-1,-1,-1,-1,-1,1,1,"d","d","d","d","d","D","D","d","D","D","D","d","d","d","d","d","D","d","d","d","d","D","d","d","D","d","d","D","D","D","d","D","D","d","d","D","D","d","d","D","D","d","D","d","D","D","D","D","d",0.898456861726253
105,44,4,"Aa",1,"BB",2,"cC",1,2161,2212,1,1,-1,1,-1,1,1,-1,1,1,"d","d","D","D","D","D","D","d","d","d","d","d","D","d","d","D","D","D","d","D","D","D","d","d","D","d","d","d","D","d","D","D","D","D","D","D","d","d","D","d","D","d","D","D","D","D","d","D","D",1.20117665514779
99,44,5,"AA",2,"BB",2,"cC",1,2213,1916,1,1,-1,1,1,1,-1,-1,-1,1,"d","D","d","D","d","d","d","d","d","d","d","d","d","D","D","d","d","d","D","D","d","D","D","d","d","D","D","D","d","D","D","D","D","D","D","D","D","d","D","d","D","d","D","D","D","d","D","D","d",-2.63915123016711
103,44,6,"Aa",1,"BB",2,"cC",1,2163,2208,-1,1,1,1,-1,1,1,-1,1,1,"D","d","D","d","D","D","d","D","D","d","d","D","d","D","d","D","d","d","d","D","d","D","D","D","d","D","D","D","D","d","d","D","D","d","d","d","D","D","D","D","D","d","d","d","d","D","d","D","D",-0.320594719384485
101,44,7,"AA",2,"BB",2,"cC",1,2213,2166,1,1,1,-1,-1,1,1,-1,-1,1,"d","D","d","D","D","d","D","d","D","D","D","d","D","D","d","d","d","d","D","D","d","D","d","D","D","D","d","D","D","d","d","D","d","D","D","D","d","D","d","d","D","d","d","d","D","d","d","d","d",-0.651673549497598
99,44,8,"aA",1,"BB",2,"CC",2,2166,2359,-1,1,1,1,1,-1,1,-1,-1,-1,"D","d","D","D","d","D","D","D","D","D","D","D","d","d","d","D","d","D","d","d","d","D","D","D","d","d","d","d","D","D","d","d","d","D","d","d","d","d","D","D","D","D","D","D","D","d","D","d","d",-0.118508878326464
103,44,9,"aA",1,"bB",1,"cc",0,2117,2213,1,1,1,1,1,-1,1,-1,1,-1,"d","D","D","d","D","D","d","d","d","d","d","D","d","D","D","d","D","D","d","d","D","D","D","d","d","D","D","d","D","d","d","D","D","D","D","d","D","d","d","D","d","d","d","d","D","d","d","d","d",-0.756754632212807
99,44,10,"aA",1,"bB",1,"cC",1,2216,2315,-1,1,1,1,1,1,-1,-1,-1,-1,"D","d","d","D","D","d","D","D","D","D","D","D","d","d","d","d","d","d","d","d","d","D","d","D","D","d","d","D","D","d","D","d","D","D","d","D","d","d","D","D","D","d","D","d","D","d","D","D","D",-0.119759371660693
98,44,11,"aa",0,"BB",2,"cc",0,2168,2075,1,-1,-1,1,-1,-1,-1,1,1,1,"D","d","d","D","D","d","d","D","D","D","D","D","d","D","d","d","D","d","d","D","d","d","d","D","d","D","d","D","D","D","d","D","d","d","D","D","d","D","D","d","d","d","D","D","d","D","D","D","D",-1.02914406425685
100,44,12,"Aa",1,"bB",1,"Cc",1,2170,2455,1,-1,1,1,1,1,-1,-1,-1,-1,"D","D","d","d","D","d","D","d","d","D","D","d","d","d","D","D","d","D","d","D","D","D","d","d","d","D","d","D","d","d","D","D","D","D","D","D","D","D","D","d","D","D","d","d","d","d","D","D","D",0.352939514209067
95,44,13,"aA",1,"BB",2,"Cc",1,2122,2323,-1,1,-1,-1,1,-1,1,-1,-1,1,"d","d","D","D","D","d","d","D","d","d","D","D","d","D","D","d","D","D","d","d","d","d","D","d","d","d","d","D","D","d","d","D","D","D","d","d","D","D","d","D","d","D","d","D","d","d","D","D","d",-2.98242955019427
102,44,14,"Aa",1,"Bb",1,"CC",2,2220,2221,-1,-1,1,1,1,1,-1,-1,1,1,"d","d","d","D","d","d","d","d","d","D","d","D","D","d","D","d","D","d","D","d","d","d","d","D","d","d","d","d","D","d","d","D","d","D","d","d","D","D","D","d","d","d","d","D","D","d","d","D","d",0.330845107092228
101,44,15,"aa",0,"BB",2,"cc",0,2173,2223,-1,-1,-1,-1,1,1,1,1,1,1,"D","d","d","D","D","d","D","d","d","D","d","d","D","D","d","d","D","d","D","d","D","d","d","d","d","d","d","d","d","d","D","D","d","d","d","d","D","d","D","d","d","d","D","d","D","d","D","d","D",-0.0622324926651001
95,44,16,"aa",0,"BB",2,"cC",1,2123,2125,1,-1,-1,1,-1,-1,1,-1,-1,-1,"D","d","D","d","d","d","D","D","d","D","d","d","D","D","d","D","D","d","d","D","d","D","D","D","d","d","d","D","D","d","d","d","D","D","d","d","D","D","D","d","D","D","D","D","D","d","D","D","D",-0.650630618545532
101,44,17,"aa",0,"bB",1,"cc",0,2078,2073,1,-1,1,1,-1,-1,-1,1,1,1,"d","D","D","d","D","D","d","d","D","d","D","d","d","d","d","D","D","D","d","d","D","D","D","d","d","D","d","d","D","d","d","D","D","D","D","D","d","D","D","D","d","D","d","D","D","d","d","D","D",-0.0178880037667169
104,44,18,"Aa",1,"bB",1,"cc",0,2225,2224,-1,1,1,1,1,1,-1,-1,1,1,"D","d","d","D","d","D","D","D","d","d","d","D","D","D","d","d","D","d","D","D","D","D","d","d","d","d","D","D","D","D","D","d","D","d","d","d","d","D","D","D","D","d","D","d","D","d","D","D","d",0.279161057495463
92,44,19,"aa",0,"bB",1,"Cc",1,2176,2226,-1,-1,-1,-1,-1,-1,-1,-1,1,1,"d","D","D","D","d","d","d","d","d","d","d","d","d","D","D","d","d","d","D","D","D","d","d","d","d","d","d","d","D","d","D","D","d","d","D","D","D","d","d","D","D","D","d","d","d","D","d","D","D",-1.31630748796445
100,44,20,"aa",0,"BB",2,"cc",0,2175,2273,-1,1,1,-1,1,-1,1,-1,-1,1,"d","d","D","D","d","d","D","D","d","D","D","d","d","D","d","D","d","d","D","D","d","D","d","D","d","d","d","D","d","d","D","d","d","d","D","d","d","D","D","d","d","d","d","d","d","d","D","d","D",0.391119296340031
96,44,21,"aa",0,"bB",1,"Cc",1,2178,2123,-1,-1,-1,1,-1,-1,-1,1,-1,1,"D","D","d","D","D","D","D","d","D","D","D","d","D","D","D","D","d","d","d","d","d","D","D","d","d","d","d","D","D","d","d","D","D","D","d","d","d","D","D","D","d","d","D","D","d","D","d","D","D",0.407719805291328
93,44,22,"Aa",1,"bb",0,"Cc",1,2178,2228,-1,-1,-1,1,-1,-1,-1,-1,-1,1,"d","D","d","d","D","D","d","D","d","d","D","d","D","D","d","d","D","D","d","d","D","d","D","d","d","d","D","d","d","d","d","D","d","D","D","d","D","D","D","D","D","d","D","D","d","d","D","d","d",-0.430696390968375
93,44,23,"aA",1,"BB",2,"cc",0,2130,2130,-1,-1,-1,-1,-1,-1,-1,-1,1,1,"d","d","D","D","D","D","D","d","d","D","D","d","d","D","D","d","d","D","D","d","d","d","d","d","d","d","d","D","D","d","D","d","d","D","D","d","d","D","D","d","d","d","d","d","d","d","d","D","d",-0.291144054653934
104,44,24,"aA",1,"Bb",1,"Cc",1,2230,1990,1,-1,1,1,-1,1,-1,1,1,-1,"D","d","D","d","D","D","D","d","d","D","d","D","d","d","d","D","D","D","d","d","D","d","d","d","d","d","d","D","d","d","d","D","D","D","D","d","d","D","D","d","d","d","d","d","d","D","d","D","D",2.54527720796286
99,44,25,"aa",0,"BB",2,"cC",1,2231,2381,-1,1,-1,1,-1,1,1,-1,1,-1,"d","d","D","d","d","D","d","d","D","D","D","D","d","d","D","d","D","d","D","D","D","D","D","d","d","d","d","D","d","D","d","D","D","d","d","d","D","D","D","D","d","d","D","d","D","d","d","D","d",-0.732344549138711
100,44,26,"aA",1,"bB",1,"cc",0,2086,1700,-1,1,1,1,1,1,-1,-1,-1,1,"D","D","d","D","d","d","d","D","d","d","D","d","D","d","d","D","d","d","D","D","d","d","d","d","D","D","D","d","D","D","D","D","d","d","d","d","d","d","D","d","d","D","d","D","d","d","D","D","d",-1.12169093057951
105,44,27,"Aa",1,"Bb",1,"Cc",1,2183,2092,1,1,1,1,1,1,-1,-1,1,1,"D","d","D","d","d","D","d","d","D","D","D","D","D","d","d","d","d","d","d","d","D","D","d","D","d","D","d","D","D","d","D","d","d","d","d","D","D","d","D","d","D","d","d","D","D","D","D","D","D",-0.200025663770304
98,44,28,"aa",0,"BB",2,"cc",0,2184,1943,-1,-1,1,1,-1,-1,-1,-1,1,1,"D","d","d","D","d","d","D","d","D","D","D","d","d","D","d","d","d","d","D","D","d","d","D","d","d","d","d","d","D","d","d","D","d","D","d","d","D","D","d","d","d","D","D","d","d","D","D","d","D",0.871723836360383
107,44,29,"aA",1,"bB",1,"cc",0,2186,2185,-1,1,1,1,1,1,1,-1,1,-1,"d","D","D","d","d","D","d","d","D","d","d","d","D","D","d","d","d","d","D","D","d","D","D","d","d","D","d","D","D","d","D","d","d","D","d","D","d","d","D","D","D","d","d","d","D","d","D","D","D",3.6593558157156
104,44,30,"aa",0,"bb",0,"cC",1,2186,2385,-1,1,1,1,1,-1,1,1,-1,1,"d","D","D","d","d","D","d","d","D","d","D","d","D","D","d","D","D","d","D","d","d","D","d","d","d","D","d","D","d","d","D","d","d","D","d","D","d","d","D","D","d","d","d","d","D","d","D","D","d",0.125622790565944
97,44,31,"aA",1,"bB",1,"Cc",1,2188,1943,1,-1,-1,1,1,-1,-1,-1,-1,1,"d","D","D","d","d","d","d","D","D","d","d","D","d","d","D","d","d","d","D","d","d","d","D","D","d","d","D","d","D","d","d","D","d","d","D","D","D","D","D","D","D","D","D","d","d","d","d","D","D",-0.0514217402923559
99,44,32,"aa",0,"BB",2,"Cc",1,2188,2282,1,-1,-1,1,-1,-1,-1,-1,1,1,"d","D","D","d","d","d","d","D","D","D","d","D","d","d","D","d","d","d","d","d","D","d","d","D","D","D","d","d","d","d","d","d","D","d","D","D","D","D","d","D","D","D","d","d","D","D","D","D","D",1.78690247055697
104,44,33,"aa",0,"Bb",1,"CC",2,2239,2042,1,1,-1,-1,1,1,1,-1,-1,1,"D","D","D","d","D","d","d","d","D","d","D","d","D","D","d","D","d","D","d","d","d","d","d","d","d","d","d","D","d","D","d","d","D","d","d","D","D","D","d","d","D","d","d","D","D","d","D","D","d",2.64437477892052
104,44,34,"aA",1,"BB",2,"Cc",1,2142,2190,-1,-1,1,1,1,1,1,-1,-1,1,"D","d","d","d","D","d","d","D","D","d","d","d","D","D","d","d","d","d","d","D","d","D","D","d","D","d","D","d","D","d","d","D","d","d","d","D","D","D","d","d","D","d","d","d","d","D","D","d","D",2.05361810803775
93,44,35,"Aa",1,"Bb",1,"cc",0,2195,2327,-1,-1,-1,-1,1,-1,-1,-1,-1,-1,"d","d","D","d","d","D","D","D","d","d","d","d","D","D","d","d","d","D","d","d","D","D","d","D","d","d","d","d","D","d","D","D","d","D","d","D","d","D","d","D","d","d","D","d","D","d","D","d","D",1.80131612899709
105,44,36,"AA",2,"BB",2,"cC",1,2193,1600,-1,1,1,1,1,1,1,1,-1,1,"d","D","d","D","D","D","D","D","D","d","D","d","D","d","d","d","d","d","d","d","d","d","D","D","d","D","d","d","D","d","D","D","D","D","D","D","D","d","D","D","D","d","d","d","d","d","d","D","D",-0.933104047861139
99,44,37,"aa",0,"BB",2,"cc",0,2194,2339,-1,-1,1,1,-1,-1,1,1,1,-1,"d","d","d","D","d","d","d","d","d","d","d","d","D","D","d","D","d","D","D","D","D","d","d","d","D","D","D","d","d","d","d","D","d","d","D","d","d","d","D","D","d","d","d","D","D","d","d","D","D",-0.0684514325555894
97,44,38,"AA",2,"Bb",1,"CC",2,2195,1996,-1,-1,1,-1,-1,-1,1,-1,1,-1,"d","d","d","d","D","D","d","D","d","d","D","d","d","d","D","d","d","D","d","d","d","D","D","D","D","d","D","D","D","d","d","D","d","d","d","D","d","D","D","D","D","d","D","d","D","d","d","D","D",1.83533458501031
98,44,39,"AA",2,"bB",1,"cc",0,2196,2195,1,-1,-1,-1,1,1,-1,-1,1,-1,"D","D","d","d","d","D","d","D","D","D","d","D","d","D","d","d","d","d","D","d","d","d","D","D","D","d","d","D","D","d","d","d","D","d","d","D","d","D","D","d","D","d","d","d","d","D","d","d","d",0.719605248712672
102,44,40,"aa",0,"bb",0,"cc",0,2196,2099,1,1,-1,1,1,-1,1,-1,1,-1,"d","d","d","D","D","D","d","d","D","d","D","D","D","D","D","d","D","d","d","d","D","d","d","d","d","D","D","D","D","D","D","d","d","D","d","D","d","D","D","d","d","D","d","d","D","d","d","d","d",0.420375837305649
102,44,41,"aa",0,"Bb",1,"Cc",1,2198,2395,1,-1,1,1,1,1,-1,1,1,-1,"d","d","D","D","D","d","D","d","D","d","D","D","D","d","D","d","d","d","D","D","d","d","D","d","D","D","D","d","D","d","d","d","d","d","D","D","D","D","D","D","d","d","d","d","d","d","d","d","D",-1.29691606772145
98,44,42,"AA",2,"bB",1,"Cc",1,2199,1907,-1,1,-1,1,1,-1,-1,-1,-1,1,"D","D","d","d","d","D","D","d","D","d","D","D","d","d","d","d","D","D","d","d","D","D","D","D","d","D","D","D","D","D","D","D","d","d","d","d","D","D","D","D","d","d","D","d","D","d","D","D","d",0.5706204720753
100,44,43,"aa",0,"Bb",1,"Cc",1,2200,2239,-1,1,1,-1,1,1,-1,-1,1,-1,"d","D","D","d","D","D","d","D","d","d","d","d","d","D","D","d","d","d","D","d","D","D","D","d","D","d","d","D","D","d","D","d","d","d","d","D","d","D","d","D","d","d","d","d","D","D","d","D","D",0.760780148728512
98,44,45,"aa",0,"BB",2,"cc",0,2201,2197,-1,-1,1,1,1,-1,-1,1,-1,1,"d","d","d","d","d","d","D","d","d","D","D","D","D","d","d","D","d","d","d","D","d","d","D","D","D","d","D","d","D","D","d","d","d","D","D","d","D","d","d","d","d","d","d","D","D","d","d","D","D",-1.60538616341255
100,44,46,"aA",1,"bb",0,"cC",1,2202,2247,1,-1,1,-1,1,1,1,1,-1,-1,"D","D","D","D","d","d","D","d","D","D","D","D","D","D","d","D","d","d","d","D","d","d","D","d","d","D","d","D","D","d","D","d","d","D","d","D","d","d","D","D","d","d","d","D","d","d","d","D","D",-1.67342039830705
95,44,47,"aA",1,"bb",0,"cc",0,2154,1813,1,1,-1,-1,-1,-1,-1,1,-1,-1,"d","D","D","d","d","d","D","D","d","D","D","d","d","D","D","D","D","d","D","D","D","D","D","D","D","d","D","D","D","d","D","D","D","d","d","d","d","D","d","D","d","d","d","d","d","d","d","D","d",-0.344011690397718
98,44,48,"aa",0,"bB",1,"cc",0,2204,2399,1,-1,-1,-1,1,-1,1,1,-1,-1,"d","d","d","D","d","d","D","D","D","d","D","D","D","d","D","d","d","D","d","d","d","D","d","D","d","d","D","D","D","D","d","D","D","d","D","D","D","D","d","d","d","d","D","d","D","D","D","d","D",0.783986530212951
102,44,49,"AA",2,"bb",0,"cc",0,2254,2254,1,1,-1,-1,1,1,-1,-1,1,1,"D","d","d","d","d","D","D","D","D","D","D","d","d","D","d","D","d","D","D","d","d","d","d","D","D","D","D","D","D","d","d","D","D","d","d","d","d","D","D","d","d","d","d","D","d","d","d","d","d",0.267871001682412
99,44,50,"aA",1,"bB",1,"cc",0,2206,2444,-1,1,1,1,1,-1,1,-1,1,-1,"d","D","d","D","D","d","D","d","D","D","D","d","d","D","D","d","D","D","D","d","D","D","d","D","d","D","D","D","D","d","d","d","d","D","D","D","d","d","D","D","d","d","d","D","d","d","d","D","D",-2.52100311262402
96,45,1,"AA",2,"BB",2,"Cc",1,2207,2110,1,1,-1,-1,1,-1,-1,-1,1,-1,"D","D","d","d","D","D","D","d","d","d","d","D","d","D","d","D","D","d","D","D","D","d","d","D","D","d","d","D","d","D","D","d","D","D","d","d","d","D","d","D","D","D","d","d","d","d","D","d","d",-1.04221621441825
101,45,2,"aa",0,"BB",2,"cC",1,2208,2359,1,1,1,1,1,-1,-1,-1,1,-1,"D","D","D","d","d","d","d","D","D","d","D","d","d","d","d","D","d","d","d","D","d","D","D","d","d","D","d","D","D","d","d","D","d","d","d","d","D","D","D","D","d","d","D","d","d","D","D","D","d",-0.582881302102639
102,45,3,"AA",2,"Bb",1,"cc",0,2209,2413,1,1,-1,1,-1,1,1,-1,1,1,"d","d","D","D","D","d","d","d","d","D","D","D","d","d","d","D","D","D","D","d","d","d","D","d","d","D","d","D","D","D","d","d","d","D","d","D","D","d","d","d","d","D","D","D","D","d","d","D","d",-1.50900251397513
97,45,4,"aA",1,"BB",2,"CC",2,2112,2161,1,-1,-1,1,-1,1,-1,-1,1,1,"d","d","d","d","D","d","d","D","d","D","d","D","d","d","d","D","D","d","D","D","D","d","d","d","D","D","d","d","d","d","d","D","d","D","d","D","D","D","d","d","d","D","d","d","D","D","D","d","D",-2.02952946068191
96,45,5,"Aa",1,"Bb",1,"cc",0,2164,2171,1,-1,1,-1,-1,-1,-1,1,1,-1,"d","d","d","D","d","D","D","d","D","d","D","D","D","d","d","D","D","D","d","d","d","D","d","D","D","d","d","d","D","D","d","D","D","D","D","D","D","D","D","D","d","D","D","D","D","D","d","d","d",-1.31184218701727
98,45,6,"Aa",1,"Bb",1,"CC",2,2358,2454,1,-1,1,-1,1,-1,-1,-1,-1,1,"d","D","D","D","d","D","D","D","d","d","d","D","D","d","D","d","D","D","D","D","D","d","d","d","D","d","D","D","d","d","d","D","D","D","D","D","d","D","d","d","d","D","D","d","d","d","D","D","D",0.494646968900878
100,45,7,"aa",0,"BB",2,"cC",1,2262,1966,-1,1,1,1,-1,-1,-1,1,-1,1,"d","D","d","D","d","D","d","D","d","D","D","d","D","D","d","D","D","D","D","d","D","d","D","d","D","d","D","d","d","d","D","D","D","D","D","D","D","D","D","D","D","D","d","d","D","D","D","d","D",0.285525463537765
102,45,8,"aA",1,"Bb",1,"CC",2,2215,2018,1,1,1,1,-1,-1,1,-1,1,-1,"d","D","d","D","d","D","D","D","d","D","D","d","d","d","D","D","D","D","d","d","D","d","d","d","d","d","D","d","D","d","D","d","D","D","D","D","D","D","d","D","D","d","D","d","D","d","d","d","D",0.400292150526075
97,45,9,"aa",0,"bb",0,"cC",1,2215,1931,1,-1,-1,-1,-1,1,1,-1,-1,1,"d","D","D","D","d","D","D","D","D","D","d","D","D","d","D","d","d","d","D","d","D","d","d","D","D","d","D","d","D","d","D","d","D","D","D","d","d","D","d","D","D","D","d","D","D","D","d","D","d",-0.0884836215215203
103,45,10,"Aa",1,"bb",0,"cC",1,2264,2218,1,1,1,-1,1,-1,-1,1,1,-1,"D","d","D","d","d","d","d","d","D","d","D","d","d","D","d","D","d","D","d","d","D","D","d","d","D","d","d","d","D","D","d","d","d","d","D","d","d","D","D","D","d","D","d","D","D","d","d","d","d",1.03741532339861
98,45,11,"aa",0,"bB",1,"CC",2,2218,2460,1,-1,-1,-1,-1,1,-1,1,1,-1,"d","D","D","d","d","d","D","D","D","d","d","d","d","D","d","D","D","d","D","D","D","d","d","D","d","d","d","d","D","d","d","d","D","D","D","d","d","D","d","d","D","d","d","D","d","D","d","d","D",0.00159980051215602
94,45,12,"aa",0,"bb",0,"cC",1,2218,2219,1,1,-1,-1,-1,-1,-1,-1,-1,1,"D","D","D","D","d","d","d","D","d","D","D","d","D","D","D","D","d","d","D","d","D","d","d","d","d","D","d","d","d","d","d","d","d","D","d","d","D","D","D","d","D","d","D","D","D","d","d","d","D",-1.8543812166562
94,45,13,"aa",0,"bB",1,"cC",1,2169,2267,-1,-1,-1,1,-1,-1,-1,1,1,-1,"D","D","D","D","D","d","D","d","D","d","d","d","d","D","D","d","d","D","d","D","d","D","d","d","D","D","d","d","d","d","d","D","D","D","D","D","d","d","d","D","d","D","d","D","D","d","D","d","d",-1.61837336725712
97,45,14,"aa",0,"Bb",1,"Cc",1,2220,1971,-1,1,1,-1,-1,1,-1,-1,1,-1,"d","d","D","d","d","d","d","D","D","D","D","D","D","d","D","d","D","d","D","d","D","d","D","d","D","d","d","d","D","d","d","d","D","D","d","d","d","D","D","d","d","d","d","D","D","D","d","d","d",-0.65626148482136
95,45,15,"aA",1,"BB",2,"cC",1,2173,2125,-1,-1,-1,1,1,-1,1,-1,1,-1,"d","d","D","D","d","d","D","D","d","D","d","d","D","D","d","D","D","D","d","d","d","d","D","d","d","d","d","d","D","d","d","D","D","d","d","d","D","d","D","D","d","D","D","d","d","d","D","D","D",-2.67088045826241
95,45,16,"AA",2,"bb",0,"cC",1,2172,2171,1,-1,1,-1,-1,-1,-1,1,-1,1,"d","D","d","d","d","D","D","d","D","d","D","d","D","D","D","D","D","D","d","D","D","D","d","d","d","D","d","D","D","D","d","D","D","D","D","d","D","d","D","d","d","d","D","d","D","d","d","D","d",-2.48603762918301
105,45,17,"aa",0,"BB",2,"Cc",1,2273,2123,1,1,-1,-1,1,-1,1,1,-1,1,"d","D","d","d","d","d","d","D","D","D","D","d","d","d","d","d","d","D","d","D","d","d","d","d","d","d","D","D","D","D","d","d","D","D","d","d","d","D","D","D","d","d","D","d","d","D","D","D","D",3.46769076922663
101,45,18,"aA",1,"Bb",1,"cc",0,2224,2225,-1,-1,1,1,1,1,-1,-1,1,1,"d","d","D","D","d","d","d","d","d","D","d","D","d","d","D","D","d","D","d","d","d","d","D","d","d","D","d","D","D","d","D","d","d","D","d","d","D","D","D","D","D","D","D","D","d","D","d","d","d",-0.922963082578046
99,45,19,"AA",2,"bB",1,"cc",0,2225,2028,-1,-1,1,1,1,-1,-1,1,1,1,"d","D","D","D","D","D","d","D","d","D","D","d","D","D","D","D","D","d","D","d","d","D","D","d","D","d","D","D","D","d","D","D","D","d","D","D","D","D","D","D","D","D","D","D","d","d","D","D","d",-2.16074610957002
90,45,20,"aA",1,"BB",2,"cc",0,2226,2031,-1,-1,-1,-1,-1,-1,-1,-1,1,-1,"d","D","d","d","D","d","d","d","D","d","D","D","d","D","d","d","d","D","d","d","D","d","d","d","d","d","D","D","D","D","d","d","d","D","d","D","D","D","d","d","d","d","D","d","d","d","D","d","d",-1.31424001214013
100,45,21,"aA",1,"bb",0,"cC",1,2228,2420,-1,1,-1,-1,-1,1,-1,-1,1,1,"d","D","D","D","d","d","d","d","d","D","d","D","D","d","d","D","D","d","D","d","d","D","D","d","D","D","D","d","D","d","d","d","D","D","D","D","D","D","d","d","D","D","d","D","D","D","d","d","d",2.12439765330379
100,45,22,"AA",2,"bB",1,"CC",2,2180,2468,-1,1,-1,1,1,-1,-1,1,1,1,"D","d","d","D","d","d","D","D","d","d","D","d","d","D","D","D","d","D","D","d","d","D","D","D","d","D","D","D","d","d","d","d","D","D","d","D","D","D","d","d","d","d","D","d","D","D","D","D","d",-1.955468782779
92,45,23,"Aa",1,"Bb",1,"CC",2,2180,1740,-1,-1,-1,1,-1,-1,-1,-1,-1,-1,"D","D","D","D","D","d","D","D","d","d","D","d","D","D","d","d","D","D","D","d","D","D","d","d","D","D","d","D","d","d","d","d","d","D","d","D","d","D","D","d","d","D","d","d","d","D","D","D","d",0.832682472809464
101,45,24,"aA",1,"bb",0,"Cc",1,2230,2180,1,-1,1,-1,1,-1,-1,-1,1,1,"d","d","d","d","D","D","D","D","D","D","d","D","d","d","D","d","D","D","D","d","d","D","d","d","D","d","D","D","D","d","d","D","d","D","D","d","D","d","D","d","d","D","d","d","d","d","D","d","D",1.07529314878074
98,45,25,"aa",0,"Bb",1,"cC",1,2231,2037,-1,1,-1,1,1,-1,1,-1,-1,1,"d","d","D","d","D","d","D","d","D","D","d","d","D","d","d","D","d","D","D","D","D","D","d","d","D","d","d","D","d","D","D","d","d","d","D","d","D","d","d","D","D","d","D","d","D","D","d","D","d",-1.73622896534067
98,45,26,"aa",0,"BB",2,"cc",0,2232,2479,1,-1,-1,1,1,-1,-1,-1,-1,1,"D","D","D","d","d","D","D","d","d","d","d","d","D","d","D","d","d","d","D","D","d","D","d","d","d","d","d","D","D","d","D","d","D","d","d","d","d","d","D","D","D","d","d","D","d","D","d","D","d",0.155764250693788
101,45,27,"aA",1,"Bb",1,"cc",0,2233,2041,-1,-1,-1,-1,1,1,1,1,1,1,"d","D","D","d","d","D","D","d","d","d","d","D","d","d","d","d","D","d","d","D","d","D","D","d","d","D","d","d","D","d","d","d","d","D","d","d","D","D","D","D","d","d","D","d","d","D","D","D","D",-0.748457316628348
94,45,28,"aA",1,"bb",0,"cc",0,2138,2386,1,1,-1,-1,1,-1,-1,-1,-1,-1,"d","D","D","D","D","D","d","d","d","d","D","d","D","d","D","D","d","D","D","D","d","d","d","d","d","d","D","d","D","D","d","d","d","d","d","d","D","D","D","d","d","d","d","d","D","D","d","D","d",-1.95824811700127
106,45,29,"Aa",1,"bB",1,"cc",0,2235,2175,1,-1,1,1,1,1,-1,1,1,1,"d","D","d","d","D","D","d","D","D","D","d","D","d","d","d","d","d","d","d","D","D","d","D","d","D","D","d","d","D","d","d","D","d","d","d","D","D","D","D","d","d","d","D","d","d","d","d","d","d",0.907545321351314
102,45,30,"aa",0,"BB",2,"Cc",1,2189,2494,-1,-1,1,1,1,1,-1,1,-1,-1,"D","D","d","D","D","d","D","d","D","D","D","D","D","d","D","d","d","D","D","d","d","D","d","D","D","D","D","d","D","D","d","d","d","d","D","d","D","D","D","d","d","d","d","D","D","d","D","d","D",2.15085267651272
97,45,31,"AA",2,"Bb",1,"cC",1,2237,2342,-1,-1,-1,-1,-1,1,1,1,-1,-1,"D","D","d","d","D","d","D","d","D","D","D","d","d","d","d","D","D","d","d","d","d","d","d","D","d","D","d","D","D","d","d","D","D","D","D","D","d","d","D","D","D","d","D","D","d","d","d","D","D",1.54185038584269
103,45,32,"aa",0,"BB",2,"cc",0,2238,2185,1,1,1,-1,-1,-1,1,-1,1,-1,"D","d","d","d","d","d","d","D","d","d","d","D","D","d","d","d","D","d","D","d","D","d","D","d","D","D","d","D","D","d","D","D","d","d","d","d","D","D","d","d","D","D","d","d","D","D","D","D","d",3.42920824507299
101,45,33,"Aa",1,"bB",1,"cc",0,2239,2485,1,-1,1,1,1,1,-1,1,-1,-1,"d","d","d","D","D","d","d","d","D","d","d","d","D","D","d","D","d","D","d","d","d","d","D","D","D","D","d","d","d","d","D","d","d","D","d","D","d","D","D","d","D","d","d","D","D","d","d","d","D",-0.229121279238943
94,45,34,"AA",2,"bB",1,"Cc",1,2241,2141,-1,-1,-1,-1,-1,1,-1,1,-1,1,"D","d","d","D","d","d","D","d","D","D","d","D","D","D","D","D","d","D","D","D","D","d","D","D","D","d","D","d","D","D","d","D","d","D","d","D","d","d","D","D","d","d","D","D","D","D","d","d","D",-1.13118559099311
95,45,35,"aA",1,"bb",0,"Cc",1,2290,2436,-1,-1,-1,1,1,-1,1,-1,1,-1,"d","d","d","D","D","d","D","d","d","D","D","d","D","d","D","d","D","d","d","D","d","d","D","D","D","d","d","D","D","D","D","D","D","D","D","d","D","d","d","D","D","d","d","d","d","d","d","D","D",-2.2626686705867
98,45,36,"Aa",1,"bB",1,"Cc",1,2291,2339,1,-1,-1,1,-1,-1,1,1,-1,1,"d","d","d","d","d","D","d","d","d","d","D","d","d","d","d","d","d","d","d","d","D","D","D","d","D","D","D","D","D","d","d","d","D","d","d","d","D","d","D","d","d","D","d","d","D","D","D","D","d",-1.10124230935162
95,45,37,"aA",1,"BB",2,"cc",0,2243,1858,-1,1,1,-1,-1,-1,-1,-1,1,-1,"D","D","d","D","d","D","D","d","d","D","D","d","d","D","D","D","D","D","D","d","d","D","d","D","D","D","d","d","D","d","d","d","D","d","D","d","d","d","d","d","d","d","D","d","D","D","D","D","D",-0.901946735376968
93,45,38,"aA",1,"BB",2,"Cc",1,2244,2142,-1,-1,-1,1,-1,-1,-1,1,-1,-1,"D","d","d","D","d","D","D","d","D","d","d","d","d","d","d","d","d","D","d","d","D","D","D","d","d","d","d","d","d","D","d","D","D","D","D","d","D","D","D","d","d","D","D","d","d","d","d","d","d",-0.153633435770302
96,45,39,"AA",2,"bB",1,"CC",2,2294,2442,-1,-1,1,1,-1,1,-1,-1,1,-1,"d","D","D","d","D","D","d","D","D","d","D","D","d","d","D","d","d","d","d","d","D","D","D","D","D","d","D","D","D","D","d","d","d","d","D","d","D","D","d","D","D","D","d","d","d","d","D","D","d",-1.81643240237784
104,45,40,"Aa",1,"bB",1,"cc",0,2246,2443,-1,1,1,1,1,1,-1,-1,1,-1,"d","D","d","d","d","d","D","d","D","D","D","D","d","d","d","d","d","d","d","d","D","D","d","D","D","d","d","d","D","d","d","d","D","D","D","D","D","d","d","D","d","d","d","D","D","d","d","D","D",2.30037529577803
99,45,41,"aA",1,"bb",0,"CC",2,2246,2437,-1,-1,1,1,1,-1,-1,1,1,-1,"D","D","D","d","d","D","d","d","D","D","D","D","D","D","d","d","D","d","D","d","d","D","D","d","D","d","D","D","D","D","d","d","D","D","d","D","d","d","d","D","D","d","d","D","d","D","d","D","D",-0.761024473370655
100,45,42,"aa",0,"bB",1,"cC",1,2297,2345,1,-1,-1,-1,1,-1,1,-1,1,1,"D","D","d","d","D","D","D","D","D","D","D","d","d","d","D","D","d","d","d","d","d","D","D","D","D","D","d","D","D","D","d","d","d","d","d","d","D","D","d","d","d","d","D","d","d","D","D","D","d",0.0243335409585367
99,45,43,"Aa",1,"bB",1,"cc",0,2249,2449,1,-1,-1,1,-1,-1,1,1,-1,-1,"D","D","d","D","D","D","D","D","D","d","D","d","D","D","D","D","d","d","d","d","d","d","D","d","D","d","d","D","D","d","D","D","D","d","d","D","D","d","D","D","d","D","d","d","d","D","D","D","d",1.14933584225972
96,45,44,"Aa",1,"BB",2,"Cc",1,2250,46,1,-1,1,-1,-1,-1,-1,1,1,-1,"d","D","d","d","d","d","D","D","D","D","d","D","d","D","D","D","d","d","D","d","d","D","d","D","D","d","D","D","D","D","d","D","d","D","d","d","d","D","D","d","d","D","d","D","D","D","D","D","D",-1.55569031668269
102,45,46,"Aa",1,"bb",0,"cC",1,46,2056,1,-1,-1,-1,-1,1,1,1,-1,-1,"D","d","d","d","D","D","d","D","d","d","D","d","d","D","D","d","D","D","D","d","D","D","d","D","D","D","D","D","d","d","D","d","d","d","d","d","d","D","d","d","d","d","d","D","d","D","D","D","d",4.40921120136038
97,45,47,"aA",1,"bb",0,"cc",0,2252,2036,1,-1,-1,1,-1,1,-1,-1,-1,1,"D","D","D","D","d","D","d","d","D","D","D","D","D","D","D","d","D","D","d","d","D","D","D","d","d","d","d","D","D","d","D","D","d","d","d","D","d","D","d","d","d","d","D","D","d","d","d","D","D",-0.729472346651587
107,45,48,"aa",0,"bB",1,"cC",1,2253,2104,1,-1,1,1,1,1,-1,-1,1,1,"D","d","d","d","d","d","D","D","D","d","d","D","D","d","D","D","d","d","d","d","d","D","D","D","D","d","d","d","D","d","D","D","D","D","d","D","D","d","d","D","d","d","d","d","d","D","D","D","d",3.46401468215886
97,45,49,"aa",0,"BB",2,"cc",0,2206,2206,-1,-1,-1,-1,1,1,1,1,-1,-1,"D","D","D","D","D","d","d","d","d","D","D","D","d","D","D","d","d","D","D","d","d","D","D","d","D","D","D","D","d","d","d","d","D","d","D","d","d","d","d","D","D","d","d","D","D","d","d","d","d",-0.848598480012071
97,45,50,"aa",0,"bb",0,"cc",0,2255,2052,-1,-1,1,1,-1,1,-1,1,1,-1,"d","D","d","d","D","d","d","d","D","D","D","d","d","D","d","D","d","d","D","d","d","D","D","D","D","D","d","D","D","D","d","D","d","D","D","D","D","d","d","D","D","d","d","D","d","d","D","D","d",-2.57823044499376
101,46,1,"aa",0,"BB",2,"cC",1,2256,2267,1,1,1,-1,-1,-1,1,1,1,-1,"D","d","D","d","D","D","D","D","D","d","d","d","d","D","D","d","d","d","d","d","d","D","d","d","D","d","d","d","D","d","d","d","D","D","D","d","d","d","D","D","d","D","d","D","d","d","D","D","d",-0.220852854259831
103,46,2,"aA",1,"bB",1,"Cc",1,2208,2211,1,-1,1,-1,1,1,-1,-1,1,1,"d","D","d","D","D","d","d","D","D","d","d","d","d","d","D","d","d","d","D","D","D","D","D","d","d","D","D","D","D","d","D","D","D","d","D","D","D","D","D","D","D","d","d","D","D","D","D","D","d",1.53196629455485
100,46,3,"Aa",1,"Bb",1,"CC",2,2308,2262,-1,1,1,1,1,-1,-1,1,1,-1,"d","D","D","d","D","D","d","d","D","d","d","d","d","d","D","d","D","D","D","d","d","d","D","D","d","D","d","D","d","d","d","d","D","D","D","d","D","D","D","d","D","d","D","D","d","D","D","D","d",-1.37646899873098
100,46,4,"AA",2,"Bb",1,"cC",1,2259,2452,-1,-1,1,1,1,-1,-1,1,1,1,"d","d","D","D","d","d","D","D","d","D","D","d","d","D","D","d","d","D","D","D","D","d","d","d","D","d","d","d","D","d","d","D","d","d","D","d","d","D","D","D","D","D","D","D","d","D","D","D","D",-1.25622433467406
100,46,5,"aA",1,"bB",1,"Cc",1,2162,2161,1,-1,-1,1,-1,1,-1,1,1,1,"d","d","d","d","D","d","D","D","d","D","D","d","d","D","d","D","D","d","D","D","d","D","d","d","D","d","d","d","d","D","d","D","d","D","D","d","D","D","d","D","d","d","D","D","d","D","D","d","D",-1.17425400407463
103,46,6,"AA",2,"BB",2,"cC",1,2261,2460,1,-1,1,1,1,1,1,-1,-1,1,"d","d","D","D","d","D","d","D","D","d","d","d","d","D","d","D","d","d","d","d","D","d","D","d","d","D","d","D","D","D","d","D","D","d","d","d","d","D","d","D","d","D","d","d","D","d","d","D","D",-0.464807680627845
99,46,7,"aA",1,"BB",2,"Cc",1,2311,2360,1,1,1,-1,-1,-1,-1,-1,1,1,"d","D","d","d","D","d","D","d","d","D","d","d","d","d","D","D","d","D","d","D","d","d","D","d","d","D","d","d","D","d","D","D","D","d","D","D","d","D","d","d","D","D","d","D","d","d","d","D","D",-0.0885538043596814
100,46,8,"AA",2,"BB",2,"cc",0,2313,2211,1,-1,1,1,-1,1,-1,-1,-1,1,"d","D","D","D","D","D","d","D","D","d","D","d","d","D","D","d","d","D","D","d","D","d","D","d","d","d","D","D","D","d","D","d","D","D","d","D","D","D","D","D","D","D","D","D","D","D","d","D","d",0.84642585573619
100,46,9,"Aa",1,"bB",1,"cC",1,2264,2217,1,-1,1,-1,1,-1,-1,1,1,-1,"D","d","D","d","d","d","d","d","D","D","D","D","D","D","d","D","D","D","d","d","D","D","d","d","d","d","D","d","D","d","d","d","D","D","d","d","d","D","D","D","d","D","d","D","d","d","d","d","D",0.690094738155981
99,46,10,"AA",2,"bB",1,"Cc",1,2265,2163,1,-1,-1,1,1,1,-1,-1,-1,1,"D","D","d","D","d","D","d","D","D","d","d","D","D","D","D","D","d","D","d","D","D","D","D","d","d","d","d","D","D","d","d","D","D","d","D","D","d","D","D","D","D","D","d","D","D","D","D","D","D",-0.654062025902464
95,46,11,"aA",1,"BB",2,"Cc",1,2267,2364,-1,-1,-1,-1,-1,1,-1,-1,1,-1,"d","D","d","D","d","D","d","d","d","d","d","d","D","D","D","d","D","d","D","d","d","D","D","D","d","d","d","d","d","d","d","D","D","D","D","d","d","D","d","D","D","d","d","D","D","D","d","d","d",1.37737741565742
98,46,12,"aa",0,"bB",1,"CC",2,2267,2174,1,-1,1,1,-1,-1,-1,1,-1,-1,"d","D","D","D","d","D","d","D","d","d","d","d","D","D","D","d","d","d","D","d","d","d","d","D","d","d","d","d","d","d","d","D","D","D","d","d","d","D","D","D","d","d","D","d","d","D","d","d","D",0.494939374783954
100,46,13,"aa",0,"bb",0,"CC",2,2268,2318,-1,1,1,1,1,-1,1,-1,-1,-1,"D","D","D","D","d","d","d","D","D","d","D","D","D","D","d","D","d","D","D","d","d","d","d","D","D","D","d","d","d","d","d","D","d","D","D","d","d","d","d","D","D","d","d","D","d","d","D","d","D",0.269935799218894
97,46,14,"aa",0,"bb",0,"CC",2,2268,2218,-1,1,1,-1,1,-1,-1,1,-1,-1,"d","d","D","D","d","d","d","D","D","d","D","D","d","D","D","D","D","D","d","d","d","d","d","D","d","D","d","d","D","d","d","D","d","D","D","d","d","d","D","D","D","d","d","D","d","d","d","d","d",-0.663209637075927
96,46,15,"Aa",1,"bb",0,"Cc",1,2320,2269,1,1,-1,-1,-1,1,1,-1,-1,-1,"D","D","d","D","D","d","d","d","D","d","d","d","D","D","D","d","d","d","D","D","d","D","d","d","d","D","d","D","d","d","d","d","d","d","d","D","d","D","d","D","D","D","d","D","d","D","d","d","d",-1.09389051912383
102,46,16,"AA",2,"Bb",1,"Cc",1,2271,2270,1,-1,1,-1,-1,-1,-1,1,-1,1,"d","d","d","d","D","D","d","D","D","D","D","D","D","D","d","D","D","d","d","d","d","D","D","d","d","d","d","D","D","d","D","D","D","d","D","D","d","D","D","D","D","D","d","d","D","D","D","D","d",4.44932541215417
97,46,17,"aA",1,"Bb",1,"cc",0,2272,2413,-1,1,-1,-1,-1,1,1,-1,1,-1,"d","d","D","D","D","d","d","d","D","d","D","d","d","d","d","D","D","D","D","d","d","D","D","d","d","d","d","d","D","D","d","D","d","D","D","d","d","d","d","d","d","d","D","D","D","D","d","D","D",-0.388999876230385
101,46,18,"aa",0,"BB",2,"Cc",1,2273,2472,-1,1,-1,-1,-1,1,-1,1,1,1,"D","d","d","d","d","D","d","D","D","d","D","d","d","d","D","d","D","D","d","d","D","D","d","d","d","d","d","d","D","D","d","d","D","D","d","d","d","D","D","D","d","d","d","d","D","D","d","D","D",1.09451646570116
96,46,19,"aA",1,"BB",2,"cc",0,2274,2130,-1,-1,-1,-1,-1,-1,-1,-1,1,1,"d","D","d","d","D","D","D","d","d","D","D","D","d","D","D","D","d","d","D","d","d","d","d","d","d","d","d","d","D","d","d","D","d","d","D","D","d","D","D","d","d","d","d","D","d","D","d","D","D",2.26215788337741
94,46,20,"aa",0,"BB",2,"CC",2,2324,2321,-1,-1,-1,-1,1,-1,-1,-1,1,1,"D","D","D","D","D","d","d","d","d","d","D","d","d","D","d","D","D","d","d","D","d","d","d","d","D","d","d","D","d","D","D","d","D","D","d","d","d","D","D","d","D","D","D","D","D","d","D","d","D",-1.03494985133522
105,46,21,"aa",0,"bb",0,"cc",0,2276,1936,1,1,1,1,1,-1,-1,1,-1,1,"D","D","D","d","D","D","D","D","D","D","D","d","d","D","d","D","D","D","D","d","D","D","d","d","D","D","D","d","D","D","d","D","d","d","d","d","d","D","d","D","d","D","D","D","d","d","d","D","d",1.32598399573603
99,46,22,"aa",0,"bB",1,"cC",1,2229,1697,1,1,-1,-1,-1,1,-1,-1,1,1,"D","d","D","d","d","D","D","d","D","d","D","d","d","d","D","d","d","D","D","d","D","D","D","d","D","d","D","D","D","D","d","d","d","D","d","D","D","d","D","d","d","D","d","d","D","d","d","d","d",-0.696742191214318
100,46,23,"Aa",1,"BB",2,"cC",1,2278,2473,-1,-1,1,1,1,-1,-1,-1,1,1,"d","d","d","d","D","d","d","D","d","D","D","D","D","D","D","d","D","D","D","d","D","d","d","d","d","d","D","d","D","d","D","D","d","D","d","d","D","D","d","D","D","d","d","d","d","d","d","D","d",0.632449420664877
100,46,24,"Aa",1,"Bb",1,"cc",0,2279,2233,1,-1,-1,-1,1,1,-1,1,-1,1,"d","D","D","d","d","d","D","D","d","D","d","d","d","D","d","d","d","d","d","d","d","D","D","d","d","d","d","D","d","d","d","d","d","d","D","D","D","D","D","D","d","d","d","d","d","D","d","D","D",0.473964155482133
100,46,25,"aa",0,"BB",2,"cc",0,2280,1887,1,1,-1,1,1,1,-1,1,-1,1,"D","d","d","d","D","d","D","D","d","d","d","D","D","d","d","d","d","d","d","d","d","D","D","d","D","d","D","d","d","d","d","d","d","d","d","D","D","D","D","d","D","d","D","D","d","d","d","d","d",-3.03293885254159
101,46,26,"Aa",1,"BB",2,"cc",0,2379,2379,-1,1,1,-1,-1,1,-1,-1,1,1,"D","D","D","d","d","d","d","D","D","d","d","d","d","d","d","d","d","D","D","d","d","d","d","d","d","d","d","D","D","d","D","D","d","d","D","D","D","d","d","d","D","D","D","D","D","d","d","d","d",1.23767033395054
103,46,27,"aa",0,"BB",2,"cc",0,2282,2282,-1,1,1,1,-1,1,-1,-1,1,1,"d","D","D","D","D","d","d","D","D","d","d","d","d","d","d","d","d","D","d","D","D","d","d","d","D","d","d","D","d","D","D","d","d","D","D","D","D","D","D","D","D","d","d","d","d","d","D","D","D",1.54601783259012
104,46,28,"Aa",1,"BB",2,"CC",2,2187,2236,1,-1,-1,1,1,1,-1,1,1,1,"D","d","d","D","d","D","D","D","D","d","d","D","d","D","d","d","d","d","D","D","d","d","d","d","D","d","d","D","d","d","d","d","D","d","d","D","d","d","d","D","d","D","D","d","d","d","d","D","D",0.124503277528594
102,46,29,"aa",0,"bB",1,"cc",0,2284,2233,1,-1,1,1,-1,1,1,1,1,-1,"d","d","d","d","D","d","D","d","d","d","d","D","d","D","D","D","D","D","d","d","d","D","D","d","d","d","D","D","d","D","d","D","d","d","D","d","D","d","D","D","d","d","d","d","d","d","d","D","D",-1.15573013937388
98,46,30,"aa",0,"BB",2,"cC",1,2382,2039,-1,-1,1,1,-1,1,1,1,-1,-1,"d","d","d","d","d","D","D","D","D","d","D","D","D","D","D","D","d","d","D","D","D","d","D","d","d","d","d","d","D","D","D","D","D","d","D","d","D","D","d","d","d","d","d","D","D","d","d","D","D",-1.51421968076062
97,46,31,"aA",1,"bb",0,"Cc",1,2286,2433,-1,-1,-1,1,-1,-1,1,1,1,1,"d","D","d","d","d","d","d","D","d","D","D","D","D","d","D","D","D","D","D","d","D","d","d","d","d","d","d","D","d","D","d","d","d","D","d","d","d","D","D","D","d","d","d","D","d","d","d","D","D",-2.42141375051807
103,46,32,"aa",0,"bb",0,"cc",0,2288,2030,1,1,-1,1,1,-1,-1,-1,-1,1,"D","D","d","d","d","d","d","D","d","d","D","d","d","d","d","D","D","D","d","d","D","D","D","D","d","D","D","D","D","D","D","d","D","d","d","d","d","D","D","d","D","D","D","d","d","D","d","D","d",3.18080977917093
98,46,33,"aa",0,"bb",0,"cc",0,2288,2289,-1,1,-1,1,1,-1,-1,-1,-1,1,"d","D","d","D","D","d","D","D","d","d","d","d","d","d","D","D","d","D","D","d","d","D","d","D","D","D","d","d","d","d","D","d","d","d","d","d","D","D","D","d","d","D","d","d","d","D","d","D","D",0.927549662193246
96,46,34,"aA",1,"bB",1,"cC",1,2289,2438,-1,-1,1,1,1,-1,-1,-1,-1,-1,"D","D","D","D","D","D","d","d","d","D","D","D","d","D","d","d","d","d","d","D","d","D","d","D","d","d","d","d","D","d","d","d","D","d","D","D","d","D","d","d","d","D","d","d","D","d","D","D","d",0.00666031941925856
96,46,35,"aA",1,"bb",0,"CC",2,2144,1945,-1,1,-1,-1,-1,1,1,1,-1,-1,"d","d","D","D","d","D","d","D","D","d","d","D","D","D","d","d","d","D","d","d","d","D","D","D","d","D","d","D","d","d","d","D","D","D","d","D","D","d","D","D","d","D","D","D","d","d","D","d","D",-1.11894079791745
95,46,36,"AA",2,"BB",2,"cc",0,2242,2245,-1,-1,1,1,1,-1,-1,-1,-1,-1,"d","d","D","d","D","D","D","D","d","d","D","D","d","d","d","d","D","D","D","d","D","d","d","d","d","D","d","D","D","D","D","d","d","d","D","D","d","D","D","d","D","d","d","D","d","d","d","d","d",-0.0123637970344855
98,46,37,"AA",2,"BB",2,"cc",0,2292,2386,-1,1,1,-1,-1,1,1,-1,-1,-1,"d","D","D","D","d","d","d","D","D","d","D","d","D","d","d","d","d","D","d","d","d","D","d","D","d","D","d","D","D","d","d","d","D","d","d","D","D","d","d","d","D","D","d","D","D","d","d","d","d",0.844503131129326
101,46,38,"Aa",1,"BB",2,"Cc",1,2292,2334,-1,-1,1,1,-1,1,1,1,-1,1,"d","D","D","D","d","d","D","D","d","D","D","d","d","D","D","d","D","d","d","D","d","D","D","D","d","D","d","D","D","d","d","d","d","d","D","D","D","d","d","d","d","d","d","D","d","d","d","d","D",-0.67398439307058
97,46,39,"AA",2,"bB",1,"CC",2,2294,1994,-1,-1,1,1,-1,1,-1,1,-1,-1,"D","D","d","D","d","d","d","D","d","d","D","D","d","d","d","d","D","d","D","d","d","D","d","D","D","D","d","d","d","D","d","d","D","d","D","D","d","D","d","D","D","D","D","d","d","d","d","D","D",-0.440814044923988
97,46,40,"aa",0,"Bb",1,"cC",1,2295,2299,-1,1,-1,-1,-1,1,-1,-1,-1,1,"d","D","D","D","d","D","D","d","D","D","D","d","D","D","D","D","d","d","d","d","d","d","d","D","d","d","D","d","D","D","d","d","D","D","d","d","D","d","D","D","d","d","D","d","d","D","d","D","D",1.2685352512127
97,46,41,"Aa",1,"bb",0,"Cc",1,2247,2393,-1,-1,-1,1,1,-1,1,-1,-1,1,"d","D","D","d","D","d","d","D","D","D","d","D","D","d","d","d","D","d","d","d","d","D","D","d","d","d","D","D","D","D","d","d","d","d","d","d","D","D","d","d","D","d","d","D","D","d","D","D","d",-0.0531623708622502
103,46,42,"aa",0,"bB",1,"cc",0,2297,2197,1,-1,-1,1,1,1,1,-1,1,1,"d","D","D","d","d","D","D","D","d","D","d","d","D","d","D","D","d","D","d","d","d","D","D","D","D","d","d","D","D","d","d","D","D","D","d","d","d","D","d","d","d","D","d","D","D","D","d","d","D",-0.313729992978676
100,46,43,"aa",0,"BB",2,"cC",1,2297,2295,1,-1,-1,1,1,-1,1,-1,1,-1,"d","D","d","d","D","D","D","D","d","D","D","d","d","d","D","d","d","d","d","d","D","D","D","D","D","d","d","D","D","D","D","d","d","d","d","D","D","D","D","d","D","D","d","d","D","D","D","d","D",0.276487135910501
98,46,44,"AA",2,"BB",2,"Cc",1,2300,2392,-1,-1,-1,1,1,-1,1,1,-1,-1,"D","D","d","D","d","d","d","D","D","D","d","D","d","d","D","D","D","d","D","D","D","D","D","D","d","D","d","D","d","d","d","D","D","D","D","d","D","d","D","d","d","d","d","d","d","d","d","d","D",0.450373162182786
100,46,45,"AA",2,"bB",1,"Cc",1,2251,48,-1,-1,1,1,-1,-1,1,1,-1,-1,"d","D","D","d","d","D","D","d","d","D","d","d","D","d","D","d","d","D","d","d","d","D","D","D","d","D","d","D","d","d","d","D","d","d","D","d","D","D","d","d","D","d","d","D","d","D","d","d","d",2.56593863084756
101,46,47,"aa",0,"Bb",1,"cc",0,2301,1602,1,-1,-1,1,1,-1,1,-1,1,1,"D","D","D","d","D","d","D","D","D","D","D","d","d","d","D","d","D","d","d","D","D","D","D","d","D","D","D","D","D","D","D","D","d","d","D","d","d","D","D","d","d","D","D","d","d","d","D","D","D",-0.680694074303781
102,46,48,"aA",1,"bb",0,"cC",1,2302,2104,1,-1,1,-1,-1,1,1,-1,1,1,"d","d","d","d","d","d","D","d","D","D","d","d","d","d","D","D","d","d","d","d","d","D","d","D","D","d","D","d","D","D","D","D","D","d","D","D","D","D","d","d","D","D","d","D","D","d","d","D","d",0.0358237424501823
103,46,49,"Aa",1,"bB",1,"cc",0,2254,2055,1,-1,-1,1,1,-1,-1,1,1,1,"D","d","D","D","D","D","D","D","d","D","D","d","d","D","d","D","d","D","d","d","D","d","D","D","D","D","d","D","d","d","d","D","d","d","D","D","d","D","d","d","d","d","d","d","D","d","D","d","D",1.54907986787463
97,46,50,"aa",0,"bB",1,"CC",2,2304,2303,-1,-1,-1,-1,1,-1,-1,1,1,-1,"d","d","d","D","D","d","d","d","d","D","d","d","D","D","d","D","d","D","D","d","D","D","D","D","d","d","d","d","D","d","d","D","D","d","d","d","d","D","D","D","d","D","d","D","d","D","D","D","d",1.05626482826259
103,47,1,"AA",2,"BB",2,"cC",1,2305,2111,-1,1,1,-1,1,-1,1,1,1,1,"D","D","d","d","D","d","D","d","d","D","D","D","d","D","d","d","D","D","d","D","d","d","D","d","d","d","D","D","D","D","d","d","D","d","D","D","d","D","d","D","d","d","D","D","d","d","D","D","D",-0.300336487386772
97,47,2,"aA",1,"BB",2,"cc",0,2405,2261,1,-1,1,-1,1,1,-1,-1,-1,-1,"d","D","D","d","D","D","d","d","D","d","d","D","D","d","D","d","D","d","d","D","D","D","d","d","d","D","d","D","D","d","D","d","D","d","d","D","d","D","D","D","d","D","D","D","d","D","d","d","d",-0.585336211981955
99,47,3,"aA",1,"bb",0,"cc",0,2307,2405,-1,1,1,1,-1,1,-1,-1,1,1,"d","D","d","d","D","d","D","d","d","d","D","d","d","d","d","D","d","d","d","d","D","d","D","d","d","d","D","d","D","D","D","D","d","d","d","d","D","D","D","D","D","D","d","D","D","D","D","d","D",-2.49107516081355
95,47,4,"Aa",1,"bb",0,"Cc",1,2308,2454,-1,-1,1,-1,1,-1,-1,-1,1,-1,"d","d","D","d","d","D","D","D","d","d","D","d","D","d","D","d","D","d","d","d","D","d","D","D","D","d","D","d","d","d","d","d","D","D","D","d","d","D","d","d","d","D","D","D","D","D","D","D","d",-0.327307774945622
99,47,5,"aA",1,"Bb",1,"Cc",1,2260,2209,-1,1,1,-1,1,-1,-1,1,-1,1,"d","D","d","D","D","d","d","D","d","d","D","D","d","D","d","D","D","d","d","d","d","D","d","d","d","D","D","D","D","d","d","D","D","d","D","D","d","D","d","d","d","D","D","d","D","d","D","d","D",-0.996602929806949
100,47,6,"aA",1,"BB",2,"cC",1,2213,2361,1,-1,1,-1,-1,1,-1,1,-1,-1,"D","D","d","D","D","d","d","d","D","D","D","d","d","D","D","d","d","D","D","D","d","D","D","d","d","d","D","D","D","D","d","D","d","D","d","d","D","D","D","D","D","d","d","d","D","d","d","D","d",2.3133546870405
103,47,7,"aa",0,"Bb",1,"Cc",1,2311,2317,-1,1,1,1,-1,-1,-1,1,1,1,"D","D","d","d","D","d","d","d","d","D","D","d","D","d","d","D","D","d","D","D","D","D","D","d","d","d","d","d","D","d","d","D","D","d","d","D","d","D","d","d","d","D","D","D","D","d","D","D","d",1.59564006507079
96,47,8,"Aa",1,"BB",2,"Cc",1,2312,2167,-1,-1,-1,1,-1,-1,1,-1,1,1,"D","d","d","D","D","D","d","d","D","D","d","D","D","D","D","d","D","D","d","D","d","D","d","d","d","d","d","d","d","D","d","D","D","D","d","D","d","D","d","d","D","d","d","d","d","d","D","D","D",-1.05830704073556
97,47,9,"AA",2,"bb",0,"cc",0,2312,2312,-1,-1,-1,-1,-1,-1,1,-1,1,1,"D","d","d","D","D","D","D","d","d","D","D","d","d","d","D","d","d","D","d","d","d","d","d","d","d","d","d","d","d","D","D","D","D","D","D","D","D","D","D","d","D","d","d","D","D","d","d","D","D",1.82084467137881
98,47,10,"AA",2,"BB",2,"cc",0,2313,2360,1,1,1,-1,-1,1,-1,1,-1,-1,"D","d","D","D","D","D","d","D","d","D","d","d","d","D","D","D","d","d","D","D","D","D","D","d","D","d","d","D","D","d","D","D","D","d","D","D","d","D","d","D","d","D","d","d","d","D","d","d","d",-1.08000614272645
101,47,11,"aA",1,"BB",2,"Cc",1,2314,2410,1,-1,1,1,-1,1,-1,-1,-1,1,"d","D","D","D","d","d","d","d","d","d","d","d","D","d","D","d","D","D","D","d","D","D","d","d","d","d","D","D","d","d","d","D","d","D","d","d","d","D","D","D","d","d","d","D","d","D","D","d","D",1.06892115424231
94,47,12,"aA",1,"Bb",1,"CC",2,2414,2320,-1,-1,1,-1,1,-1,-1,-1,1,-1,"D","D","D","D","d","d","d","d","D","d","d","D","D","D","D","D","d","D","d","d","D","D","D","D","d","d","D","D","d","d","d","d","d","D","d","d","D","D","D","d","d","d","D","D","D","d","D","D","D",-1.09876783410121
101,47,13,"Aa",1,"bB",1,"cc",0,2317,2272,1,-1,1,-1,-1,-1,1,1,1,1,"D","D","d","D","D","d","d","d","d","D","d","D","d","D","d","D","D","D","D","D","D","D","D","d","d","d","d","D","d","d","d","D","d","d","D","d","D","d","d","d","d","D","d","d","D","D","D","d","D",-0.00397680760674257
104,47,14,"Aa",1,"bB",1,"cC",1,2317,2314,1,1,-1,1,-1,1,1,-1,1,1,"d","d","D","D","D","d","d","D","D","D","D","D","D","d","d","D","d","D","D","D","d","D","D","D","d","D","d","D","D","d","D","D","D","d","D","d","D","d","D","d","D","D","d","d","D","D","d","D","D",0.194211355605126
96,47,15,"AA",2,"Bb",1,"cc",0,2417,2270,-1,-1,-1,-1,-1,-1,1,-1,1,1,"d","d","d","d","D","d","d","D","D","d","d","d","D","d","D","D","D","d","D","D","D","d","D","d","d","d","d","D","d","D","D","D","D","D","D","D","d","D","D","d","D","d","d","d","d","D","D","d","D",0.70564321514181
95,47,16,"Aa",1,"bb",0,"cC",1,2320,2176,-1,-1,1,1,-1,-1,1,-1,-1,1,"D","d","d","D","d","d","d","d","d","D","d","d","d","D","D","d","d","d","D","D","d","d","d","d","d","D","d","d","D","d","d","d","D","d","d","D","D","D","D","D","D","D","D","d","d","D","D","d","D",-2.73892078891168
98,47,17,"Aa",1,"bB",1,"cC",1,2272,2128,-1,-1,-1,-1,1,-1,-1,1,1,1,"d","D","d","D","d","D","d","d","D","d","d","d","D","D","D","D","D","D","d","D","D","D","D","d","d","d","d","d","D","D","d","d","d","D","D","D","d","D","D","d","d","d","D","d","d","D","d","D","d",0.182977669816233
96,47,18,"aa",0,"BB",2,"cc",0,2322,2421,-1,-1,-1,1,-1,-1,1,1,-1,1,"d","d","D","D","D","d","d","d","D","d","d","d","d","d","D","d","D","d","d","D","D","D","D","d","D","D","d","d","d","D","D","d","d","D","D","D","D","D","D","d","d","D","D","d","d","d","D","d","D",-1.90929015848929
101,47,19,"aA",1,"BB",2,"cC",1,2323,2070,1,1,-1,1,-1,1,-1,-1,1,-1,"d","d","d","d","d","d","d","d","D","d","D","D","d","D","d","d","d","d","D","d","D","D","D","d","d","d","d","D","D","d","d","D","D","D","d","D","d","D","D","d","D","d","D","d","d","D","D","d","D",1.8522586160163
100,47,20,"aA",1,"Bb",1,"cC",1,2324,2370,-1,1,-1,-1,1,-1,-1,-1,1,-1,"D","D","d","D","d","d","D","D","d","d","d","D","d","D","D","D","D","D","d","D","d","d","D","d","d","D","d","D","D","D","d","d","D","D","D","d","D","D","D","d","D","d","d","D","d","d","d","D","d",4.67159822700392
96,47,21,"aa",0,"BB",2,"Cc",1,2325,2028,-1,-1,-1,1,-1,-1,1,-1,1,1,"d","d","D","D","D","d","d","d","d","D","D","d","D","D","D","D","D","D","D","d","D","d","D","D","d","d","D","D","d","d","D","d","D","d","D","D","d","d","D","d","D","d","D","D","d","D","D","D","D",-1.63656538676079
99,47,22,"aA",1,"Bb",1,"cc",0,2326,2227,-1,-1,-1,1,-1,-1,1,-1,1,1,"d","D","D","D","D","d","d","d","D","d","D","d","d","D","D","D","D","D","D","D","d","D","d","D","d","d","d","d","D","d","D","d","D","d","D","d","d","D","d","d","d","D","d","d","d","D","D","d","d",1.88810571645589
99,47,23,"Aa",1,"BB",2,"cC",1,2425,2328,-1,-1,-1,1,-1,-1,-1,1,1,1,"d","d","D","d","d","D","D","d","d","D","D","D","d","d","d","D","D","D","D","D","D","D","d","D","d","d","D","d","D","d","D","d","d","d","D","D","d","D","D","d","d","d","D","D","D","D","d","D","D",1.4802581198889
100,47,24,"AA",2,"Bb",1,"Cc",1,2328,2428,-1,-1,1,-1,1,1,1,-1,1,1,"d","D","d","d","D","d","d","d","D","D","d","d","D","D","D","D","d","D","d","D","d","d","D","d","D","D","D","D","d","D","d","d","d","D","D","D","D","d","d","D","D","D","d","d","d","d","d","D","D",-1.99081735532914
96,47,25,"aA",1,"Bb",1,"CC",2,2280,2477,-1,-1,1,1,-1,-1,-1,-1,-1,1,"d","d","D","d","D","d","D","d","D","d","D","D","D","d","D","d","d","d","D","d","d","D","d","d","d","d","d","d","D","D","d","d","D","d","d","D","D","D","D","d","D","d","d","D","d","d","d","D","D",0.320166960006488
103,47,26,"Aa",1,"bb",0,"cc",0,2281,2429,1,1,-1,1,1,1,-1,-1,1,-1,"d","d","D","d","D","d","D","D","d","d","D","D","d","D","D","D","D","D","D","d","D","d","D","d","d","d","D","d","D","d","d","D","d","D","d","d","d","d","d","D","d","d","d","d","D","d","d","d","D",1.50706022396272
97,47,27,"aa",0,"BB",2,"CC",2,2331,2375,-1,1,-1,-1,-1,1,1,1,-1,1,"d","d","d","d","D","d","D","d","d","D","D","d","D","d","d","D","D","d","d","d","d","d","d","d","d","D","d","D","d","d","D","D","d","D","D","d","D","d","d","d","d","d","D","D","d","D","d","D","d",-2.82649569154769
103,47,28,"AA",2,"bB",1,"cc",0,2283,2283,-1,1,-1,1,1,-1,1,1,1,1,"d","D","D","d","d","d","d","d","d","d","D","D","D","d","D","d","D","d","D","d","d","d","d","d","D","D","D","D","D","D","D","d","d","D","D","d","D","D","D","d","D","D","d","D","D","d","d","D","D",-0.0230884619940829
94,47,29,"Aa",1,"Bb",1,"cc",0,2333,2336,1,-1,-1,-1,1,-1,-1,-1,1,-1,"d","D","d","D","D","d","D","D","d","d","D","D","D","d","D","d","D","d","D","d","d","d","d","d","D","D","D","D","D","D","d","d","D","d","d","D","d","D","D","d","D","d","D","d","d","d","D","d","D",-1.44694879636169
97,47,30,"aA",1,"bb",0,"cc",0,2334,2237,-1,-1,1,-1,1,-1,-1,1,1,-1,"d","D","d","D","D","D","d","d","D","D","D","d","d","d","D","D","D","d","d","d","D","d","d","d","d","d","D","d","D","d","d","d","D","d","d","D","D","d","D","d","D","d","d","d","D","d","d","D","D",-0.330404519258714
96,47,31,"aA",1,"BB",2,"cC",1,2335,2287,-1,1,1,-1,-1,-1,-1,-1,1,-1,"d","D","d","D","d","d","D","d","d","D","d","d","D","d","D","d","d","d","d","d","d","d","d","D","d","d","d","D","D","d","d","d","d","D","d","D","d","d","D","d","D","d","D","D","d","d","D","D","D",0.474017675611997
96,47,32,"aA",1,"bB",1,"cc",0,2336,2285,-1,-1,-1,1,-1,1,-1,-1,1,1,"d","d","D","d","D","d","D","D","D","D","d","D","D","D","d","d","d","D","d","D","D","d","D","D","d","D","d","D","D","D","D","D","D","d","D","d","d","D","D","D","d","D","D","d","d","d","d","D","d",-1.04660731503583
101,47,33,"AA",2,"Bb",1,"Cc",1,2434,2338,-1,1,1,1,-1,-1,-1,1,1,1,"D","D","d","d","D","d","D","D","D","d","D","D","D","d","D","D","d","d","D","D","d","D","D","D","d","d","d","d","D","d","d","D","d","d","D","D","d","d","D","D","d","d","D","d","D","d","d","D","D",-0.784114154381849
95,47,34,"Aa",1,"bB",1,"Cc",1,2387,2346,1,-1,-1,1,-1,-1,1,-1,1,-1,"D","d","d","D","d","d","D","d","D","D","D","D","D","d","d","d","D","d","D","d","D","D","D","d","D","D","D","D","D","d","d","D","d","D","d","d","d","d","d","D","d","d","D","D","D","d","d","D","D",-2.66728491972731
98,47,35,"Aa",1,"bb",0,"cC",1,2339,2439,-1,1,1,-1,-1,1,-1,-1,1,1,"D","d","D","d","D","D","D","d","D","d","D","D","d","d","d","d","d","D","d","D","D","D","d","D","D","D","d","D","d","d","D","D","d","D","D","D","D","D","d","d","d","d","d","d","d","d","D","D","D",-1.71478139606494
98,47,36,"aa",0,"bb",0,"Cc",1,2387,2391,-1,-1,-1,-1,1,1,1,-1,1,-1,"D","d","D","D","D","d","D","D","D","D","D","D","D","d","D","D","D","d","D","d","d","D","d","d","D","d","D","D","d","d","D","D","D","D","D","D","D","d","D","D","d","d","D","D","d","d","d","D","D",0.116784645345746
96,47,37,"aA",1,"bB",1,"cC",1,2293,2336,1,-1,-1,-1,1,-1,-1,-1,1,1,"d","d","D","D","D","d","d","d","D","d","D","D","D","D","D","D","D","D","D","D","D","d","d","d","D","d","D","d","D","d","D","d","D","d","d","D","d","D","D","d","D","d","D","d","d","d","D","D","D",-1.65754528513573
101,47,38,"Aa",1,"bB",1,"cc",0,2391,2143,-1,1,1,1,1,-1,-1,-1,-1,1,"D","D","D","D","D","D","D","D","D","D","D","D","D","d","D","D","d","D","d","d","d","d","D","D","d","d","D","D","d","D","d","D","d","D","d","d","d","d","d","d","d","d","D","d","d","d","d","D","d",1.87815527306464
98,47,39,"aa",0,"Bb",1,"cC",1,2343,2342,1,-1,-1,-1,1,1,1,1,-1,-1,"d","D","D","d","D","d","d","D","D","d","d","d","D","d","d","d","D","D","d","d","d","d","d","d","D","D","d","D","D","d","d","d","D","D","D","D","d","D","D","D","d","D","D","d","d","d","d","d","D",-1.63268655603856
98,47,40,"aa",0,"BB",2,"Cc",1,2345,2099,-1,1,-1,1,-1,-1,1,-1,1,1,"d","d","d","d","d","D","d","D","D","d","D","d","d","d","D","d","D","d","d","d","D","D","d","d","D","d","D","D","D","d","d","D","d","d","d","D","D","d","d","d","D","d","d","D","D","d","d","d","D",-1.5267837360924
105,47,41,"aa",0,"Bb",1,"CC",2,2345,2146,-1,1,-1,1,-1,1,1,1,1,1,"d","d","d","D","d","D","d","d","D","D","D","d","D","D","d","d","D","d","D","d","d","d","D","d","d","D","D","d","D","d","D","d","d","d","d","D","d","d","d","d","d","d","D","d","D","D","d","D","d",1.28312408445074
102,47,42,"AA",2,"bB",1,"CC",2,2347,1902,1,-1,1,-1,1,-1,1,-1,-1,1,"D","D","d","d","D","d","D","D","D","d","d","D","D","d","D","D","d","D","D","D","d","D","d","d","D","d","D","D","D","d","D","D","D","d","d","d","D","D","D","d","d","d","d","d","D","d","D","d","D",2.7307387064135
101,47,43,"AA",2,"bb",0,"cc",0,2347,2298,-1,-1,1,1,1,-1,1,1,-1,1,"d","d","D","d","d","d","d","D","D","D","d","D","D","D","d","D","D","D","d","D","D","D","d","d","D","d","D","D","d","D","d","d","D","D","d","d","D","D","D","d","d","d","d","d","D","D","D","D","d",-0.507269828813873
96,47,44,"aa",0,"bb",0,"cC",1,2300,2199,-1,-1,-1,-1,-1,-1,1,1,1,1,"D","D","D","D","d","d","D","d","d","D","D","D","d","d","D","d","D","d","D","D","d","D","D","D","D","d","d","D","D","d","D","D","D","D","D","d","d","D","D","d","D","d","d","d","d","d","d","d","D",-1.37765684493421
99,47,45,"Aa",1,"BB",2,"CC",2,2349,2447,-1,1,-1,-1,-1,-1,1,1,1,1,"D","D","D","d","D","d","D","d","d","D","D","D","D","d","d","d","D","D","D","d","D","D","D","D","D","d","D","D","d","d","d","d","D","d","d","D","d","d","d","D","D","d","d","D","d","d","D","d","d",-0.280587521900431
99,47,46,"AA",2,"Bb",1,"Cc",1,46,2400,-1,-1,1,1,-1,-1,1,1,-1,-1,"D","d","d","d","D","D","D","d","d","d","D","d","D","D","d","d","d","D","d","d","d","d","D","D","D","D","d","D","D","d","d","D","D","D","d","D","d","D","D","d","D","D","d","D","d","d","D","D","d",1.77662083161755
100,47,48,"aa",0,"bb",0,"cc",0,2303,2451,1,1,-1,1,1,-1,-1,-1,-1,-1,"D","d","d","D","D","d","D","d","d","d","d","D","D","D","D","d","d","D","d","D","d","D","D","d","D","d","D","D","d","D","d","D","D","d","d","d","d","D","D","d","D","d","D","d","d","D","d","d","D",2.78758400247
92,47,49,"aa",0,"Bb",1,"cc",0,2303,2450,1,-1,-1,1,-1,-1,-1,-1,-1,-1,"D","D","D","d","d","D","D","d","D","D","D","d","d","d","d","d","d","D","D","d","d","d","D","D","D","d","d","D","D","d","d","D","D","d","d","d","D","D","D","d","d","d","d","d","d","D","d","d","D",-1.03867315879912
94,47,50,"Aa",1,"bb",0,"cc",0,2353,2353,-1,-1,-1,-1,-1,-1,1,1,-1,1,"D","D","D","d","d","D","D","d","D","d","D","d","d","D","D","D","D","D","D","d","d","D","D","d","d","d","d","d","d","d","d","d","d","d","D","d","D","D","D","D","D","d","d","d","d","d","d","D","D",-1.03115770204607
104,48,1,"AA",2,"bb",0,"cc",0,2404,2209,1,1,1,1,-1,-1,-1,1,1,1,"d","d","d","D","D","D","d","D","d","d","D","d","D","D","D","D","D","d","d","D","d","d","d","d","d","d","D","d","D","d","D","D","d","d","D","D","D","D","d","d","d","D","D","d","d","D","D","D","D",0.556493403100761
101,48,2,"aa",0,"bB",1,"cc",0,2355,1426,1,1,-1,1,-1,-1,1,1,1,-1,"d","D","d","d","d","D","d","d","d","d","D","D","d","d","D","D","D","D","d","d","d","D","d","d","d","D","d","D","D","d","d","d","d","d","D","d","d","D","D","d","d","d","D","d","d","D","D","d","D",-0.267725881369173
100,48,3,"aa",0,"BB",2,"CC",2,2452,2408,-1,1,1,1,1,1,1,-1,1,-1,"D","D","D","D","D","d","d","d","d","d","d","d","d","D","d","d","d","D","D","D","d","D","D","d","d","d","d","D","D","d","d","d","d","D","d","D","d","D","D","D","D","D","d","D","D","D","D","d","d",-3.65683557708401
102,48,4,"Aa",1,"Bb",1,"Cc",1,2357,2355,-1,1,1,-1,1,-1,-1,1,1,1,"d","D","D","D","d","D","D","d","D","d","d","D","D","d","d","d","D","D","D","d","d","D","d","d","d","d","D","D","d","d","d","D","d","D","D","d","D","d","d","d","d","D","d","D","d","D","D","D","d",0.997520915438621
103,48,5,"AA",2,"Bb",1,"Cc",1,2358,2354,1,-1,1,1,1,-1,1,-1,1,-1,"d","D","d","D","D","D","D","D","D","d","D","D","d","D","d","d","D","D","d","D","D","d","d","d","d","d","D","D","d","d","d","D","d","D","d","D","D","D","d","d","D","D","d","D","D","d","d","D","d",1.06550270894376
98,48,6,"aa",0,"Bb",1,"CC",2,2359,2457,1,-1,1,-1,-1,1,-1,1,-1,1,"d","D","d","d","d","D","D","D","d","D","D","d","D","d","D","D","D","D","d","d","d","D","D","d","D","d","d","D","d","d","d","d","D","d","d","D","D","D","D","d","d","D","D","D","D","D","D","d","d",-1.56458373398168
97,48,7,"Aa",1,"bB",1,"cC",1,2360,2408,-1,1,-1,1,-1,1,1,-1,-1,-1,"d","d","D","D","D","d","d","D","d","d","d","d","d","D","d","d","d","D","D","D","d","D","D","d","d","d","d","d","D","D","d","d","D","D","d","d","d","D","D","D","D","d","d","d","D","D","D","d","d",-0.315295448150674
97,48,8,"Aa",1,"BB",2,"cc",0,2360,2313,-1,1,-1,1,1,-1,-1,-1,1,-1,"d","D","D","D","D","d","D","d","D","d","d","d","d","D","D","d","d","D","D","D","d","D","D","d","d","d","d","d","D","D","d","D","D","D","d","d","d","d","D","d","D","d","D","d","d","d","D","D","d",-0.305831351456047
101,48,9,"AA",2,"BB",2,"Cc",1,2412,2363,1,1,-1,-1,1,-1,1,1,1,-1,"D","D","D","D","d","D","d","d","d","D","d","D","d","d","d","D","d","d","D","D","D","D","D","d","D","d","d","D","d","D","d","d","d","D","D","d","D","d","D","D","D","D","D","D","d","D","d","D","d",-0.261786163416727
103,48,10,"Aa",1,"BB",2,"CC",2,2363,1966,-1,1,-1,1,-1,-1,1,1,1,1,"D","D","D","D","d","D","d","d","d","D","D","d","D","D","d","d","d","D","D","D","D","d","d","D","D","d","D","D","d","D","D","D","d","D","d","D","d","D","d","D","d","D","D","d","D","d","D","D","D",1.34568704952689
102,48,11,"Aa",1,"BB",2,"cC",1,2364,2068,1,-1,-1,1,1,-1,-1,1,1,1,"D","d","d","D","D","d","d","d","D","d","D","D","d","d","d","D","D","D","D","D","D","D","D","d","d","d","D","D","d","D","d","D","d","D","D","d","D","d","D","D","d","D","d","D","D","d","D","D","D",0.295070855372633
95,48,12,"Aa",1,"BB",2,"cC",1,2366,2408,-1,1,-1,1,-1,-1,-1,-1,-1,-1,"D","d","D","d","D","D","d","D","D","D","d","D","d","d","d","d","D","d","D","D","d","D","D","d","d","d","d","D","D","d","d","D","d","D","d","d","d","D","D","D","D","D","d","D","D","d","D","d","d",1.19092846424592
97,48,13,"aa",0,"BB",2,"Cc",1,2414,2309,-1,-1,1,-1,1,-1,-1,-1,1,1,"D","d","D","d","d","d","d","d","D","d","d","d","D","d","d","D","D","d","D","d","D","D","D","D","d","D","D","D","D","d","d","d","D","D","d","d","d","d","d","d","D","D","D","D","D","d","d","D","d",-0.20123100282008
96,48,14,"aA",1,"Bb",1,"cC",1,2367,1729,1,-1,1,1,1,-1,-1,-1,1,1,"d","d","d","D","D","D","d","D","D","d","d","D","d","d","D","D","d","D","D","d","d","d","d","d","d","d","D","D","D","d","D","D","d","d","D","d","d","D","D","D","d","d","D","D","D","d","d","D","D",-5.07510354256068
98,48,15,"aA",1,"Bb",1,"Cc",1,2368,2172,-1,1,1,1,1,-1,-1,-1,-1,-1,"d","D","d","D","D","d","D","D","d","D","D","d","d","D","D","D","D","d","D","d","D","d","D","D","d","d","d","d","D","d","D","d","D","D","D","D","d","d","d","d","d","d","d","D","d","D","D","d","d",0.208059268329097
105,48,16,"aA",1,"BB",2,"cc",0,2369,2213,-1,1,1,1,1,1,1,1,-1,-1,"d","D","D","d","D","d","d","d","d","d","d","d","d","d","D","D","D","D","D","D","D","d","D","D","D","d","d","D","D","D","D","d","D","D","D","d","D","D","d","D","d","D","d","D","D","D","d","D","d",1.46442952238563
101,48,17,"aa",0,"BB",2,"CC",2,2419,2275,1,1,1,-1,-1,1,1,1,1,-1,"D","d","D","D","d","d","D","D","d","D","D","D","D","D","d","d","D","D","D","d","d","D","D","d","d","D","d","d","D","d","d","D","d","d","d","d","D","d","d","d","D","d","d","D","d","d","d","d","D",-2.09944969068874
97,48,18,"AA",2,"BB",2,"cC",1,2371,2375,-1,1,-1,-1,1,1,-1,-1,1,1,"d","d","d","d","D","d","D","D","d","d","D","D","D","D","d","d","D","D","d","d","d","D","d","d","d","D","d","d","d","d","D","d","d","d","D","D","d","d","d","d","D","d","D","d","d","D","D","D","d",-2.45801079221619
100,48,19,"Aa",1,"Bb",1,"cc",0,2372,2473,1,-1,-1,1,1,-1,1,-1,-1,1,"d","d","d","D","D","d","d","D","d","d","D","d","D","d","D","D","D","D","D","d","D","d","d","D","d","d","D","D","D","D","D","d","d","d","D","d","d","D","D","d","D","D","D","D","d","D","d","d","d",0.606892820883485
98,48,20,"aa",0,"Bb",1,"cc",0,2273,2079,1,-1,-1,-1,1,-1,1,-1,1,1,"d","D","d","d","d","D","d","d","d","d","D","d","d","d","d","d","D","D","d","D","d","d","D","d","D","d","d","D","D","D","D","d","D","D","D","d","d","D","D","d","d","D","d","D","D","D","d","D","D",-1.20176157487434
102,48,21,"aa",0,"bB",1,"cc",0,2374,2275,-1,1,1,1,1,-1,-1,1,-1,1,"D","D","d","d","d","d","D","d","d","d","D","D","D","D","d","d","D","D","D","D","d","d","D","d","d","D","d","d","D","d","D","d","d","D","D","d","D","d","d","D","D","d","d","d","d","d","d","d","d",0.627815315684129
101,48,22,"Aa",1,"BB",2,"CC",2,2375,2275,1,1,-1,-1,1,-1,1,1,-1,1,"d","d","d","D","d","D","D","d","d","D","D","D","D","d","d","D","D","D","D","D","d","d","D","d","d","d","d","d","D","d","d","d","d","D","D","d","d","d","d","D","D","D","D","D","d","D","d","d","D",-0.28913191183001
103,48,23,"aa",0,"bb",0,"cc",0,2327,2230,1,-1,1,1,1,1,1,-1,-1,1,"D","D","d","D","d","D","D","d","d","d","D","D","D","D","d","d","d","d","D","D","d","D","d","d","d","d","d","D","D","D","d","d","D","d","d","d","d","d","D","d","d","D","d","D","d","D","D","D","d",-0.990405508095686
102,48,24,"AA",2,"bb",0,"Cc",1,2376,2425,1,-1,1,-1,1,1,-1,-1,1,1,"d","d","D","d","d","D","D","D","D","D","D","d","D","d","d","d","D","D","D","d","D","D","D","d","D","d","d","D","D","d","d","d","d","D","d","d","D","D","D","d","d","D","d","d","D","d","D","D","D",0.264912517301374
101,48,25,"aA",1,"BB",2,"cC",1,2329,2325,-1,-1,1,-1,1,-1,1,1,1,1,"d","D","D","d","d","D","d","d","d","D","D","d","D","d","D","d","D","d","d","D","d","D","d","d","d","d","D","D","D","D","d","d","D","d","d","D","D","d","D","D","d","d","d","D","D","d","D","D","D",-0.729802194482677
102,48,26,"Aa",1,"Bb",1,"cc",0,2379,2423,1,-1,-1,1,1,-1,-1,1,1,1,"d","D","D","d","D","d","D","D","d","d","D","d","d","d","d","d","d","D","D","d","d","D","d","d","d","d","D","D","d","D","D","d","d","D","d","D","D","D","d","d","D","D","d","D","D","d","d","D","d",0.139065222690444
102,48,27,"aa",0,"bB",1,"cc",0,2380,2480,-1,1,1,1,1,-1,-1,1,-1,1,"d","D","D","D","d","d","d","d","D","d","D","d","D","d","d","d","D","d","d","d","d","d","D","d","d","d","D","D","d","d","D","D","d","D","D","d","d","d","D","D","d","d","d","d","D","D","d","D","D",0.602782201981975
99,48,28,"aa",0,"BB",2,"CC",2,2381,2381,1,1,-1,1,1,1,-1,-1,-1,-1,"D","D","d","d","d","d","d","D","D","D","D","D","d","D","D","D","D","D","D","D","D","d","D","d","D","d","d","d","d","D","d","D","D","d","d","D","D","D","D","d","d","d","d","D","D","d","d","d","d",-0.857380195330171
102,48,29,"aa",0,"Bb",1,"cc",0,2382,2135,-1,1,1,-1,1,1,1,1,1,1,"d","d","d","d","D","D","d","d","d","d","D","D","d","D","d","d","d","d","d","D","d","D","D","d","d","d","d","d","d","D","d","D","d","d","d","d","d","D","d","d","d","D","D","D","D","d","d","D","D",-3.57585061579156
105,48,30,"aa",0,"BB",2,"cC",1,2383,2239,-1,1,1,1,1,1,1,1,1,-1,"d","d","d","d","d","D","d","D","d","D","d","d","d","D","D","D","d","d","D","D","d","D","d","d","D","d","d","d","D","D","d","d","d","D","D","d","D","D","d","D","d","D","d","d","D","D","d","D","d",-0.514440423173143
99,48,31,"aA",1,"bb",0,"cc",0,2384,2338,-1,-1,-1,1,-1,-1,1,1,-1,1,"D","D","d","D","D","D","d","D","d","D","D","D","D","d","D","d","d","d","D","d","d","d","D","d","d","d","d","d","D","D","d","d","d","d","D","d","d","D","D","D","d","D","D","d","D","d","d","D","d",1.44764230150536
98,48,32,"aa",0,"bb",0,"cC",1,2384,2337,-1,-1,-1,1,-1,1,1,1,-1,1,"d","d","d","D","D","D","d","D","D","D","D","d","d","d","d","d","d","D","D","d","D","d","D","d","d","d","d","d","d","D","d","d","D","d","D","d","D","D","D","D","D","D","d","d","d","D","d","D","d",-1.41919205246659
98,48,33,"AA",2,"bb",0,"Cc",1,2387,2339,-1,-1,-1,1,1,-1,1,-1,1,-1,"D","d","d","D","d","d","d","D","d","D","D","D","D","d","D","d","d","d","D","d","D","d","d","d","D","d","D","D","D","d","d","D","d","D","D","d","d","D","D","D","d","d","D","D","d","d","d","D","d",0.34663649053114
98,48,34,"aA",1,"bb",0,"CC",2,2387,2387,-1,-1,-1,-1,1,-1,1,1,-1,1,"D","D","D","D","D","d","d","D","d","D","D","d","d","d","d","D","d","d","d","d","d","D","D","d","d","D","d","D","D","d","d","D","D","D","D","D","D","d","D","D","d","d","d","D","D","d","d","D","D",0.213173576530411
98,48,35,"Aa",1,"bb",0,"cc",0,2388,1993,-1,1,1,-1,-1,1,1,1,-1,-1,"D","d","D","D","D","d","d","D","D","D","D","d","d","d","d","D","D","D","d","d","d","d","d","d","d","d","d","D","d","d","d","d","d","d","D","D","D","d","D","d","D","d","d","D","D","d","d","d","d",-1.25121069586143
99,48,36,"aa",0,"bb",0,"Cc",1,2389,2486,-1,-1,1,-1,-1,-1,1,-1,1,1,"d","D","d","d","D","D","D","D","d","D","D","D","D","D","D","d","D","D","D","D","d","d","d","d","D","d","D","D","D","d","d","D","D","D","D","D","D","D","d","D","D","d","d","D","d","d","d","d","D",1.57796026429555
95,48,37,"Aa",1,"bB",1,"cC",1,2340,2295,1,-1,1,-1,-1,-1,-1,1,-1,-1,"d","D","d","D","D","d","D","d","d","D","d","d","d","d","D","d","d","d","d","D","D","d","D","d","D","D","d","D","d","d","D","d","d","d","d","D","d","d","d","d","D","d","d","d","D","d","D","D","D",-0.49107169955452
98,48,38,"AA",2,"bb",0,"cc",0,2441,2446,-1,-1,1,1,-1,1,-1,1,-1,-1,"D","D","d","D","D","d","d","D","d","D","D","d","d","d","D","D","d","D","D","D","d","D","D","D","D","D","D","D","D","D","d","D","D","D","d","D","D","D","D","D","d","d","d","D","d","d","D","D","d",0.607243352440726
103,48,39,"aA",1,"Bb",1,"cc",0,2392,2196,1,1,1,-1,-1,1,1,1,1,-1,"d","d","d","d","D","d","D","D","D","d","D","D","D","D","d","d","d","D","d","D","d","D","D","D","D","D","D","d","d","d","d","D","d","D","d","D","D","D","D","d","d","d","D","d","d","d","d","D","d",-0.848343951153096
99,48,40,"aA",1,"bB",1,"cc",0,2394,2444,-1,1,-1,1,-1,-1,1,-1,-1,-1,"d","d","d","D","D","D","D","d","D","D","D","d","d","D","d","D","D","d","D","d","d","d","d","d","d","D","D","d","D","d","d","d","d","D","D","D","d","D","D","d","d","d","d","d","D","D","d","D","D",3.8238756362531
102,48,41,"aa",0,"bB",1,"cc",0,2394,2345,1,-1,-1,-1,1,-1,1,1,1,1,"d","d","d","D","D","D","D","d","D","D","D","d","d","D","D","D","d","d","d","d","d","D","D","d","d","D","D","D","D","d","d","D","D","d","d","D","D","d","d","d","d","d","D","d","d","D","D","d","D",0.83630161409926
101,48,42,"AA",2,"Bb",1,"cC",1,2444,2298,1,1,1,-1,-1,1,-1,1,-1,1,"d","d","D","D","d","D","d","D","D","D","d","d","D","d","d","D","D","d","d","d","D","d","D","d","D","D","D","D","d","d","D","D","D","d","d","d","D","d","D","d","d","d","d","d","d","d","D","D","d",-0.401608621588694
99,48,43,"aa",0,"bB",1,"cc",0,2394,2343,1,1,-1,1,-1,-1,1,1,-1,-1,"d","d","D","d","d","d","D","d","D","D","d","d","d","D","d","D","D","d","D","d","d","D","d","d","d","D","D","d","D","d","d","D","D","D","D","D","D","d","D","d","d","d","D","d","d","D","d","D","d",-0.949113218571508
99,48,44,"Aa",1,"BB",2,"cc",0,2446,2499,1,-1,-1,1,-1,-1,1,1,1,-1,"D","d","d","D","D","d","d","d","d","D","D","d","D","D","D","d","D","d","D","d","D","D","D","d","D","d","D","D","d","d","D","D","d","d","d","d","D","D","D","d","D","d","d","d","D","D","d","d","D",-0.208444794450534
101,48,45,"aa",0,"bb",0,"cC",1,2398,2498,-1,-1,1,1,1,1,1,-1,1,-1,"D","D","D","D","d","d","D","d","d","D","D","d","D","D","D","D","d","d","D","d","d","d","D","D","D","D","D","d","D","d","d","D","D","D","d","D","d","D","D","d","d","D","d","d","D","d","d","d","d",-0.685936121715983
96,48,46,"aA",1,"Bb",1,"CC",2,2447,2246,1,-1,-1,1,-1,1,1,-1,-1,1,"D","d","D","d","D","D","d","D","d","D","D","D","D","d","d","d","d","D","d","D","d","d","D","D","D","D","d","D","D","d","D","D","d","d","D","d","D","d","d","d","D","D","d","D","D","D","d","d","D",-3.84750289730117
102,48,47,"Aa",1,"bb",0,"cc",0,2400,2448,1,1,1,1,-1,1,1,-1,-1,1,"D","d","d","D","D","D","d","D","D","D","D","D","d","d","d","d","D","d","D","d","d","D","D","D","d","d","d","D","D","d","d","D","D","d","D","D","d","D","D","D","D","d","d","d","d","D","d","d","D",-1.76477466086786
94,48,49,"AA",2,"BB",2,"CC",2,2351,46,-1,-1,-1,1,-1,-1,1,-1,1,-1,"d","d","d","d","d","D","D","D","D","D","d","d","d","D","D","d","d","D","d","d","d","D","d","d","D","d","D","D","D","D","d","d","D","d","d","D","D","D","D","d","d","d","D","d","D","d","D","d","D",-1.95468869831302
96,48,50,"aa",0,"bB",1,"Cc",1,2402,2203,-1,-1,-1,-1,1,1,1,-1,1,-1,"d","D","D","d","D","D","d","D","D","D","d","d","D","D","d","D","d","d","d","D","d","D","d","D","D","d","d","D","D","d","d","D","d","D","d","d","D","d","D","d","D","d","d","d","d","D","d","D","D",-1.59783162515116
98,49,1,"aa",0,"BB",2,"cC",1,2403,1920,-1,1,-1,1,-1,-1,1,-1,1,1,"D","D","D","d","D","D","D","D","D","d","D","d","D","d","D","d","D","D","D","d","D","d","d","d","d","d","d","D","D","d","d","d","D","D","d","D","d","d","d","d","d","D","d","d","d","d","d","D","d",-1.37885966581669
101,49,2,"aa",0,"bb",0,"CC",2,2404,2457,1,1,1,-1,-1,1,-1,1,-1,1,"d","d","d","D","D","D","D","D","d","D","d","d","D","D","d","d","D","d","d","D","d","d","D","d","d","d","d","d","d","d","d","D","d","d","D","D","D","D","D","d","d","D","D","d","D","D","D","D","d",-0.0679404429961283
98,49,3,"AA",2,"BB",2,"Cc",1,2405,2358,-1,-1,1,1,1,1,-1,-1,1,1,"d","D","D","d","D","D","d","d","D","d","d","D","D","d","D","D","d","d","D","d","D","D","d","d","D","D","d","D","D","d","d","d","D","d","D","d","D","D","D","d","d","D","D","D","d","D","D","d","D",-3.20318843212115
98,49,4,"aA",1,"BB",2,"cc",0,2357,2213,-1,1,-1,1,1,-1,-1,-1,1,-1,"d","D","D","D","D","d","d","D","d","D","D","D","d","d","D","D","D","d","D","d","D","D","D","d","D","d","D","D","D","d","d","D","D","D","D","D","d","D","D","d","d","d","d","D","d","D","d","D","D",0.64383892044202
105,49,5,"Aa",1,"bB",1,"cc",0,2407,2256,-1,1,-1,1,1,-1,1,1,1,1,"D","D","d","D","d","d","d","D","D","D","d","d","d","d","d","d","d","D","d","d","d","D","d","d","d","D","d","D","d","D","d","D","d","d","D","D","d","D","D","d","d","D","d","d","D","D","D","d","d",1.31784168307264
101,49,6,"Aa",1,"bb",0,"cc",0,2360,2409,-1,1,-1,1,-1,1,1,-1,1,1,"d","d","d","D","D","d","d","D","D","d","D","d","D","D","d","d","D","D","D","d","D","D","D","D","d","d","d","d","d","D","d","D","D","D","D","d","d","D","D","D","d","D","d","d","D","d","D","d","D",-0.0815660166771989
99,49,7,"Aa",1,"Bb",1,"cC",1,2410,2268,-1,-1,1,1,-1,1,1,1,1,-1,"d","D","D","d","D","d","d","d","d","d","d","D","D","d","D","D","D","D","d","D","d","d","d","D","D","d","d","d","d","d","d","d","D","d","D","d","d","d","d","D","D","D","d","d","D","D","d","d","d",-2.28533486849577
103,49,8,"aA",1,"BB",2,"cC",1,2410,2361,-1,-1,1,-1,-1,-1,1,1,1,1,"d","D","d","d","D","D","d","d","D","d","D","D","D","D","D","D","d","D","D","D","d","d","D","D","d","D","D","d","d","d","d","d","d","d","d","d","D","D","D","d","d","d","d","d","d","D","d","d","d",3.03028577458161
104,49,9,"aA",1,"bb",0,"CC",2,2411,2165,1,-1,1,1,-1,-1,1,1,-1,1,"D","D","d","d","d","D","d","D","D","d","D","d","d","D","d","D","D","d","D","D","D","d","D","d","d","D","D","D","D","d","d","d","D","D","D","D","d","d","D","D","d","d","D","d","D","d","D","d","d",2.73263407598558
103,49,10,"Aa",1,"BB",2,"Cc",1,2412,2362,1,1,-1,1,1,-1,1,-1,1,-1,"d","D","d","D","D","D","d","d","D","D","d","D","d","D","D","D","d","d","D","D","d","D","d","d","d","d","d","D","D","d","d","D","d","D","d","D","D","d","D","D","D","D","D","d","d","D","d","D","D",1.31640956926496
100,49,11,"aA",1,"BB",2,"cC",1,2461,2068,1,-1,1,-1,1,-1,1,1,-1,1,"D","D","d","d","D","D","d","d","D","d","d","d","d","d","d","D","D","d","D","D","d","D","D","d","d","d","d","D","d","d","d","D","d","D","d","D","d","d","D","d","d","d","d","D","D","D","D","D","D",-1.34562079518694
100,49,12,"aA",1,"BB",2,"cC",1,2317,2361,1,-1,-1,-1,-1,1,1,1,1,1,"D","d","d","D","D","d","d","d","D","D","D","D","d","d","D","D","d","D","D","D","d","D","d","d","d","D","D","D","d","d","d","D","d","D","d","d","D","d","D","d","d","D","d","d","d","D","d","D","D",-1.20785766797351
97,49,13,"aA",1,"Bb",1,"Cc",1,2414,2413,-1,1,1,-1,1,-1,-1,-1,1,-1,"D","D","D","D","D","d","d","D","D","d","d","d","d","d","d","D","D","D","d","d","d","d","D","D","d","D","d","d","D","d","D","D","D","d","D","d","D","D","d","d","d","D","D","D","D","D","d","d","d",-0.512890560383231
98,49,14,"Aa",1,"Bb",1,"Cc",1,2368,2222,1,-1,-1,1,-1,-1,1,-1,1,1,"d","D","D","D","D","d","d","d","d","D","D","d","d","d","d","d","D","d","D","D","d","D","D","d","d","d","d","d","D","D","d","d","D","D","D","D","D","D","d","d","D","d","D","D","d","D","D","d","D",-1.84093883684178
95,49,15,"aa",0,"Bb",1,"cc",0,2417,2218,1,1,-1,-1,-1,-1,-1,-1,1,1,"d","d","D","D","D","D","d","D","D","d","D","D","d","D","d","D","D","d","d","d","D","d","d","D","D","d","D","D","D","d","d","d","d","d","D","D","d","D","D","d","d","d","d","d","d","D","D","d","d",-2.72589226375915
102,49,16,"aA",1,"bB",1,"Cc",1,2418,2213,1,1,-1,1,-1,1,1,1,-1,-1,"d","D","D","d","D","d","d","d","d","d","d","D","d","d","D","D","D","D","d","D","D","D","D","d","d","d","d","d","D","d","d","D","D","D","D","d","d","D","d","D","D","d","d","D","D","d","d","D","D",0.995075085386386
91,49,17,"Aa",1,"Bb",1,"cc",0,2370,2320,-1,-1,-1,-1,-1,-1,-1,-1,-1,-1,"D","d","D","d","D","D","d","d","d","d","d","d","d","d","D","D","d","d","d","D","D","D","d","d","d","d","d","D","D","D","d","D","d","D","d","D","D","D","D","D","d","d","D","d","D","D","D","d","D",1.21029549731525
105,49,18,"Aa",1,"bB",1,"Cc",1,2420,1981,1,-1,1,1,1,1,-1,1,1,1,"D","D","D","D","D","d","d","d","D","d","d","D","d","d","D","D","D","D","d","d","d","d","D","D","D","d","d","d","d","d","d","D","d","D","D","D","d","d","d","D","d","d","d","D","D","D","d","d","D",-0.569491785754007
100,49,19,"Aa",1,"BB",2,"cc",0,2372,2365,1,1,-1,-1,1,1,1,1,-1,-1,"d","d","d","D","D","d","D","D","D","d","d","d","D","D","D","D","D","D","d","d","d","d","D","D","d","d","d","D","d","D","d","d","D","d","D","d","d","D","d","d","d","D","D","D","d","d","d","d","d",-1.96303390020192
102,49,20,"Aa",1,"bb",0,"cc",0,2373,2318,-1,1,1,1,1,-1,1,-1,-1,-1,"D","d","D","D","d","d","d","D","D","D","D","D","D","d","d","d","d","D","D","D","d","d","d","D","D","d","d","d","d","d","d","d","D","d","D","d","d","D","d","D","D","D","d","D","d","D","D","d","d",2.13893407451866
101,49,21,"aa",0,"bB",1,"cc",0,2423,2374,-1,-1,1,1,-1,1,1,1,1,-1,"D","D","d","D","d","D","d","d","d","D","d","d","d","d","D","d","d","d","D","d","D","D","d","d","d","d","D","d","D","d","D","d","d","d","D","d","d","d","D","d","d","D","d","D","d","d","D","d","d",-0.0758961907174988
100,49,22,"aa",0,"bB",1,"cc",0,2327,2229,-1,1,1,1,-1,-1,-1,-1,1,1,"d","D","D","D","d","D","d","d","d","d","d","D","D","d","D","d","d","d","D","d","D","D","D","d","d","d","D","D","D","d","d","d","D","d","d","d","D","d","D","d","D","D","D","D","d","D","d","D","D",0.324124284844164
96,49,23,"Aa",1,"bB",1,"cC",1,2425,2426,-1,-1,-1,-1,1,-1,-1,-1,1,1,"D","d","D","d","D","D","d","D","d","D","d","D","d","d","D","D","d","D","d","d","D","D","d","D","d","d","d","D","d","d","d","D","d","d","d","D","D","D","d","d","d","D","D","D","d","d","D","d","D",0.975573081769581
103,49,24,"AA",2,"BB",2,"cc",0,2426,2379,1,-1,-1,1,-1,1,1,-1,1,1,"D","d","D","D","d","d","d","D","d","d","d","d","d","D","D","D","d","d","d","D","d","d","D","D","d","D","D","d","D","d","D","d","d","d","d","d","D","D","D","d","d","D","d","d","D","d","d","d","d",1.41744061027829
96,49,25,"aA",1,"Bb",1,"cc",0,2378,2477,-1,-1,-1,1,1,-1,1,-1,1,-1,"d","d","D","D","d","D","D","d","D","d","D","D","D","D","D","D","d","D","d","D","d","d","d","d","d","d","d","D","D","d","d","d","D","D","d","d","D","d","d","D","D","d","d","D","D","d","d","D","d",-1.96117941542197
103,49,26,"aa",0,"BB",2,"cc",0,2330,2379,-1,1,-1,1,1,1,1,-1,1,1,"d","D","D","d","d","D","D","D","d","D","D","D","d","D","d","D","d","d","D","D","d","D","D","d","d","D","d","D","D","d","D","d","d","d","D","d","D","d","d","d","d","D","D","d","D","D","d","D","D",-0.607436075350161
102,49,27,"Aa",1,"bB",1,"cC",1,2429,2099,1,1,1,1,-1,1,-1,-1,1,1,"d","d","D","D","D","D","d","d","D","D","D","d","d","d","d","D","D","D","d","d","D","D","D","d","d","D","D","D","D","d","d","d","d","D","d","d","D","d","d","D","D","D","D","D","D","D","d","d","D",-1.84278748094051
98,49,28,"aA",1,"Bb",1,"cc",0,2430,2350,-1,1,-1,-1,1,-1,-1,1,1,-1,"D","D","D","D","D","d","D","D","D","D","d","d","D","d","D","d","d","D","D","D","d","d","d","d","D","D","D","d","D","d","d","D","D","d","d","d","D","D","D","d","d","D","D","D","d","D","d","D","d",0.00284446165207001
95,49,29,"Aa",1,"bB",1,"cC",1,2431,2381,-1,1,-1,-1,-1,1,-1,-1,1,-1,"d","d","D","d","d","d","d","D","D","d","D","d","D","d","d","d","D","d","D","D","D","D","D","d","D","d","d","d","d","D","d","d","D","d","d","d","D","D","d","d","d","d","d","D","d","D","d","D","d",-0.79807425155085
104,49,30,"Aa",1,"bB",1,"cC",1,2432,2236,1,-1,1,1,1,1,-1,1,1,1,"D","D","D","D","D","d","D","D","D","d","d","d","d","d","d","d","d","d","D","d","d","D","D","d","D","D","d","D","d","D","d","d","D","D","d","d","d","D","D","D","d","d","d","D","d","d","d","D","D",-1.3701169498199
100,49,31,"aA",1,"bB",1,"CC",2,2483,2438,1,1,-1,1,-1,-1,1,-1,1,-1,"D","D","D","d","D","d","d","D","d","D","D","D","d","D","d","D","d","D","d","D","d","d","d","d","d","d","d","D","D","d","d","D","D","d","D","d","d","D","d","d","D","d","d","d","D","D","D","d","d",0.981696304431343
102,49,32,"aA",1,"BB",2,"CC",2,2483,2483,1,-1,-1,1,-1,-1,1,1,1,1,"d","D","D","d","d","d","d","D","D","d","D","D","D","D","D","D","D","D","D","D","D","d","d","D","d","d","d","d","d","d","d","d","D","d","d","d","d","d","d","d","d","d","d","d","d","D","D","D","D",0.827206995788127
102,49,33,"AA",2,"BB",2,"cC",1,2386,35,1,1,1,1,-1,1,-1,-1,-1,1,"d","D","d","d","d","d","d","d","d","D","d","d","D","d","D","d","d","D","d","D","D","d","D","d","d","D","d","D","d","d","D","d","D","D","d","D","d","D","D","D","d","d","d","d","D","d","d","d","d",0.653673137641088
100,49,34,"Aa",1,"bb",0,"CC",2,2436,2293,-1,-1,1,-1,1,1,1,-1,-1,1,"D","d","d","D","D","D","d","d","D","D","d","D","d","d","D","d","D","d","D","d","d","D","D","D","d","D","d","D","D","d","d","D","D","d","D","d","D","d","D","D","d","d","d","d","d","d","d","D","D",0.487835458877174
101,49,35,"Aa",1,"bb",0,"cc",0,2437,2288,-1,-1,1,1,1,1,1,-1,-1,-1,"D","D","D","D","d","d","d","d","d","D","d","D","d","d","d","D","D","D","D","d","d","D","D","d","D","D","D","D","D","D","d","D","D","D","d","d","d","d","D","D","d","d","D","d","d","d","D","D","d",1.16180543815826
101,49,36,"AA",2,"bb",0,"CC",2,2437,2389,-1,-1,1,1,-1,-1,1,1,-1,1,"d","D","D","D","d","D","d","D","D","D","D","D","d","d","D","D","d","D","D","d","D","D","d","d","d","D","d","D","d","D","d","D","D","D","D","d","D","d","D","d","D","D","D","D","d","d","d","D","d",1.09819965338955
103,49,37,"aa",0,"bb",0,"Cc",1,2439,2440,-1,1,1,1,1,-1,1,-1,-1,1,"D","D","D","d","D","D","d","D","D","D","D","d","d","d","d","d","d","d","D","D","D","d","d","D","d","d","D","d","D","d","D","D","D","D","D","D","D","d","D","d","D","d","d","D","D","D","d","D","D",1.59357589018255
103,49,38,"aa",0,"Bb",1,"cc",0,2440,2385,-1,1,1,1,-1,-1,-1,1,1,1,"d","D","D","D","d","D","D","D","D","D","D","d","D","d","d","d","D","D","D","D","d","d","d","d","d","D","d","D","D","D","D","D","D","D","d","D","d","D","D","D","D","d","d","d","D","d","D","D","D",1.16067116103169
103,49,39,"aa",0,"BB",2,"cc",0,2440,2494,1,1,1,1,-1,1,-1,1,1,-1,"D","D","d","D","D","D","d","D","d","D","D","d","D","d","D","d","D","D","D","D","D","d","D","d","D","D","D","D","D","d","d","D","D","D","d","D","D","d","D","D","d","d","d","D","D","d","d","D","D",-0.338855016835701
99,49,40,"AA",2,"bb",0,"cC",1,2441,1994,1,-1,1,-1,-1,-1,1,1,-1,1,"D","D","d","d","d","d","d","D","D","D","D","d","d","d","d","d","D","D","D","D","d","d","D","D","d","D","D","D","d","D","D","D","d","d","d","d","d","d","d","d","d","d","d","D","D","d","d","D","d",-0.743325368469839
98,49,41,"AA",2,"Bb",1,"cc",0,2444,2500,1,-1,1,-1,-1,1,-1,-1,-1,1,"d","d","d","D","D","D","d","D","d","D","D","d","d","D","D","D","D","d","D","d","d","d","d","d","D","D","D","D","D","d","d","D","d","D","D","d","D","D","D","d","d","d","D","D","d","d","d","D","D",0.934483262842356
97,49,42,"Aa",1,"BB",2,"cC",1,2444,2449,1,-1,-1,1,-1,-1,1,-1,-1,-1,"D","d","d","D","D","D","d","D","d","D","D","d","d","d","D","D","d","D","D","D","D","d","D","D","D","D","d","D","D","d","D","D","d","d","d","d","D","D","D","d","d","d","d","d","d","d","d","D","d",1.25775816011162
98,49,43,"aa",0,"Bb",1,"cC",1,2445,2251,-1,1,-1,1,-1,-1,-1,1,1,-1,"d","d","D","D","D","d","D","d","d","D","D","D","d","d","d","d","d","D","D","d","d","D","D","D","D","D","D","D","D","d","d","d","D","d","d","d","D","D","d","d","D","d","d","d","D","D","d","d","d",0.21484473567726
101,49,44,"aA",1,"Bb",1,"cC",1,2446,2247,1,-1,-1,-1,1,1,1,1,1,1,"D","d","D","D","d","d","d","d","d","D","D","d","D","D","d","d","d","D","d","d","d","D","D","D","d","D","d","D","D","d","D","D","d","d","d","D","d","D","d","d","d","D","d","d","D","D","d","d","D",-2.13468827754424
100,49,45,"aA",1,"bb",0,"Cc",1,2251,2105,1,-1,1,-1,1,1,1,-1,-1,1,"D","d","d","d","d","D","D","D","d","D","d","d","d","D","d","d","d","D","D","d","D","D","D","D","D","D","d","D","D","d","d","D","D","d","D","D","d","d","d","d","d","d","d","D","d","d","d","d","D",-1.6433145394461
101,49,46,"aA",1,"Bb",1,"Cc",1,2447,2058,-1,-1,-1,1,1,1,1,1,1,-1,"D","D","D","d","d","D","D","D","d","d","d","D","d","d","d","d","d","D","D","D","D","D","D","D","d","d","d","d","d","d","D","D","D","d","D","d","D","d","D","D","d","D","d","d","d","D","d","D","D",-0.765691876559669
102,49,47,"aa",0,"bB",1,"cc",0,2448,2396,-1,-1,1,1,-1,1,-1,1,1,-1,"D","d","D","D","d","D","D","d","d","D","D","D","d","d","d","D","d","D","d","d","d","D","d","d","D","D","D","d","D","d","D","D","d","D","D","d","D","D","D","D","d","d","d","d","d","D","D","d","D",2.88326988466358
96,49,48,"aA",1,"bb",0,"cc",0,2450,2500,-1,-1,-1,-1,-1,1,1,-1,-1,1,"d","D","d","d","d","D","d","D","d","D","D","d","d","d","D","d","D","d","D","D","d","D","d","D","D","d","D","D","d","d","d","D","d","d","D","D","D","D","D","d","D","d","D","d","D","d","d","D","D",0.204961585040322
96,49,50,"aa",0,"bb",0,"cc",0,2401,2451,-1,1,1,1,-1,-1,-1,-1,1,-1,"D","D","d","D","d","D","d","d","d","d","d","D","D","D","d","D","d","d","D","d","d","D","d","D","D","d","D","D","d","d","d","D","D","D","d","D","d","d","D","D","D","d","D","D","D","D","d","D","D",-1.35655343017499
105,50,1,"AA",2,"bB",1,"cc",0,2453,2358,-1,1,1,1,-1,1,1,-1,1,-1,"D","D","D","D","D","d","D","D","D","D","d","d","D","D","D","d","d","D","D","D","D","d","d","d","D","d","d","D","D","d","d","d","D","d","D","D","D","D","D","d","D","d","D","d","d","d","d","d","D",3.2547345158474
98,50,2,"aA",1,"bB",1,"CC",2,2454,2306,1,-1,-1,1,-1,-1,-1,1,1,-1,"d","D","d","d","d","D","d","d","D","D","D","D","d","d","d","D","D","d","D","D","d","D","D","D","d","d","d","d","d","d","d","D","D","D","D","d","d","d","D","d","d","d","D","d","D","D","d","d","d",0.178715312706238
94,50,3,"aA",1,"bb",0,"CC",2,2454,2258,-1,-1,1,1,-1,-1,-1,-1,1,-1,"d","D","d","d","d","D","D","d","d","D","D","D","D","D","d","D","d","D","D","D","d","D","d","D","d","D","D","d","D","d","D","d","D","D","D","d","D","D","D","d","d","d","d","D","D","D","D","d","D",-1.61385831706251
100,50,4,"aA",1,"BB",2,"cc",0,2455,2259,1,-1,1,1,1,1,-1,-1,-1,1,"D","d","d","D","D","D","d","D","D","D","D","d","d","d","D","D","d","d","D","D","D","d","d","d","D","d","D","d","d","D","d","D","D","D","d","D","d","D","D","d","D","d","D","d","D","D","D","d","D",-1.23390534898236
102,50,5,"aa",0,"BB",2,"Cc",1,2456,2367,1,1,-1,1,-1,1,1,-1,1,-1,"d","d","d","d","D","D","D","D","D","D","d","d","D","d","d","D","D","D","D","d","D","D","D","d","D","d","d","D","D","D","d","d","D","D","D","d","d","D","D","d","d","D","d","D","d","D","d","d","D",0.529210519723667
103,50,6,"aA",1,"BB",2,"Cc",1,2408,2364,1,-1,1,-1,1,1,-1,1,-1,1,"D","D","d","D","D","d","d","D","D","d","d","d","D","D","D","d","d","D","D","d","D","D","D","d","d","d","d","D","d","d","d","d","D","d","d","d","d","D","d","D","D","d","D","D","D","D","d","d","D",1.4910004753681
102,50,7,"aa",0,"BB",2,"cc",0,2458,2455,-1,1,1,1,-1,1,1,-1,1,-1,"D","D","d","d","D","D","d","d","D","D","D","d","d","d","d","d","d","D","d","d","D","D","d","D","D","D","d","D","D","D","D","d","D","d","D","D","D","d","D","D","D","d","d","D","d","D","D","D","D",0.623908251268307
103,50,8,"aa",0,"Bb",1,"Cc",1,2410,2466,-1,1,1,1,1,-1,1,1,1,1,"D","D","d","d","D","d","D","d","D","D","d","D","D","D","d","D","d","D","D","D","d","d","d","d","D","d","D","d","D","d","d","d","D","d","D","D","d","D","D","D","d","d","d","d","d","D","d","D","d",-2.38364630216581
103,50,9,"AA",2,"Bb",1,"CC",2,2460,2460,-1,1,-1,1,1,1,-1,1,-1,1,"d","D","D","d","d","d","D","D","D","d","d","d","d","d","d","D","d","d","D","D","D","D","D","d","d","d","d","D","D","d","d","D","D","D","D","D","d","D","d","d","D","d","d","D","D","d","d","D","D",1.04393940534138
99,50,10,"aa",0,"Bb",1,"cc",0,2461,2362,-1,-1,-1,1,1,-1,1,1,-1,-1,"d","D","D","D","d","D","D","D","D","d","D","D","d","d","D","d","d","d","D","D","D","D","d","d","d","D","d","D","D","d","d","D","D","d","d","D","D","d","D","d","D","d","d","d","d","D","d","D","D",1.97221836346941
91,50,11,"Aa",1,"bb",0,"CC",2,2465,2267,-1,1,-1,1,-1,-1,-1,-1,-1,-1,"d","D","D","d","D","D","D","D","d","d","d","d","d","d","D","D","d","d","d","d","d","D","D","d","D","D","d","D","d","d","d","D","D","D","D","d","d","D","d","d","D","D","d","D","D","d","D","d","d",-2.41046266469314
104,50,12,"aa",0,"bB",1,"cc",0,2463,2415,1,-1,1,-1,-1,1,1,-1,1,1,"d","d","D","D","d","D","d","D","D","D","D","D","D","D","d","D","d","d","D","D","D","d","D","D","D","d","d","d","D","d","d","D","D","d","d","D","d","D","D","d","d","d","d","d","d","D","d","D","D",2.39438657144823
96,50,13,"aa",0,"BB",2,"cC",1,2415,2459,-1,1,-1,1,-1,-1,-1,-1,1,-1,"d","D","d","D","D","D","D","D","d","d","D","D","D","d","d","d","D","D","D","D","D","D","D","D","D","d","d","d","D","d","D","D","D","D","d","d","D","d","D","d","D","d","D","D","d","d","d","D","D",0.807213678164605
99,50,14,"AA",2,"bB",1,"CC",2,2465,2170,-1,1,1,1,-1,1,-1,-1,-1,-1,"d","d","d","d","d","D","d","D","d","D","D","d","D","D","D","D","D","d","d","D","D","D","D","d","d","d","D","D","d","d","d","D","D","d","D","D","D","D","D","D","d","D","D","D","d","d","d","d","D",1.91894984480029
100,50,15,"aA",1,"bb",0,"Cc",1,2466,2327,1,1,-1,-1,-1,-1,1,1,1,1,"d","D","D","D","D","D","D","D","d","d","d","D","D","d","D","d","d","D","d","d","D","d","d","D","d","D","d","d","D","D","d","D","d","d","d","d","d","D","d","d","d","d","D","D","D","d","D","d","d",-1.41889728035831
102,50,16,"Aa",1,"BB",2,"cC",1,2467,2324,1,-1,1,1,1,1,-1,-1,1,1,"D","d","D","D","D","D","d","D","d","d","D","D","d","D","D","d","D","d","D","d","D","d","d","D","d","D","D","d","D","D","D","d","d","D","d","D","d","D","D","D","d","d","D","d","D","D","d","d","D",-1.51906522149731
101,50,17,"AA",2,"Bb",1,"Cc",1,2468,2425,1,-1,1,-1,-1,-1,1,-1,1,1,"D","d","d","d","d","D","D","d","D","D","D","d","D","D","d","D","D","d","D","D","d","D","D","D","D","d","d","d","D","d","d","D","d","d","D","D","D","d","D","d","d","D","d","D","d","D","d","d","d",1.29309662216635
96,50,18,"Aa",1,"Bb",1,"cc",0,2470,2080,1,-1,-1,-1,1,-1,-1,-1,-1,1,"D","d","d","d","d","D","d","d","d","d","D","d","d","D","D","d","D","d","D","D","d","d","D","d","d","d","d","D","D","D","D","D","d","d","D","d","D","D","D","D","D","d","D","d","d","D","D","d","d",0.563833753835659
105,50,19,"aA",1,"Bb",1,"cc",0,2470,2471,1,-1,-1,1,1,1,-1,-1,1,1,"D","d","D","d","d","D","d","d","d","d","d","d","d","D","D","d","D","d","D","D","D","d","D","d","D","d","d","D","D","D","D","D","d","D","d","d","d","D","d","D","D","d","d","D","d","D","d","d","D",3.2543718941953
100,50,20,"aa",0,"bB",1,"cc",0,2472,2421,1,1,-1,1,1,-1,1,-1,-1,1,"d","D","D","D","D","d","d","d","D","D","d","D","d","D","D","D","d","d","D","D","d","D","D","d","D","d","d","D","D","d","d","d","d","d","D","d","d","D","D","D","d","d","D","D","d","D","D","D","d",-1.40422061975044
102,50,21,"aA",1,"bb",0,"cC",1,2472,2420,1,1,-1,1,1,1,1,-1,-1,-1,"d","D","D","D","D","d","d","d","d","D","d","d","D","D","d","D","D","d","D","d","d","D","d","d","D","d","d","D","d","d","d","d","D","d","D","d","D","D","d","d","D","d","d","D","D","D","d","D","d",0.661731739076922
103,50,22,"aa",0,"BB",2,"cC",1,2474,1832,-1,1,1,1,1,1,-1,1,1,-1,"D","d","D","d","D","d","D","D","D","D","d","D","D","D","D","d","D","D","D","D","D","d","D","D","d","D","d","D","d","D","d","d","d","d","d","D","D","d","d","d","d","D","d","d","d","D","d","d","D",-0.988806691812595
101,50,23,"aA",1,"BB",2,"cc",0,2424,2279,-1,-1,-1,1,1,1,1,-1,1,1,"d","d","D","D","d","D","d","d","D","D","D","d","d","D","d","D","d","D","d","D","d","d","D","d","d","d","d","d","D","d","D","D","D","d","d","D","d","d","d","d","D","D","d","D","D","d","D","d","D",-0.958199722297957
103,50,24,"aa",0,"BB",2,"Cc",1,2427,2424,-1,-1,-1,1,1,1,-1,1,1,1,"d","d","d","D","D","D","D","d","D","d","D","D","d","d","D","D","d","D","d","d","D","d","d","D","d","d","d","d","d","d","d","d","D","d","d","D","D","D","D","d","d","d","D","D","D","D","d","d","D",1.23169365900738
102,50,25,"aa",0,"BB",2,"CC",2,2476,2476,1,-1,1,1,1,1,1,-1,-1,-1,"D","D","D","D","D","d","d","D","D","D","D","d","d","D","d","D","d","D","d","D","D","D","D","D","D","D","d","d","d","d","d","D","D","d","d","D","D","D","d","D","d","D","D","d","d","D","D","D","D",0.602303456296563
99,50,26,"AA",2,"bB",1,"CC",2,2477,2424,-1,-1,1,1,-1,1,-1,1,-1,1,"D","D","d","D","D","D","D","d","D","D","D","D","d","D","D","d","d","d","d","d","D","d","d","d","d","d","d","D","d","D","d","D","D","d","d","d","D","D","d","D","d","D","d","d","d","d","d","D","d",-0.238995020898071
106,50,27,"aa",0,"Bb",1,"cc",0,2478,2380,-1,-1,1,1,1,1,-1,-1,1,1,"D","D","D","d","d","d","d","D","d","D","d","d","d","D","d","D","D","D","D","D","D","d","D","d","D","d","d","D","D","d","d","d","D","d","d","d","d","d","d","D","d","D","d","d","d","d","D","D","D",4.34373387224479
99,50,28,"aA",1,"BB",2,"cc",0,2479,2428,1,-1,1,-1,-1,1,-1,-1,-1,1,"d","D","d","d","D","D","D","d","D","d","d","D","D","D","D","d","d","D","D","d","D","D","d","d","d","d","d","D","d","d","d","D","D","d","D","d","d","D","d","D","D","d","d","d","d","d","d","d","D",1.21040960462529
97,50,29,"aa",0,"BB",2,"Cc",1,2481,2482,-1,-1,1,-1,-1,1,-1,-1,1,-1,"d","D","D","D","d","D","D","D","d","d","D","D","d","D","d","D","d","d","D","D","D","d","d","d","d","D","d","d","D","d","d","d","D","d","D","d","d","d","d","d","D","d","d","D","D","d","D","D","D",1.44560360014633
100,50,30,"aa",0,"BB",2,"Cc",1,2481,2480,1,-1,1,1,-1,-1,-1,1,1,-1,"d","D","d","d","D","D","D","D","d","D","D","d","D","d","d","D","D","D","D","D","d","d","d","d","d","D","D","d","d","D","D","d","d","d","D","D","d","d","D","d","d","d","D","D","D","d","d","d","D",0.623087738789429
105,50,31,"aa",0,"bB",1,"cC",1,2482,2483,1,1,1,-1,1,-1,-1,1,1,1,"d","D","D","D","d","D","d","D","D","D","d","D","D","d","D","D","D","D","D","D","D","d","d","d","d","d","d","D","D","d","d","d","D","D","d","d","d","D","d","d","d","d","d","D","d","D","D","D","d",1.23957555048281
102,50,32,"aa",0,"Bb",1,"cC",1,2484,2092,1,-1,1,1,-1,1,1,-1,1,-1,"D","D","D","d","d","d","d","D","D","d","D","d","D","d","d","d","D","d","d","D","D","D","d","d","d","D","d","D","D","d","D","d","d","d","d","D","d","d","d","d","D","D","D","D","D","d","D","D","d",0.263625759710238
97,50,33,"Aa",1,"bb",0,"CC",2,2436,2336,-1,-1,1,-1,-1,-1,1,1,-1,-1,"d","d","D","D","D","D","D","d","D","d","D","d","D","d","D","d","d","d","D","d","D","D","d","D","D","D","D","D","D","d","D","D","D","d","d","d","d","d","D","D","d","D","D","d","d","d","D","D","D",1.05490954117799
104,50,34,"aA",1,"BB",2,"cC",1,2485,2483,-1,1,1,1,1,-1,1,1,1,1,"d","d","D","D","d","d","d","D","D","d","D","D","D","d","D","d","D","d","D","d","d","D","d","d","d","d","D","D","D","d","d","d","d","D","d","d","d","D","D","d","d","d","d","D","d","d","d","D","D",-1.75867442426957
98,50,35,"aa",0,"Bb",1,"cc",0,2485,2384,-1,-1,1,-1,1,-1,1,1,-1,-1,"d","d","D","D","D","d","D","D","D","D","D","d","d","d","d","D","d","D","D","d","d","D","d","D","d","d","d","d","d","D","D","D","d","D","D","d","d","D","d","d","D","d","D","D","d","d","d","D","D",0.414954518869775
95,50,36,"aA",1,"bB",1,"cc",0,2440,2145,-1,-1,1,-1,-1,-1,1,-1,1,-1,"D","d","d","D","d","D","d","d","D","D","D","d","d","d","d","d","D","D","D","D","d","d","D","D","d","D","d","D","d","d","D","D","d","D","D","D","d","d","D","D","d","d","D","D","D","d","d","D","d",-0.943153469579664
91,50,37,"aA",1,"bB",1,"Cc",1,2486,2195,-1,-1,-1,-1,-1,1,-1,-1,-1,-1,"D","d","d","d","d","D","D","D","D","D","d","D","d","D","D","d","d","d","d","d","D","d","D","D","d","D","d","D","d","D","d","D","D","D","D","d","d","D","D","D","D","d","d","d","d","d","d","d","d",-0.51583761894773
101,50,38,"aA",1,"BB",2,"Cc",1,2488,2444,-1,1,1,-1,-1,-1,1,1,1,-1,"D","d","d","D","D","d","D","D","D","d","D","d","d","d","D","d","D","D","d","D","D","D","d","D","d","d","D","d","D","d","d","D","D","d","D","d","d","D","d","d","d","d","d","d","D","d","d","D","D",1.30095590693153
102,50,39,"AA",2,"bb",0,"cc",0,2490,2441,1,-1,1,1,1,-1,-1,1,-1,-1,"D","D","D","d","d","D","d","d","D","d","D","d","d","d","d","D","D","D","D","D","D","D","D","D","D","D","D","D","D","D","D","D","D","D","d","D","d","D","D","D","D","d","D","D","D","D","d","D","D",2.42557956377658
96,50,40,"AA",2,"bB",1,"cC",1,2491,2294,-1,-1,1,1,1,-1,1,-1,-1,-1,"D","d","D","D","d","D","d","d","D","D","d","D","D","D","d","D","d","d","d","D","d","d","D","d","D","D","D","D","d","d","D","D","d","D","d","D","D","D","d","d","d","d","D","D","d","d","d","D","d",-1.44200115298767
97,50,41,"aa",0,"bB",1,"Cc",1,2443,2341,-1,-1,1,1,-1,1,1,-1,-1,-1,"d","d","D","D","D","D","d","D","d","D","d","d","d","D","d","d","d","D","d","D","D","d","D","d","D","d","D","D","d","d","D","D","D","d","D","D","D","d","d","d","d","d","d","D","D","D","d","d","D",-0.371475065654783
97,50,42,"aa",0,"bB",1,"cC",1,2445,2392,-1,1,-1,1,-1,-1,-1,1,1,1,"D","D","d","D","D","d","D","d","D","D","d","d","d","d","D","d","D","D","D","d","d","D","D","D","D","D","d","D","D","d","d","d","D","d","D","D","D","D","D","d","d","d","d","D","d","d","d","d","D",-2.27819622429942
104,50,43,"aa",0,"Bb",1,"cC",1,2494,2342,1,-1,1,1,1,1,1,1,-1,-1,"D","d","D","D","D","d","D","d","D","D","D","d","D","d","d","d","D","D","d","D","d","D","d","D","d","D","d","D","D","d","d","d","d","d","D","D","d","D","d","d","D","d","D","D","d","D","d","D","D",0.587134901217581
105,50,44,"aa",0,"bb",0,"Cc",1,2495,2397,1,-1,1,1,1,-1,1,1,1,1,"D","D","D","d","D","D","d","D","D","d","D","d","d","d","d","d","d","d","D","d","D","D","D","D","d","d","D","D","D","d","d","d","D","D","d","D","D","d","D","d","D","D","d","D","d","D","D","d","D",-0.974879804568467
102,50,45,"aa",0,"Bb",1,"cc",0,2399,1959,-1,-1,-1,1,-1,1,1,1,1,1,"D","d","d","d","D","D","d","D","D","d","D","d","d","D","D","d","d","d","d","d","D","d","D","d","d","D","d","D","D","d","d","d","D","D","D","D","d","d","D","d","d","D","d","D","D","d","D","D","D",0.790922791581816
94,50,46,"aa",0,"BB",2,"cc",0,2497,2399,1,-1,1,-1,-1,-1,1,1,-1,-1,"d","d","d","D","d","d","D","D","D","D","d","d","D","d","D","D","d","d","d","d","d","d","d","D","d","D","D","D","D","d","d","D","D","D","D","D","D","D","d","d","d","d","D","d","d","D","d","D","D",-3.36878246160893
101,50,47,"AA",2,"bb",0,"Cc",1,2498,2490,-1,1,1,1,-1,1,-1,-1,-1,1,"d","D","D","d","d","D","D","d","d","D","d","D","d","D","d","d","d","D","D","D","D","D","D","D","d","d","D","D","D","d","D","d","D","D","D","d","D","D","d","d","D","d","d","D","d","D","D","d","D",1.2880933314717
102,50,48,"AA",2,"Bb",1,"cc",0,2499,2500,-1,1,1,1,-1,1,1,-1,-1,1,"d","d","d","d","d","d","d","d","D","D","D","d","d","d","D","d","d","D","D","D","d","D","D","D","d","d","D","D","d","d","d","d","d","d","d","d","d","D","D","D","D","d","d","D","d","d","d","D","D",0.517581852867375
106,50,49,"AA",2,"bb",0,"cC",1,2500,2500,-1,1,1,1,1,1,-1,-1,1,1,"d","d","d","D","d","d","d","d","d","D","D","d","d","D","D","D","d","D","D","d","d","D","d","d","D","D","D","d","D","d","d","d","d","d","d","D","D","D","D","d","d","d","d","D","D","d","d","D","D",2.06559161989424
